Car_Number,Arrive,Depart,Wait,Direction
3,0,0,0,E
4,0,0,0,W
5,39,40,1,W
6,48,48,0,E
9,96,120,24,E
8,78,120,42,W
11,117,122,5,W
13,144,144,0,E
14,156,156,0,W
15,192,240,48,E
16,195,240,45,W
20,240,242,2,E
19,234,242,8,W
22,273,274,1,W
23,288,288,0,E
27,336,360,24,E
25,312,360,48,W
28,351,362,11,W
29,384,384,0,E
30,390,390,0,W
34,432,480,48,E
33,429,480,51,W
37,480,482,2,E
36,468,482,14,W
38,507,508,1,W
41,528,528,0,E
43,576,600,24,E
42,546,600,54,W
44,585,602,17,W
47,624,624,0,E
48,624,624,0,W
51,672,720,48,E
50,663,720,57,W
54,720,722,2,E
52,702,722,20,W
56,741,742,1,W
57,768,768,0,E
61,816,840,24,E
58,780,840,60,W
62,819,842,23,W
64,858,858,0,W
65,864,864,0,E
66,897,898,1,W
67,912,960,48,E
70,936,960,24,W
71,960,962,2,E
72,975,976,1,W
74,1008,1008,0,E
75,1014,1014,0,W
79,1056,1080,24,E
77,1053,1080,27,W
80,1092,1092,0,W
81,1104,1104,0,E
84,1131,1132,1,W
85,1152,1200,48,E
86,1170,1200,30,W
88,1200,1202,2,E
89,1209,1210,1,W
91,1248,1248,0,E
92,1248,1248,0,W
95,1296,1320,24,E
94,1287,1320,33,W
98,1326,1326,0,W
99,1344,1344,0,E
100,1365,1366,1,W
102,1392,1440,48,E
103,1404,1440,36,W
105,1440,1442,2,E
106,1443,1444,1,W
108,1482,1482,0,W
109,1488,1488,0,E
113,1536,1560,24,E
111,1521,1560,39,W
114,1560,1562,2,W
116,1584,1584,0,E
117,1599,1600,1,W
119,1632,1680,48,E
120,1638,1680,42,W
123,1680,1682,2,E
122,1677,1682,5,W
125,1716,1716,0,W
126,1728,1728,0,E
129,1776,1800,24,E
128,1755,1800,45,W
131,1794,1802,8,W
132,1824,1824,0,E
133,1833,1834,1,W
136,1872,1920,48,E
137,1872,1920,48,W
140,1920,1922,2,E
138,1911,1922,11,W
142,1950,1950,0,W
143,1968,1968,0,E
146,2016,2040,24,E
145,1989,2040,51,W
147,2028,2042,14,W
150,2064,2064,0,E
151,2067,2068,1,W
154,2112,2160,48,E
152,2106,2160,54,W
157,2160,2162,2,E
156,2145,2162,17,W
159,2184,2184,0,W
160,2208,2208,0,E
164,2256,2280,24,E
161,2223,2280,57,W
165,2262,2282,20,W
166,2301,2302,1,W
167,2304,2304,0,E
171,2352,2400,48,E
169,2340,2400,60,W
174,2400,2402,2,E
173,2379,2402,23,W
175,2418,2418,0,W
178,2448,2448,0,E
179,2457,2458,1,W
180,2496,2520,24,E
181,2496,2520,24,W
183,2535,2536,1,W
184,2544,2544,0,E
187,2574,2574,0,W
188,2592,2640,48,E
189,2613,2640,27,W
191,2640,2642,2,E
193,2652,2652,0,W
194,2688,2688,0,E
195,2691,2692,1,W
198,2736,2760,24,E
197,2730,2760,30,W
200,2769,2770,1,W
202,2784,2784,0,E
203,2808,2808,0,W
204,2832,2880,48,E
206,2847,2880,33,W
208,2880,2882,2,E
209,2886,2886,0,W
211,2925,2926,1,W
212,2928,2928,0,E
216,2976,3000,24,E
214,2964,3000,36,W
217,3003,3004,1,W
218,3024,3024,0,E
220,3042,3042,0,W
222,3072,3120,48,E
223,3081,3120,39,W
225,3120,3122,2,E
226,3120,3122,2,W
227,3159,3160,1,W
230,3168,3168,0,E
232,3216,3240,24,E
231,3198,3240,42,W
234,3237,3242,5,W
236,3264,3264,0,E
237,3276,3276,0,W
239,3312,3360,48,E
240,3315,3360,45,W
242,3360,3362,2,E
241,3354,3362,8,W
245,3393,3394,1,W
246,3408,3408,0,E
249,3456,3480,24,E
248,3432,3480,48,W
251,3471,3482,11,W
253,3504,3504,0,E
254,3510,3510,0,W
256,3552,3600,48,E
255,3549,3600,51,W
260,3600,3602,2,E
259,3588,3602,14,W
261,3627,3628,1,W
264,3674,3720,46,E
265,3687,3720,33,W
268,3748,3748,0,E
267,3747,3748,1,W
270,3822,3840,18,E
269,3807,3840,33,W
273,3867,3868,1,W
274,3896,3896,0,E
275,3927,3960,33,W
277,3970,3970,0,E
278,3987,3988,1,W
281,4044,4080,36,E
282,4047,4080,33,W
283,4107,4108,1,W
284,4118,4118,0,E
288,4192,4200,8,E
287,4167,4200,33,W
289,4227,4228,1,W
291,4266,4320,54,E
292,4287,4320,33,W
294,4340,4340,0,E
296,4347,4348,1,W
298,4414,4440,26,E
297,4407,4440,33,W
301,4467,4468,1,W
302,4488,4488,0,E
303,4527,4560,33,W
305,4562,4562,0,E
306,4587,4588,1,W
308,4636,4680,44,E
309,4647,4680,33,W
311,4707,4708,1,W
312,4710,4710,0,E
316,4784,4800,16,E
314,4767,4800,33,W
317,4827,4828,1,W
319,4858,4858,0,E
320,4887,4920,33,W
321,4932,4932,0,E
323,4947,4948,1,W
325,5006,5040,34,E
326,5007,5040,33,W
328,5067,5068,1,W
329,5080,5080,0,E
332,5154,5160,6,E
331,5127,5160,33,W
334,5187,5188,1,W
335,5228,5280,52,E
336,5247,5280,33,W
339,5302,5302,0,E
340,5307,5308,1,W
343,5376,5400,24,E
342,5367,5400,33,W
345,5427,5428,1,W
346,5450,5450,0,E
348,5487,5520,33,W
349,5524,5524,0,E
350,5547,5548,1,W
353,5598,5640,42,E
354,5607,5640,33,W
355,5667,5668,1,W
357,5672,5672,0,E
360,5746,5760,14,E
359,5727,5760,33,W
362,5787,5788,1,W
363,5820,5880,60,E
364,5847,5880,33,W
367,5894,5894,0,E
368,5907,5908,1,W
370,5968,6000,32,E
369,5967,6000,33,W
372,6027,6028,1,W
374,6042,6042,0,E
377,6116,6120,4,E
376,6087,6120,33,W
378,6147,6148,1,W
380,6190,6240,50,E
382,6207,6240,33,W
383,6264,6264,0,E
384,6267,6268,1,W
387,6338,6360,22,E
386,6327,6360,33,W
390,6387,6388,1,W
391,6412,6412,0,E
392,6447,6480,33,W
394,6486,6486,0,E
395,6507,6508,1,W
397,6560,6600,40,E
398,6567,6600,33,W
400,6627,6628,1,W
401,6634,6634,0,E
405,6708,6720,12,E
403,6687,6720,33,W
406,6747,6748,1,W
407,6782,6840,58,E
409,6807,6840,33,W
411,6856,6856,0,E
412,6867,6868,1,W
415,6930,6960,30,E
414,6927,6960,33,W
416,6987,6988,1,W
419,7004,7004,0,E
421,7078,7080,2,E
420,7047,7080,33,W
423,7107,7108,1,W
425,7152,7200,48,E
426,7167,7200,33,W
428,7226,7226,0,E
429,7227,7228,1,W
432,7308,7320,12,E
430,7294,7320,26,W
434,7361,7362,1,W
435,7390,7440,50,E
437,7428,7440,12,W
438,7472,7472,0,E
440,7495,7496,1,W
442,7554,7560,6,E
443,7562,7562,0,W
445,7636,7680,44,E
444,7629,7680,51,W
448,7696,7696,0,W
449,7718,7718,0,E
452,7800,7800,0,E
450,7763,7800,37,W
453,7830,7830,0,W
456,7882,7920,38,E
457,7897,7920,23,W
458,7964,7964,0,E
459,7964,7964,0,W
462,8031,8040,9,W
463,8046,8046,0,E
464,8098,8098,0,W
466,8128,8160,32,E
467,8165,8166,1,W
469,8210,8210,0,E
471,8232,8280,48,W
472,8292,8292,0,E
473,8299,8300,1,W
477,8374,8400,26,E
476,8366,8400,34,W
478,8433,8434,1,W
480,8456,8456,0,E
481,8500,8520,20,W
483,8538,8538,0,E
485,8567,8568,1,W
486,8620,8640,20,E
487,8634,8640,6,W
490,8702,8760,58,E
489,8701,8760,59,W
492,8768,8768,0,W
494,8784,8784,0,E
496,8866,8880,14,E
495,8835,8880,45,W
499,8902,8902,0,W
500,8948,9000,52,E
501,8969,9000,31,W
503,9030,9030,0,E
504,9036,9036,0,W
507,9112,9120,8,E
506,9103,9120,17,W
509,9170,9170,0,W
510,9194,9240,46,E
513,9237,9240,3,W
514,9276,9276,0,E
517,9358,9360,2,E
515,9304,9360,56,W
518,9371,9372,1,W
521,9440,9480,40,E
520,9438,9480,42,W
523,9505,9506,1,W
524,9522,9522,0,E
525,9572,9600,28,W
528,9604,9604,0,E
529,9639,9640,1,W
531,9686,9720,34,E
532,9706,9720,14,W
534,9768,9768,0,E
535,9773,9774,1,W
537,9840,9840,0,W
538,9850,9850,0,E
542,9932,9960,28,E
539,9907,9960,53,W
543,9974,9974,0,W
544,10014,10014,0,E
546,10041,10080,39,W
547,10096,10096,0,E
549,10108,10108,0,W
552,10178,10200,22,E
551,10175,10200,25,W
553,10242,10242,0,W
555,10260,10320,60,E
557,10309,10320,11,W
558,10342,10342,0,E
560,10376,10376,0,W
561,10424,10440,16,E
562,10443,10444,1,W
565,10506,10560,54,E
566,10510,10560,50,W
567,10577,10578,1,W
568,10588,10588,0,E
572,10670,10680,10,E
571,10644,10680,36,W
574,10711,10712,1,W
575,10752,10800,48,E
576,10778,10800,22,W
579,10834,10834,0,E
580,10845,10846,1,W
582,10902,10920,18,E
581,10900,10920,20,W
585,10955,10956,1,W
586,10970,10970,0,E
589,11038,11040,2,E
588,11010,11040,30,W
590,11065,11066,1,W
593,11106,11160,54,E
594,11120,11160,40,W
595,11174,11174,0,E
596,11175,11176,1,W
600,11242,11280,38,E
598,11230,11280,50,W
602,11285,11286,1,W
603,11310,11310,0,E
606,11378,11400,22,E
604,11340,11400,60,W
608,11395,11402,7,W
609,11446,11446,0,E
610,11450,11450,0,W
613,11514,11520,6,E
612,11505,11520,15,W
616,11560,11560,0,W
617,11582,11640,58,E
618,11615,11640,25,W
619,11650,11650,0,E
622,11670,11670,0,W
623,11718,11760,42,E
624,11725,11760,35,W
626,11780,11780,0,W
627,11786,11786,0,E
631,11854,11880,26,E
629,11835,11880,45,W
632,11890,11890,0,W
633,11922,11922,0,E
637,11990,12000,10,E
635,11945,12000,55,W
638,12000,12002,2,W
640,12055,12056,1,W
641,12058,12058,0,E
643,12110,12120,10,W
645,12126,12126,0,E
646,12165,12166,1,W
647,12194,12240,46,E
649,12220,12240,20,W
651,12262,12262,0,E
652,12275,12276,1,W
654,12330,12360,30,E
655,12330,12360,30,W
656,12385,12386,1,W
659,12398,12398,0,E
661,12466,12480,14,E
660,12440,12480,40,W
663,12495,12496,1,W
665,12534,12534,0,E
666,12550,12600,50,W
668,12602,12602,0,E
669,12605,12606,1,W
671,12670,12720,50,E
670,12660,12720,60,W
674,12715,12722,7,W
675,12738,12738,0,E
677,12770,12770,0,W
678,12806,12840,34,E
680,12825,12840,15,W
682,12874,12874,0,E
683,12880,12880,0,W
685,12942,12960,18,E
684,12935,12960,25,W
688,12990,12990,0,W
689,13010,13010,0,E
692,13078,13080,2,E
690,13045,13080,35,W
693,13100,13100,0,W
696,13146,13200,54,E
697,13155,13200,45,W
698,13210,13210,0,W
699,13214,13214,0,E
703,13282,13320,38,E
702,13265,13320,55,W
704,13320,13322,2,W
706,13350,13350,0,E
707,13375,13376,1,W
709,13418,13440,22,E
711,13430,13440,10,W
713,13486,13486,0,E
712,13485,13486,1,W
717,13554,13560,6,E
715,13540,13560,20,W
718,13595,13596,1,W
720,13622,13680,58,E
721,13650,13680,30,W
723,13690,13690,0,E
725,13705,13706,1,W
726,13758,13800,42,E
727,13760,13800,40,W
729,13815,13816,1,W
730,13826,13826,0,E
734,13894,13920,26,E
732,13870,13920,50,W
735,13925,13926,1,W
736,13962,13962,0,E
740,14030,14040,10,E
739,13980,14040,60,W
741,14035,14042,7,W
743,14090,14090,0,W
744,14098,14098,0,E
746,14145,14160,15,W
748,14166,14166,0,E
749,14200,14200,0,W
750,14234,14280,46,E
751,14255,14280,25,W
754,14302,14302,0,E
755,14310,14310,0,W
758,14370,14400,30,E
757,14365,14400,35,W
760,14420,14420,0,W
761,14438,14438,0,E
763,14452,14452,0,W
764,14477,14520,43,E
765,14484,14520,36,W
768,14516,14522,6,E
769,14516,14522,6,W
770,14548,14548,0,W
772,14555,14556,1,E
775,14594,14640,46,E
774,14580,14640,60,W
778,14633,14642,9,E
777,14612,14642,30,W
779,14644,14644,0,W
782,14672,14672,0,E
783,14676,14676,0,W
785,14711,14760,49,E
784,14708,14760,52,W
789,14750,14762,12,E
788,14740,14762,22,W
791,14772,14772,0,W
792,14789,14790,1,E
793,14804,14804,0,W
796,14828,14880,52,E
797,14836,14880,44,W
798,14867,14882,15,E
799,14868,14882,14,W
801,14900,14900,0,W
803,14906,14906,0,E
805,14932,14932,0,W
806,14945,15000,55,E
807,14964,15000,36,W
809,14984,15002,18,E
811,14996,15002,6,W
812,15023,15024,1,E
813,15028,15028,0,W
816,15062,15120,58,E
815,15060,15120,60,W
820,15101,15122,21,E
819,15092,15122,30,W
821,15124,15124,0,W
822,15140,15140,0,E
825,15156,15156,0,W
826,15179,15240,61,E
827,15188,15240,52,W
829,15218,15242,24,E
830,15220,15242,22,W
832,15252,15252,0,W
834,15257,15258,1,E
835,15284,15284,0,W
836,15296,15296,0,E
840,15335,15360,25,E
838,15316,15360,44,W
841,15348,15362,14,W
843,15374,15374,0,E
844,15380,15380,0,W
846,15412,15412,0,W
847,15413,15414,1,E
850,15452,15480,28,E
849,15444,15480,36,W
852,15476,15482,6,W
854,15491,15492,1,E
855,15508,15508,0,W
857,15530,15530,0,E
860,15569,15600,31,E
858,15540,15600,60,W
861,15572,15602,30,W
863,15604,15604,0,W
864,15608,15608,0,E
866,15636,15636,0,W
867,15647,15648,1,E
871,15686,15720,34,E
869,15668,15720,52,W
872,15700,15722,22,W
873,15725,15726,1,E
874,15732,15732,0,W
877,15764,15764,0,E
878,15764,15764,0,W
881,15803,15840,37,E
880,15796,15840,44,W
884,15842,15842,0,E
883,15828,15842,14,W
886,15860,15860,0,W
887,15881,15882,1,E
888,15892,15892,0,W
891,15920,15960,40,E
892,15924,15960,36,W
895,15959,15962,3,E
894,15956,15962,6,W
897,15988,15988,0,W
898,15998,15998,0,E
901,16037,16080,43,E
900,16020,16080,60,W
905,16076,16082,6,E
902,16052,16082,30,W
906,16084,16084,0,W
907,16115,16116,1,E
908,16116,16116,0,W
912,16154,16200,46,E
910,16148,16200,52,W
915,16193,16202,9,E
914,16180,16202,22,W
916,16212,16212,0,W
919,16232,16232,0,E
920,16244,16244,0,W
921,16271,16320,49,E
922,16276,16320,44,W
925,16310,16322,12,E
924,16308,16322,14,W
928,16340,16340,0,W
929,16349,16350,1,E
930,16372,16372,0,W
932,16388,16440,52,E
934,16404,16440,36,W
935,16427,16442,15,E
936,16436,16442,6,W
938,16466,16466,0,E
939,16468,16468,0,W
943,16505,16560,55,E
942,16500,16560,60,W
945,16544,16562,18,E
944,16532,16562,30,W
948,16564,16564,0,W
949,16583,16584,1,E
950,16596,16596,0,W
952,16622,16680,58,E
953,16628,16680,52,W
957,16661,16682,21,E
956,16660,16682,22,W
958,16692,16692,0,W
959,16700,16700,0,E
961,16724,16724,0,W
963,16739,16800,61,E
964,16756,16800,44,W
966,16778,16802,24,E
967,16788,16802,14,W
969,16817,16818,1,E
971,16820,16820,0,W
972,16852,16852,0,W
973,16856,16856,0,E
976,16895,16920,25,E
975,16884,16920,36,W
978,16916,16922,6,W
980,16934,16934,0,E
981,16948,16948,0,W
982,16973,16974,1,E
986,17012,17040,28,E
984,16980,17040,60,W
987,17012,17042,30,W
989,17044,17044,0,W
990,17051,17052,1,E
992,17076,17076,0,W
994,17090,17090,0,E
996,17129,17160,31,E
995,17108,17160,52,W
997,17140,17162,22,W
1000,17168,17168,0,E
1001,17172,17172,0,W
1003,17204,17204,0,W
1004,17207,17208,1,E
1007,17246,17280,34,E
1006,17236,17280,44,W
1009,17268,17282,14,W
1010,17285,17286,1,E
1011,17300,17300,0,W
1014,17324,17324,0,E
1015,17332,17332,0,W
1017,17363,17400,37,E
1018,17364,17400,36,W
1021,17402,17402,0,E
1020,17396,17402,6,W
1023,17428,17428,0,W
1024,17441,17442,1,E
1028,17480,17520,40,E
1025,17460,17520,60,W
1030,17519,17522,3,E
1029,17492,17522,30,W
1032,17524,17524,0,W
1033,17556,17556,0,W
1034,17558,17558,0,E
1038,17597,17640,43,E
1037,17588,17640,52,W
1041,17636,17642,6,E
1039,17620,17642,22,W
1043,17652,17652,0,W
1044,17675,17676,1,E
1046,17684,17684,0,W
1047,17714,17760,46,E
1048,17716,17760,44,W
1052,17753,17762,9,E
1051,17748,17762,14,W
1053,17780,17780,0,W
1055,17792,17792,0,E
1057,17812,17812,0,W
1058,17831,17880,49,E
1059,17844,17880,36,W
1061,17870,17882,12,E
1062,17876,17882,6,W
1065,17908,17908,0,W
1066,17909,17910,1,E
1068,17948,18000,52,E
1067,17940,18000,60,W
1072,17987,18002,15,E
1070,17972,18002,30,W
1073,18004,18004,0,W
1075,18018,18018,0,W
1076,18026,18026,0,E
1078,18032,18032,0,W
1079,18043,18044,1,E
1080,18046,18046,0,W
1083,18060,18120,60,E
1084,18060,18120,60,W
1087,18077,18122,45,E
1085,18074,18122,48,W
1090,18094,18124,30,E
1088,18088,18124,36,W
1093,18111,18126,15,E
1092,18102,18126,24,W
1096,18128,18128,0,E
1094,18116,18128,12,W
1098,18130,18130,0,W
1099,18144,18144,0,W
1101,18145,18146,1,E
1102,18158,18158,0,W
1103,18162,18162,0,E
1106,18172,18172,0,W
1107,18179,18240,61,E
1108,18186,18240,54,W
1110,18196,18242,46,E
1111,18200,18242,42,W
1113,18213,18244,31,E
1115,18214,18244,30,W
1117,18230,18246,16,E
1116,18228,18246,18,W
1121,18247,18248,1,E
1120,18242,18248,6,W
1122,18256,18256,0,W
1124,18264,18264,0,E
1125,18270,18270,0,W
1127,18281,18282,1,E
1129,18284,18284,0,W
1130,18298,18298,0,E
1131,18298,18298,0,W
1135,18315,18360,45,E
1134,18312,18360,48,W
1138,18332,18362,30,E
1136,18326,18362,36,W
1141,18349,18364,15,E
1139,18340,18364,24,W
1144,18366,18366,0,E
1143,18354,18366,12,W
1145,18368,18368,0,W
1148,18382,18382,0,W
1149,18383,18384,1,E
1150,18396,18396,0,W
1152,18400,18400,0,E
1153,18410,18410,0,W
1154,18417,18418,1,E
1158,18434,18480,46,E
1157,18424,18480,56,W
1161,18451,18482,31,E
1159,18438,18482,44,W
1166,18468,18484,16,E
1162,18452,18484,32,W
1168,18485,18486,1,E
1164,18466,18486,20,W
1167,18480,18488,8,W
1171,18494,18494,0,W
1172,18502,18502,0,E
1173,18508,18508,0,W
1175,18519,18520,1,E
1176,18522,18522,0,W
1179,18536,18536,0,E
1180,18536,18536,0,W
1182,18553,18600,47,E
1181,18550,18600,50,W
1186,18570,18602,32,E
1185,18564,18602,38,W
1189,18587,18604,17,E
1187,18578,18604,26,W
1192,18604,18606,2,E
1190,18592,18606,14,W
1194,18606,18608,2,W
1195,18620,18620,0,W
1196,18621,18622,1,E
1199,18634,18634,0,W
1200,18638,18638,0,E
1201,18648,18648,0,W
1203,18655,18656,1,E
1206,18672,18720,48,E
1204,18662,18720,58,W
1209,18689,18722,33,E
1208,18676,18722,46,W
1214,18706,18724,18,E
1210,18690,18724,34,W
1217,18723,18726,3,E
1212,18704,18726,22,W
1215,18718,18728,10,W
1218,18732,18732,0,W
1219,18740,18740,0,E
1222,18746,18746,0,W
1223,18757,18758,1,E
1224,18760,18760,0,W
1226,18774,18774,0,E
1227,18774,18774,0,W
1231,18791,18840,49,E
1229,18788,18840,52,W
1233,18808,18842,34,E
1232,18802,18842,40,W
1237,18825,18844,19,E
1236,18816,18844,28,W
1240,18842,18846,4,E
1238,18830,18846,16,W
1241,18844,18848,4,W
1244,18858,18858,0,W
1245,18859,18860,1,E
1246,18872,18872,0,W
1247,18876,18876,0,E
1250,18886,18886,0,W
1251,18893,18894,1,E
1254,18910,18960,50,E
1252,18900,18960,60,W
1258,18927,18962,35,E
1255,18914,18962,48,W
1261,18944,18964,20,E
1259,18928,18964,36,W
1265,18961,18966,5,E
1260,18942,18966,24,W
1263,18956,18968,12,W
1266,18970,18970,0,W
1268,18978,18978,0,E
1269,18984,18984,0,W
1271,18995,18996,1,E
1273,18998,18998,0,W
1274,19012,19012,0,E
1275,19012,19012,0,W
1278,19029,19080,51,E
1277,19026,19080,54,W
1282,19046,19082,36,E
1280,19040,19082,42,W
1284,19063,19084,21,E
1283,19054,19084,30,W
1288,19080,19086,6,E
1287,19068,19086,18,W
1289,19082,19088,6,W
1291,19096,19096,0,W
1292,19097,19098,1,E
1294,19110,19110,0,W
1296,19114,19114,0,E
1297,19124,19124,0,W
1298,19131,19132,1,E
1301,19138,19138,0,W
1302,19148,19200,52,E
1303,19152,19200,48,W
1305,19165,19202,37,E
1306,19166,19202,36,W
1310,19182,19204,22,E
1309,19180,19204,24,W
1312,19199,19206,7,E
1311,19194,19206,12,W
1314,19208,19208,0,W
1316,19216,19216,0,E
1317,19222,19222,0,W
1319,19233,19234,1,E
1320,19236,19236,0,W
1323,19250,19250,0,E
1324,19250,19250,0,W
1326,19267,19320,53,E
1325,19264,19320,56,W
1330,19284,19322,38,E
1328,19278,19322,44,W
1333,19301,19324,23,E
1331,19292,19324,32,W
1337,19318,19326,8,E
1334,19306,19326,20,W
1338,19320,19328,8,W
1339,19334,19334,0,W
1340,19335,19336,1,E
1342,19348,19348,0,W
1343,19352,19352,0,E
1345,19362,19362,0,W
1347,19369,19370,1,E
1348,19376,19376,0,W
1349,19386,19440,54,E
1352,19390,19440,50,W
1353,19403,19442,39,E
1354,19404,19442,38,W
1357,19420,19444,24,E
1356,19418,19444,26,W
1361,19437,19446,9,E
1359,19432,19446,14,W
1362,19446,19448,2,W
1363,19454,19454,0,E
1365,19460,19460,0,W
1367,19471,19472,1,E
1368,19474,19474,0,W
1370,19488,19488,0,E
1371,19488,19488,0,W
1375,19505,19560,55,E
1374,19502,19560,58,W
1377,19522,19562,40,E
1376,19516,19562,46,W
1381,19539,19564,25,E
1379,19530,19564,34,W
1384,19556,19566,10,E
1382,19544,19566,22,W
1385,19558,19568,10,W
1388,19572,19572,0,W
1389,19573,19574,1,E
1390,19586,19586,0,W
1391,19590,19590,0,E
1393,19600,19600,0,W
1395,19607,19608,1,E
1396,19614,19614,0,W
1398,19624,19680,56,E
1399,19628,19680,52,W
1401,19641,19682,41,E
1403,19642,19682,40,W
1405,19658,19684,26,E
1404,19656,19684,28,W
1408,19675,19686,11,E
1407,19670,19686,16,W
1410,19684,19688,4,W
1412,19692,19692,0,E
1413,19698,19698,0,W
1415,19709,19710,1,E
1416,19712,19712,0,W
1418,19726,19726,0,E
1419,19726,19726,0,W
1422,19743,19800,57,E
1421,19740,19800,60,W
1426,19760,19802,42,E
1424,19754,19802,48,W
1428,19777,19804,27,E
1427,19768,19804,36,W
1432,19794,19806,12,E
1430,19782,19806,24,W
1433,19796,19808,12,W
1435,19810,19810,0,W
1436,19811,19812,1,E
1439,19824,19824,0,W
1440,19828,19828,0,E
1441,19838,19838,0,W
1442,19845,19846,1,E
1444,19852,19852,0,W
1446,19862,19920,58,E
1447,19866,19920,54,W
1449,19879,19922,43,E
1450,19880,19922,42,W
1454,19896,19924,28,E
1453,19894,19924,30,W
1456,19913,19926,13,E
1455,19908,19926,18,W
1458,19922,19928,6,W
1460,19930,19930,0,E
1461,19936,19936,0,W
1463,19947,19948,1,E
1464,19950,19950,0,W
1466,19964,19964,0,E
1467,19964,19964,0,W
1469,19978,19978,0,W
1470,19981,20040,59,E
1472,19992,20040,48,W
1473,19998,20042,44,E
1475,20006,20042,36,W
1477,20015,20044,29,E
1478,20020,20044,24,W
1480,20032,20046,14,E
1481,20034,20046,12,W
1483,20048,20048,0,W
1484,20049,20050,1,E
1486,20062,20062,0,W
1487,20066,20066,0,E
1489,20076,20076,0,W
1491,20083,20084,1,E
1492,20090,20090,0,W
1494,20100,20160,60,E
1495,20104,20160,56,W
1497,20117,20162,45,E
1498,20118,20162,44,W
1501,20134,20164,30,E
1500,20132,20164,32,W
1505,20151,20166,15,E
1504,20146,20166,20,W
1507,20168,20168,0,E
1506,20160,20168,8,W
1509,20174,20174,0,W
1511,20185,20186,1,E
1512,20188,20188,0,W
1514,20202,20202,0,E
1515,20202,20202,0,W
1517,20216,20216,0,W
1519,20219,20280,61,E
1520,20230,20280,50,W
1521,20236,20282,46,E
1523,20244,20282,38,W
1524,20253,20284,31,E
1526,20258,20284,26,W
1528,20270,20286,16,E
1529,20272,20286,14,W
1532,20287,20288,1,E
1531,20286,20288,2,W
1534,20300,20300,0,W
1535,20304,20304,0,E
1537,20314,20314,0,W
1538,20321,20322,1,E
1540,20328,20328,0,W
1542,20338,20338,0,E
1545,20355,20400,45,E
1543,20342,20400,58,W
1549,20372,20402,30,E
1546,20356,20402,46,W
1552,20389,20404,15,E
1548,20370,20404,34,W
1556,20406,20406,0,E
1551,20384,20406,22,W
1554,20398,20408,10,W
1557,20412,20412,0,W
1559,20423,20424,1,E
1560,20426,20426,0,W
1562,20440,20440,0,E
1563,20440,20440,0,W
1565,20454,20454,0,W
1566,20457,20458,1,E
1570,20474,20520,46,E
1568,20468,20520,52,W
1573,20491,20522,31,E
1571,20482,20522,40,W
1576,20508,20524,16,E
1574,20496,20524,28,W
1580,20525,20526,1,E
1577,20510,20526,16,W
1579,20524,20528,4,W
1582,20538,20538,0,W
1584,20542,20542,0,E
1585,20552,20552,0,W
1586,20559,20560,1,E
1588,20566,20566,0,W
1589,20576,20576,0,E
1593,20593,20640,47,E
1591,20580,20640,60,W
1597,20610,20642,32,E
1594,20594,20642,48,W
1600,20627,20644,17,E
1596,20608,20644,36,W
1603,20644,20646,2,E
1599,20622,20646,24,W
1602,20636,20648,12,W
1605,20650,20650,0,W
1607,20661,20662,1,E
1608,20664,20664,0,W
1610,20678,20678,0,E
1611,20678,20678,0,W
1613,20692,20692,0,W
1614,20695,20696,1,E
1617,20712,20760,48,E
1616,20706,20760,54,W
1621,20729,20762,33,E
1618,20720,20762,42,W
1624,20746,20764,18,E
1622,20734,20764,30,W
1628,20763,20766,3,E
1625,20748,20766,18,W
1627,20762,20768,6,W
1630,20776,20776,0,W
1631,20780,20780,0,E
1633,20790,20790,0,W
1635,20797,20798,1,E
1636,20804,20804,0,W
1638,20814,20814,0,E
1639,20818,20818,0,W
1641,20831,20880,49,E
1642,20832,20880,48,W
1645,20848,20882,34,E
1644,20846,20882,36,W
1648,20865,20884,19,E
1647,20860,20884,24,W
1652,20882,20886,4,E
1650,20874,20886,12,W
1653,20888,20888,0,W
1654,20899,20900,1,E
1656,20902,20902,0,W
1658,20916,20916,0,E
1659,20916,20916,0,W
1661,20930,20930,0,W
1662,20933,20934,1,E
1665,20950,21000,50,E
1664,20944,21000,56,W
1668,20967,21002,35,E
1667,20958,21002,44,W
1672,20984,21004,20,E
1669,20972,21004,32,W
1676,21001,21006,5,E
1673,20986,21006,20,W
1675,21000,21008,8,W
1678,21014,21014,0,W
1679,21018,21018,0,E
1681,21028,21028,0,W
1682,21035,21036,1,E
1683,21042,21042,0,W
1686,21052,21052,0,E
1687,21056,21056,0,W
1689,21069,21120,51,E
1690,21070,21120,50,W
1693,21086,21122,36,E
1692,21084,21122,38,W
1696,21103,21124,21,E
1695,21098,21124,26,W
1700,21120,21126,6,E
1698,21112,21126,14,W
1701,21126,21128,2,W
1703,21137,21138,1,E
1704,21140,21140,0,W
1706,21154,21154,0,E
1707,21154,21154,0,W
1709,21168,21168,0,W
1710,21171,21172,1,E
1713,21188,21240,52,E
1712,21182,21240,58,W
1717,21205,21242,37,E
1715,21196,21242,46,W
1719,21222,21244,22,E
1718,21210,21244,34,W
1724,21239,21246,7,E
1720,21224,21246,22,W
1723,21238,21248,10,W
1726,21252,21252,0,W
1727,21256,21256,0,E
1729,21266,21266,0,W
1731,21273,21274,1,E
1732,21280,21280,0,W
1733,21290,21290,0,E
1734,21294,21294,0,W
1737,21307,21360,53,E
1738,21308,21360,52,W
1741,21324,21362,38,E
1740,21322,21362,40,W
1744,21341,21364,23,E
1743,21336,21364,28,W
1747,21358,21366,8,E
1746,21350,21366,16,W
1748,21364,21368,4,W
1751,21375,21376,1,E
1752,21378,21378,0,W
1754,21392,21392,0,E
1755,21392,21392,0,W
1757,21406,21406,0,W
1758,21409,21410,1,E
1761,21426,21480,54,E
1760,21420,21480,60,W
1765,21443,21482,39,E
1763,21434,21482,48,W
1768,21460,21484,24,E
1766,21448,21484,36,W
1771,21477,21486,9,E
1769,21462,21486,24,W
1770,21476,21488,12,W
1774,21490,21490,0,W
1775,21494,21494,0,E
1777,21504,21504,0,W
1778,21511,21512,1,E
1780,21518,21518,0,W
1782,21528,21528,0,E
1783,21532,21532,0,W
1784,21545,21600,55,E
1785,21546,21600,54,W
1789,21562,21602,40,E
1788,21560,21602,42,W
1792,21579,21604,25,E
1791,21574,21604,30,W
1796,21596,21606,10,E
1794,21588,21606,18,W
1797,21602,21608,6,W
1798,21608,21610,2,W
1799,21613,21614,1,E
1800,21614,21614,0,W
1802,21620,21620,0,W
1803,21621,21622,1,E
1805,21626,21626,0,W
1807,21629,21630,1,E
1808,21632,21632,0,W
1809,21637,21638,1,E
1810,21638,21638,0,W
1813,21644,21644,0,W
1814,21645,21646,1,E
1815,21650,21650,0,W
1817,21653,21654,1,E
1819,21656,21656,0,W
1820,21661,21720,59,E
1822,21662,21720,58,W
1824,21669,21722,53,E
1823,21668,21722,54,W
1828,21677,21724,47,E
1827,21674,21724,50,W
1831,21685,21726,41,E
1829,21680,21726,46,W
1835,21693,21728,35,E
1832,21686,21728,42,W
1838,21701,21730,29,E
1834,21692,21730,38,W
1842,21709,21732,23,E
1837,21698,21732,34,W
1846,21717,21734,17,E
1839,21704,21734,30,W
1849,21725,21736,11,E
1843,21710,21736,26,W
1852,21733,21738,5,E
1844,21716,21738,22,W
1847,21722,21740,18,W
1857,21741,21742,1,E
1851,21728,21742,14,W
1853,21734,21744,10,W
1855,21740,21746,6,W
1858,21746,21748,2,W
1859,21749,21750,1,E
1861,21752,21752,0,W
1862,21757,21758,1,E
1864,21758,21758,0,W
1866,21764,21764,0,W
1867,21765,21766,1,E
1868,21770,21770,0,W
1870,21773,21774,1,E
1872,21776,21776,0,W
1873,21781,21840,59,E
1874,21782,21840,58,W
1877,21789,21842,53,E
1876,21788,21842,54,W
1881,21797,21844,47,E
1880,21794,21844,50,W
1884,21805,21846,41,E
1882,21800,21846,46,W
1888,21813,21848,35,E
1885,21806,21848,42,W
1891,21821,21850,29,E
1887,21812,21850,38,W
1895,21829,21852,23,E
1890,21818,21852,34,W
1898,21837,21854,17,E
1892,21824,21854,30,W
1902,21845,21856,11,E
1896,21830,21856,26,W
1905,21853,21858,5,E
1897,21836,21858,22,W
1900,21842,21860,18,W
1910,21861,21862,1,E
1903,21848,21862,14,W
1906,21854,21864,10,W
1909,21860,21866,6,W
1911,21866,21868,2,W
1912,21869,21870,1,E
1914,21872,21872,0,W
1916,21877,21878,1,E
1917,21878,21878,0,W
1919,21884,21884,0,W
1920,21885,21886,1,E
1921,21890,21890,0,W
1923,21893,21894,1,E
1925,21896,21896,0,W
1926,21901,21960,59,E
1927,21902,21960,58,W
1930,21909,21962,53,E
1929,21908,21962,54,W
1934,21917,21964,47,E
1932,21914,21964,50,W
1936,21925,21966,41,E
1935,21920,21966,46,W
1941,21933,21968,35,E
1938,21926,21968,42,W
1944,21941,21970,29,E
1940,21932,21970,38,W
1948,21949,21972,23,E
1943,21938,21972,34,W
1951,21957,21974,17,E
1945,21944,21974,30,W
1955,21965,21976,11,E
1949,21950,21976,26,W
1958,21973,21978,5,E
1950,21956,21978,22,W
1954,21962,21980,18,W
1963,21981,21982,1,E
1956,21968,21982,14,W
1959,21974,21984,10,W
1961,21980,21986,6,W
1964,21986,21988,2,W
1965,21989,21990,1,E
1967,21992,21992,0,W
1969,21997,21998,1,E
1970,21998,21998,0,W
1972,22004,22004,0,W
1973,22005,22006,1,E
1974,22010,22010,0,W
1976,22013,22014,1,E
1978,22016,22016,0,W
1979,22021,22080,59,E
1980,22022,22080,58,W
1983,22029,22082,53,E
1982,22028,22082,54,W
1987,22037,22084,47,E
1985,22034,22084,50,W
1989,22045,22086,41,E
1988,22040,22086,46,W
1994,22053,22088,35,E
1990,22046,22088,42,W
1997,22061,22090,29,E
1993,22052,22090,38,W
2001,22069,22092,23,E
1996,22058,22092,34,W
2004,22077,22094,17,E
1999,22064,22094,30,W
2008,22085,22096,11,E
2002,22070,22096,26,W
2011,22093,22098,5,E
2003,22076,22098,22,W
2007,22082,22100,18,W
2015,22101,22102,1,E
2009,22088,22102,14,W
2012,22094,22104,10,W
2014,22100,22106,6,W
2017,22106,22108,2,W
2018,22109,22110,1,E
2019,22112,22112,0,W
2022,22117,22118,1,E
2023,22118,22118,0,W
2025,22124,22124,0,W
2026,22125,22126,1,E
2027,22130,22130,0,W
2029,22133,22134,1,E
2031,22136,22136,0,W
2032,22141,22200,59,E
2033,22142,22200,58,W
2037,22149,22202,53,E
2035,22148,22202,54,W
2040,22157,22204,47,E
2038,22154,22204,50,W
2042,22165,22206,41,E
2041,22160,22206,46,W
2047,22173,22208,35,E
2044,22166,22208,42,W
2050,22181,22210,29,E
2046,22172,22210,38,W
2053,22189,22212,23,E
2048,22178,22212,34,W
2057,22197,22214,17,E
2052,22184,22214,30,W
2061,22205,22216,11,E
2055,22190,22216,26,W
2064,22213,22218,5,E
2056,22196,22218,22,W
2060,22202,22220,18,W
2068,22221,22222,1,E
2062,22208,22222,14,W
2065,22214,22224,10,W
2067,22220,22226,6,W
2070,22226,22228,2,W
2071,22229,22230,1,E
2072,22232,22232,0,W
2075,22237,22238,1,E
2076,22238,22238,0,W
2077,22244,22244,0,W
2079,22245,22246,1,E
2080,22250,22250,0,W
2082,22253,22254,1,E
2084,22256,22256,0,W
2085,22261,22320,59,E
2086,22262,22320,58,W
2090,22269,22322,53,E
2089,22268,22322,54,W
2092,22277,22324,47,E
2091,22274,22324,50,W
2096,22285,22326,41,E
2094,22280,22326,46,W
2100,22293,22328,35,E
2097,22286,22328,42,W
2103,22301,22330,29,E
2099,22292,22330,38,W
2106,22309,22332,23,E
2101,22298,22332,34,W
2110,22317,22334,17,E
2105,22304,22334,30,W
2114,22325,22336,11,E
2107,22310,22336,26,W
2117,22333,22338,5,E
2109,22316,22338,22,W
2113,22322,22340,18,W
2121,22341,22342,1,E
2115,22328,22342,14,W
2118,22334,22344,10,W
2120,22340,22346,6,W
2123,22346,22348,2,W
2124,22349,22350,1,E
2125,22352,22352,0,W
2128,22357,22358,1,E
2129,22358,22358,0,W
2130,22364,22364,0,W
2131,22365,22366,1,E
2134,22370,22370,0,W
2135,22373,22374,1,E
2136,22376,22376,0,W
2138,22381,22440,59,E
2139,22382,22440,58,W
2143,22389,22442,53,E
2142,22388,22442,54,W
2145,22397,22444,47,E
2144,22394,22444,50,W
2149,22405,22446,41,E
2147,22400,22446,46,W
2153,22413,22448,35,E
2150,22406,22448,42,W
2157,22421,22450,29,E
2152,22412,22450,38,W
2159,22429,22452,23,E
2154,22418,22452,34,W
2163,22437,22454,17,E
2158,22424,22454,30,W
2167,22445,22456,11,E
2160,22430,22456,26,W
2169,22453,22458,5,E
2162,22436,22458,22,W
2165,22442,22460,18,W
2174,22461,22462,1,E
2168,22448,22462,14,W
2171,22454,22464,10,W
2173,22460,22466,6,W
2176,22466,22468,2,W
2177,22469,22470,1,E
2179,22472,22472,0,W
2181,22477,22478,1,E
2182,22478,22478,0,W
2183,22484,22484,0,W
2184,22485,22486,1,E
2187,22490,22490,0,W
2188,22493,22494,1,E
2189,22496,22496,0,W
2191,22501,22560,59,E
2192,22502,22560,58,W
2196,22509,22562,53,E
2194,22508,22562,54,W
2198,22517,22564,47,E
2197,22514,22564,50,W
2202,22525,22566,41,E
2200,22520,22566,46,W
2206,22533,22568,35,E
2203,22526,22568,42,W
2209,22541,22570,29,E
2205,22532,22570,38,W
2212,22549,22572,23,E
2207,22538,22572,34,W
2217,22557,22574,17,E
2211,22544,22574,30,W
2220,22565,22576,11,E
2213,22550,22576,26,W
2222,22573,22578,5,E
2215,22556,22578,22,W
2218,22562,22580,18,W
2227,22581,22582,1,E
2221,22568,22582,14,W
2224,22574,22584,10,W
2226,22580,22586,6,W
2229,22586,22588,2,W
2230,22589,22590,1,E
2232,22592,22592,0,W
2234,22597,22598,1,E
2235,22598,22598,0,W
2236,22604,22604,0,W
2237,22605,22606,1,E
2240,22610,22610,0,W
2241,22613,22614,1,E
2242,22616,22616,0,W
2244,22621,22680,59,E
2245,22622,22680,58,W
2248,22629,22682,53,E
2247,22628,22682,54,W
2251,22637,22684,47,E
2250,22634,22684,50,W
2255,22645,22686,41,E
2252,22640,22686,46,W
2259,22653,22688,35,E
2256,22646,22688,42,W
2262,22661,22690,29,E
2258,22652,22690,38,W
2265,22669,22692,23,E
2260,22658,22692,34,W
2270,22677,22694,17,E
2264,22664,22694,30,W
2273,22685,22696,11,E
2266,22670,22696,26,W
2276,22693,22698,5,E
2269,22676,22698,22,W
2271,22682,22700,18,W
2280,22701,22702,1,E
2274,22688,22702,14,W
2277,22694,22704,10,W
2279,22700,22706,6,W
2281,22706,22708,2,W
2283,22709,22710,1,E
2285,22712,22712,0,W
2286,22717,22718,1,E
2288,22718,22718,0,W
2289,22724,22724,0,W
2290,22725,22726,1,E
2293,22730,22730,0,W
2294,22733,22734,1,E
2295,22736,22736,0,W
2297,22741,22800,59,E
2298,22742,22800,58,W
2301,22749,22802,53,E
2300,22748,22802,54,W
2304,22757,22804,47,E
2303,22754,22804,50,W
2308,22765,22806,41,E
2305,22760,22806,46,W
2312,22773,22808,35,E
2309,22766,22808,42,W
2315,22781,22810,29,E
2310,22772,22810,38,W
2318,22789,22812,23,E
2314,22778,22812,34,W
2323,22797,22814,17,E
2317,22784,22814,30,W
2325,22805,22816,11,E
2319,22790,22816,26,W
2329,22813,22818,5,E
2322,22796,22818,22,W
2324,22802,22820,18,W
2333,22821,22822,1,E
2327,22808,22822,14,W
2330,22814,22824,10,W
2332,22820,22826,6,W
2334,22826,22828,2,W
2337,22829,22830,1,E
2338,22832,22832,0,W
2339,22837,22838,1,E
2340,22838,22838,0,W
2342,22844,22844,0,W
2343,22845,22846,1,E
2346,22850,22850,0,W
2347,22853,22854,1,E
2348,22856,22856,0,W
2350,22861,22920,59,E
2351,22862,22920,58,W
2354,22869,22922,53,E
2353,22868,22922,54,W
2357,22877,22924,47,E
2356,22874,22924,50,W
2361,22885,22926,41,E
2359,22880,22926,46,W
2364,22893,22928,35,E
2362,22886,22928,42,W
2368,22901,22930,29,E
2363,22892,22930,38,W
2371,22909,22932,23,E
2367,22898,22932,34,W
2376,22917,22934,17,E
2369,22904,22934,30,W
2378,22925,22936,11,E
2372,22910,22936,26,W
2382,22933,22938,5,E
2375,22916,22938,22,W
2377,22922,22940,18,W
2386,22941,22942,1,E
2380,22928,22942,14,W
2383,22934,22944,10,W
2385,22940,22946,6,W
2387,22946,22948,2,W
2390,22949,22950,1,E
2391,22952,22952,0,W
2392,22957,22958,1,E
2393,22958,22958,0,W
2395,22964,22964,0,W
2397,22965,22966,1,E
2398,22970,22970,0,W
2400,22973,22974,1,E
2401,22976,22976,0,W
2402,22981,23040,59,E
2405,22982,23040,58,W
2407,22989,23042,53,E
2406,22988,23042,54,W
2410,22997,23044,47,E
2409,22994,23044,50,W
2414,23005,23046,41,E
2412,23000,23046,46,W
2417,23013,23048,35,E
2415,23006,23048,42,W
2421,23021,23050,29,E
2416,23012,23050,38,W
2424,23029,23052,23,E
2420,23018,23052,34,W
2429,23037,23054,17,E
2422,23024,23054,30,W
2431,23045,23056,11,E
2425,23030,23056,26,W
2435,23053,23058,5,E
2427,23036,23058,22,W
2430,23042,23060,18,W
2439,23061,23062,1,E
2433,23048,23062,14,W
2436,23054,23064,10,W
2438,23060,23066,6,W
2440,23066,23068,2,W
2442,23069,23070,1,E
2444,23072,23072,0,W
2445,23077,23078,1,E
2446,23078,23078,0,W
2449,23084,23084,0,W
2450,23085,23086,1,E
2451,23090,23090,0,W
2453,23093,23094,1,E
2454,23096,23096,0,W
2456,23101,23160,59,E
2457,23102,23160,58,W
2460,23109,23162,53,E
2459,23108,23162,54,W
2463,23117,23164,47,E
2462,23114,23164,50,W
2467,23125,23166,41,E
2465,23120,23166,46,W
2470,23133,23168,35,E
2468,23126,23168,42,W
2474,23141,23170,29,E
2469,23132,23170,38,W
2477,23149,23172,23,E
2473,23138,23172,34,W
2481,23157,23174,17,E
2475,23144,23174,30,W
2484,23165,23176,11,E
2478,23150,23176,26,W
2488,23173,23178,5,E
2480,23156,23178,22,W
2483,23162,23180,18,W
2492,23181,23182,1,E
2485,23168,23182,14,W
2489,23174,23184,10,W
2491,23180,23186,6,W
2494,23186,23188,2,W
2495,23189,23190,1,E
2497,23192,23192,0,W
2498,23197,23198,1,E
2499,23198,23198,0,W
2502,23204,23204,0,W
2503,23205,23206,1,E
2504,23210,23210,0,W
2506,23213,23214,1,E
2507,23216,23216,0,W
2509,23221,23280,59,E
2510,23222,23280,58,W
2513,23229,23282,53,E
2512,23228,23282,54,W
2517,23237,23284,47,E
2514,23234,23284,50,W
2519,23245,23286,41,E
2518,23240,23286,46,W
2523,23253,23288,35,E
2521,23246,23288,42,W
2527,23261,23290,29,E
2522,23252,23290,38,W
2530,23269,23292,23,E
2526,23258,23292,34,W
2534,23277,23294,17,E
2528,23264,23294,30,W
2537,23285,23296,11,E
2531,23270,23296,26,W
2541,23293,23298,5,E
2533,23276,23298,22,W
2536,23282,23300,18,W
2545,23301,23302,1,E
2539,23288,23302,14,W
2542,23294,23304,10,W
2543,23300,23306,6,W
2547,23306,23308,2,W
2548,23309,23310,1,E
2550,23312,23312,0,W
2551,23317,23318,1,E
2552,23318,23318,0,W
2555,23324,23324,0,W
2556,23325,23326,1,E
2557,23330,23330,0,W
2558,23333,23334,1,E
2560,23336,23336,0,W
2562,23341,23400,59,E
2563,23342,23400,58,W
2566,23349,23402,53,E
2565,23348,23402,54,W
2570,23357,23404,47,E
2567,23354,23404,50,W
2572,23365,23406,41,E
2571,23360,23406,46,W
2577,23373,23408,35,E
2573,23366,23408,42,W
2580,23381,23410,29,E
2575,23372,23410,38,W
2583,23389,23412,23,E
2579,23378,23412,34,W
2587,23397,23414,17,E
2581,23384,23414,30,W
2590,23405,23416,11,E
2585,23390,23416,26,W
2594,23413,23418,5,E
2586,23396,23418,22,W
2589,23402,23420,18,W
2597,23421,23422,1,E
2592,23408,23422,14,W
2595,23414,23424,10,W
2596,23420,23426,6,W
2600,23426,23428,2,W
2601,23429,23430,1,E
2602,23432,23432,0,W
2604,23437,23438,1,E
2605,23438,23438,0,W
2608,23444,23444,0,W
2609,23445,23446,1,E
2610,23450,23450,0,W
2611,23453,23454,1,E
2613,23456,23456,0,W
2615,23461,23520,59,E
2616,23462,23520,58,W
2619,23469,23522,53,E
2618,23468,23522,54,W
2623,23477,23524,47,E
2620,23474,23524,50,W
2625,23485,23526,41,E
2624,23480,23526,46,W
2630,23493,23528,35,E
2626,23486,23528,42,W
2633,23501,23530,29,E
2629,23492,23530,38,W
2636,23509,23532,23,E
2631,23498,23532,34,W
2640,23517,23534,17,E
2634,23504,23534,30,W
2643,23525,23536,11,E
2638,23510,23536,26,W
2647,23533,23538,5,E
2639,23516,23538,22,W
2642,23522,23540,18,W
2650,23541,23542,1,E
2645,23528,23542,14,W
2648,23534,23544,10,W
2649,23540,23546,6,W
2653,23546,23548,2,W
2654,23549,23550,1,E
2655,23552,23552,0,W
2657,23557,23558,1,E
2658,23558,23558,0,W
2660,23564,23564,0,W
2662,23565,23566,1,E
2663,23570,23570,0,W
2664,23573,23574,1,E
2666,23576,23576,0,W
2668,23581,23640,59,E
2669,23582,23640,58,W
2672,23589,23642,53,E
2671,23588,23642,54,W
2675,23597,23644,47,E
2674,23594,23644,50,W
2678,23605,23646,41,E
2677,23600,23646,46,W
2683,23613,23648,35,E
2679,23606,23648,42,W
2686,23621,23650,29,E
2682,23612,23650,38,W
2689,23629,23652,23,E
2684,23618,23652,34,W
2693,23637,23654,17,E
2687,23624,23654,30,W
2697,23645,23656,11,E
2690,23630,23656,26,W
2700,23653,23658,5,E
2692,23636,23658,22,W
2695,23642,23660,18,W
2703,23661,23662,1,E
2698,23648,23662,14,W
2701,23654,23664,10,W
2702,23660,23666,6,W
2706,23666,23668,2,W
2707,23669,23670,1,E
2708,23672,23672,0,W
2710,23677,23678,1,E
2711,23678,23678,0,W
2713,23684,23684,0,W
2714,23685,23686,1,E
2716,23690,23690,0,W
2717,23693,23694,1,E
2719,23696,23696,0,W
2721,23701,23760,59,E
2722,23702,23760,58,W
2725,23709,23762,53,E
2724,23708,23762,54,W
2728,23717,23764,47,E
2727,23714,23764,50,W
2731,23725,23766,41,E
2730,23720,23766,46,W
2736,23733,23768,35,E
2732,23726,23768,42,W
2739,23741,23770,29,E
2735,23732,23770,38,W
2742,23749,23772,23,E
2737,23738,23772,34,W
2746,23757,23774,17,E
2740,23744,23774,30,W
2750,23765,23776,11,E
2743,23750,23776,26,W
2752,23773,23778,5,E
2745,23756,23778,22,W
2747,23762,23780,18,W
2757,23781,23782,1,E
2751,23768,23782,14,W
2754,23774,23784,10,W
2755,23780,23786,6,W
2759,23786,23788,2,W
2760,23789,23790,1,E
2761,23792,23792,0,W
2763,23797,23798,1,E
2765,23798,23798,0,W
2766,23804,23804,0,W
2767,23805,23806,1,E
2769,23810,23810,0,W
2770,23813,23814,1,E
2772,23816,23816,0,W
2774,23821,23880,59,E
2775,23822,23880,58,W
2778,23829,23882,53,E
2776,23828,23882,54,W
2781,23837,23884,47,E
2780,23834,23884,50,W
2784,23845,23886,41,E
2783,23840,23886,46,W
2789,23853,23888,35,E
2785,23846,23888,42,W
2791,23861,23890,29,E
2788,23852,23890,38,W
2795,23869,23892,23,E
2790,23858,23892,34,W
2799,23877,23894,17,E
2793,23864,23894,30,W
2803,23885,23896,11,E
2796,23870,23896,26,W
2805,23893,23898,5,E
2798,23876,23898,22,W
2800,23882,23900,18,W
2810,23901,23902,1,E
2804,23888,23902,14,W
2806,23894,23904,10,W
2809,23900,23906,6,W
2812,23906,23908,2,W
2813,23909,23910,1,E
2814,23912,23912,0,W
2817,23917,23918,1,E
2818,23918,23918,0,W
2819,23924,23924,0,W
2820,23925,23926,1,E
2822,23930,23930,0,W
2823,23933,23934,1,E
2825,23936,23936,0,W
2827,23941,24000,59,E
2828,23942,24000,58,W
2830,23949,24002,53,E
2829,23948,24002,54,W
2834,23957,24004,47,E
2833,23954,24004,50,W
2837,23965,24006,41,E
2835,23960,24006,46,W
2842,23973,24008,35,E
2838,23966,24008,42,W
2844,23981,24010,29,E
2841,23972,24010,38,W
2848,23989,24012,23,E
2843,23978,24012,34,W
2852,23997,24014,17,E
2846,23984,24014,30,W
2856,24005,24016,11,E
2849,23990,24016,26,W
2858,24013,24018,5,E
2851,23996,24018,22,W
2854,24002,24020,18,W
2863,24021,24022,1,E
2857,24008,24022,14,W
2859,24014,24024,10,W
2862,24020,24026,6,W
2864,24026,24028,2,W
2866,24029,24030,1,E
2867,24032,24032,0,W
2869,24037,24038,1,E
2871,24038,24038,0,W
2872,24044,24044,0,W
2873,24045,24046,1,E
2875,24050,24050,0,W
2877,24053,24054,1,E
2878,24056,24056,0,W
2880,24061,24120,59,E
2881,24062,24120,58,W
2883,24069,24122,53,E
2882,24068,24122,54,W
2887,24077,24124,47,E
2886,24074,24124,50,W
2890,24085,24126,41,E
2888,24080,24126,46,W
2895,24093,24128,35,E
2891,24086,24128,42,W
2897,24101,24130,29,E
2893,24092,24130,38,W
2901,24109,24132,23,E
2896,24098,24132,34,W
2905,24117,24134,17,E
2900,24104,24134,30,W
2908,24125,24136,11,E
2902,24110,24136,26,W
2911,24133,24138,5,E
2904,24116,24138,22,W
2907,24122,24140,18,W
2916,24141,24142,1,E
2910,24128,24142,14,W
2912,24134,24144,10,W
2915,24140,24146,6,W
2917,24146,24148,2,W
2919,24149,24150,1,E
2920,24152,24152,0,W
2922,24157,24158,1,E
2923,24158,24158,0,W
2925,24164,24164,0,W
2926,24165,24166,1,E
2928,24170,24170,0,W
2930,24173,24174,1,E
2931,24176,24176,0,W
2933,24181,24240,59,E
2934,24182,24240,58,W
2937,24189,24242,53,E
2935,24188,24242,54,W
2940,24197,24244,47,E
2939,24194,24244,50,W
2943,24205,24246,41,E
2941,24200,24246,46,W
2947,24213,24248,35,E
2945,24206,24248,42,W
2950,24221,24250,29,E
2946,24212,24250,38,W
2954,24229,24252,23,E
2949,24218,24252,34,W
2958,24237,24254,17,E
2952,24224,24254,30,W
2961,24245,24256,11,E
2955,24230,24256,26,W
2964,24253,24258,5,E
2957,24236,24258,22,W
2960,24242,24260,18,W
2969,24261,24262,1,E
2963,24248,24262,14,W
2965,24254,24264,10,W
2968,24260,24266,6,W
2970,24266,24268,2,W
2972,24269,24270,1,E
2973,24272,24272,0,W
2975,24277,24278,1,E
2976,24278,24278,0,W
2978,24284,24284,0,W
2979,24285,24286,1,E
2980,24290,24290,0,W
2983,24293,24294,1,E
2984,24296,24296,0,W
2985,24301,24360,59,E
2987,24302,24360,58,W
2990,24309,24362,53,E
2989,24308,24362,54,W
2993,24317,24364,47,E
2992,24314,24364,50,W
2997,24325,24366,41,E
2994,24320,24366,46,W
3000,24333,24368,35,E
2998,24326,24368,42,W
3003,24341,24370,29,E
2999,24332,24370,38,W
3007,24349,24372,23,E
3002,24338,24372,34,W
3011,24357,24374,17,E
3005,24344,24374,30,W
3014,24365,24376,11,E
3008,24350,24376,26,W
3017,24373,24378,5,E
3009,24356,24378,22,W
3013,24362,24380,18,W
3022,24381,24382,1,E
3016,24368,24382,14,W
3018,24374,24384,10,W
3021,24380,24386,6,W
3023,24386,24388,2,W
3024,24389,24390,1,E
3026,24392,24392,0,W
3028,24397,24398,1,E
3029,24398,24398,0,W
3031,24404,24404,0,W
3032,24405,24406,1,E
3034,24410,24410,0,W
3036,24413,24414,1,E
3037,24416,24416,0,W
3038,24421,24480,59,E
3039,24422,24480,58,W
3043,24429,24482,53,E
3042,24428,24482,54,W
3046,24437,24484,47,E
3045,24434,24484,50,W
3050,24445,24486,41,E
3047,24440,24486,46,W
3053,24453,24488,35,E
3051,24446,24488,42,W
3057,24461,24490,29,E
3052,24452,24490,38,W
3060,24469,24492,23,E
3055,24458,24492,34,W
3063,24477,24494,17,E
3058,24464,24494,30,W
3067,24485,24496,11,E
3061,24470,24496,26,W
3070,24493,24498,5,E
3062,24476,24498,22,W
3066,24482,24500,18,W
3075,24501,24502,1,E
3068,24488,24502,14,W
3071,24494,24504,10,W
3074,24500,24506,6,W
3076,24506,24508,2,W
3077,24509,24510,1,E
3080,24512,24512,0,W
3081,24517,24518,1,E
3082,24518,24518,0,W
3084,24524,24524,0,W
3085,24525,24526,1,E
3087,24530,24530,0,W
3089,24533,24534,1,E
3090,24536,24536,0,W
3091,24541,24600,59,E
3092,24542,24600,58,W
3096,24549,24602,53,E
3095,24548,24602,54,W
3099,24557,24604,47,E
3097,24554,24604,50,W
3102,24565,24606,41,E
3100,24560,24606,46,W
3106,24573,24608,35,E
3104,24566,24608,42,W
3110,24581,24610,29,E
3105,24572,24610,38,W
3113,24589,24612,23,E
3108,24578,24612,34,W
3117,24597,24614,17,E
3111,24584,24614,30,W
3120,24605,24616,11,E
3114,24590,24616,26,W
3123,24613,24618,5,E
3115,24596,24618,22,W
3119,24602,24620,18,W
3128,24621,24622,1,E
3121,24608,24622,14,W
3125,24614,24624,10,W
3126,24620,24626,6,W
3129,24626,24628,2,W
3130,24629,24630,1,E
3133,24632,24632,0,W
3134,24637,24638,1,E
3135,24638,24638,0,W
3137,24644,24644,0,W
3138,24645,24646,1,E
3140,24650,24650,0,W
3141,24653,24654,1,E
3143,24656,24656,0,W
3144,24661,24720,59,E
3145,24662,24720,58,W
3149,24669,24722,53,E
3148,24668,24722,54,W
3152,24677,24724,47,E
3150,24674,24724,50,W
3155,24685,24726,41,E
3153,24680,24726,46,W
3159,24693,24728,35,E
3156,24686,24728,42,W
3163,24701,24730,29,E
3158,24692,24730,38,W
3166,24709,24732,23,E
3161,24698,24732,34,W
3170,24717,24734,17,E
3164,24704,24734,30,W
3173,24725,24736,11,E
3167,24710,24736,26,W
3177,24733,24738,5,E
3169,24716,24738,22,W
3172,24722,24740,18,W
3180,24741,24742,1,E
3174,24728,24742,14,W
3178,24734,24744,10,W
3179,24740,24746,6,W
3182,24746,24748,2,W
3183,24749,24750,1,E
3185,24752,24752,0,W
3187,24757,24758,1,E
3188,24758,24758,0,W
3190,24764,24764,0,W
3191,24765,24766,1,E
3193,24770,24770,0,W
3194,24773,24774,1,E
3196,24776,24776,0,W
3197,24781,24840,59,E
3198,24782,24840,58,W
3202,24789,24842,53,E
3201,24788,24842,54,W
3205,24797,24844,47,E
3203,24794,24844,50,W
3208,24805,24846,41,E
3206,24800,24846,46,W
3212,24813,24848,35,E
3209,24806,24848,42,W
3216,24821,24850,29,E
3211,24812,24850,38,W
3218,24829,24852,23,E
3214,24818,24852,34,W
3223,24837,24854,17,E
3217,24824,24854,30,W
3226,24845,24856,11,E
3220,24830,24856,26,W
3230,24853,24858,5,E
3222,24836,24858,22,W
3225,24842,24860,18,W
3233,24861,24862,1,E
3227,24848,24862,14,W
3231,24854,24864,10,W
3232,24860,24866,6,W
3235,24866,24868,2,W
3237,24869,24870,1,E
3238,24872,24872,0,W
3240,24877,24878,1,E
3241,24878,24878,0,W
3242,24884,24884,0,W
3244,24885,24886,1,E
3246,24890,24890,0,W
3247,24893,24894,1,E
3249,24896,24896,0,W
3250,24901,24960,59,E
3251,24902,24960,58,W
3255,24909,24962,53,E
3254,24908,24962,54,W
3257,24917,24964,47,E
3256,24914,24964,50,W
3261,24925,24966,41,E
3260,24920,24966,46,W
3265,24933,24968,35,E
3262,24926,24968,42,W
3269,24941,24970,29,E
3264,24932,24970,38,W
3271,24949,24972,23,E
3267,24938,24972,34,W
3276,24957,24974,17,E
3270,24944,24974,30,W
3279,24965,24976,11,E
3272,24950,24976,26,W
3283,24973,24978,5,E
3275,24956,24978,22,W
3278,24962,24980,18,W
3286,24981,24982,1,E
3280,24968,24982,14,W
3284,24974,24984,10,W
3285,24980,24986,6,W
3288,24986,24988,2,W
3290,24989,24990,1,E
3291,24992,24992,0,W
3293,24997,24998,1,E
3294,24998,24998,0,W
3295,25004,25004,0,W
3297,25005,25006,1,E
3299,25010,25010,0,W
3300,25013,25014,1,E
3301,25016,25016,0,W
3303,25021,25080,59,E
3305,25022,25080,58,W
3308,25029,25082,53,E
3307,25028,25082,54,W
3310,25037,25084,47,E
3309,25034,25084,50,W
3314,25045,25086,41,E
3313,25040,25086,46,W
3318,25053,25088,35,E
3315,25046,25088,42,W
3322,25061,25090,29,E
3317,25052,25090,38,W
3324,25069,25092,23,E
3320,25058,25092,34,W
3329,25077,25094,17,E
3323,25064,25094,30,W
3332,25085,25096,11,E
3325,25070,25096,26,W
3335,25093,25098,5,E
3328,25076,25098,22,W
3330,25082,25100,18,W
3339,25101,25102,1,E
3333,25088,25102,14,W
3337,25094,25104,10,W
3338,25100,25106,6,W
3341,25106,25108,2,W
3343,25109,25110,1,E
3344,25112,25112,0,W
3346,25117,25118,1,E
3347,25118,25118,0,W
3349,25124,25124,0,W
3350,25125,25126,1,E
3352,25130,25130,0,W
3353,25133,25134,1,E
3354,25136,25136,0,W
3357,25141,25200,59,E
3358,25142,25200,58,W
3361,25149,25202,53,E
3359,25148,25202,54,W
3363,25157,25204,47,E
3362,25154,25204,50,W
3367,25165,25206,41,E
3366,25160,25206,46,W
3371,25173,25208,35,E
3368,25166,25208,42,W
3374,25181,25210,29,E
3370,25172,25210,38,W
3377,25189,25212,23,E
3373,25178,25212,34,W
3382,25197,25214,17,E
3376,25184,25214,30,W
3385,25205,25216,11,E
3378,25190,25216,26,W
3388,25211,25218,7,E
3381,25196,25218,22,W
3391,25217,25220,3,E
3383,25202,25220,18,W
3386,25207,25222,15,W
3396,25223,25224,1,E
3390,25212,25224,12,W
3392,25217,25226,9,W
3395,25222,25228,6,W
3399,25229,25230,1,E
3397,25227,25230,3,W
3400,25232,25232,0,W
3402,25235,25236,1,E
3404,25237,25238,1,W
3405,25241,25242,1,E
3406,25242,25242,0,W
3409,25247,25248,1,E
3410,25247,25248,1,W
3412,25252,25252,0,W
3413,25253,25254,1,E
3415,25257,25258,1,W
3416,25259,25320,61,E
3418,25262,25320,58,W
3419,25265,25322,57,E
3420,25267,25322,55,W
3423,25271,25324,53,E
3424,25272,25324,52,W
3426,25277,25326,49,E
3427,25277,25326,49,W
3430,25283,25328,45,E
3429,25282,25328,46,W
3433,25289,25330,41,E
3432,25287,25330,43,W
3437,25295,25332,37,E
3435,25292,25332,40,W
3440,25301,25334,33,E
3438,25297,25334,37,W
3443,25307,25336,29,E
3441,25302,25336,34,W
3447,25313,25338,25,E
3444,25307,25338,31,W
3451,25319,25340,21,E
3446,25312,25340,28,W
3454,25325,25342,17,E
3450,25317,25342,25,W
3457,25331,25344,13,E
3452,25322,25344,22,W
3460,25337,25346,9,E
3455,25327,25346,19,W
3465,25343,25348,5,E
3459,25332,25348,16,W
3468,25349,25350,1,E
3461,25337,25350,13,W
3464,25342,25352,10,W
3466,25347,25354,7,W
3471,25355,25356,1,E
3469,25352,25356,4,W
3473,25357,25358,1,W
3474,25361,25362,1,E
3475,25362,25362,0,W
3478,25367,25368,1,E
3479,25367,25368,1,W
3481,25372,25372,0,W
3482,25373,25374,1,E
3484,25377,25378,1,W
3485,25379,25440,61,E
3487,25382,25440,58,W
3488,25385,25442,57,E
3489,25387,25442,55,W
3492,25391,25444,53,E
3493,25392,25444,52,W
3495,25397,25446,49,E
3496,25397,25446,49,W
3499,25403,25448,45,E
3498,25402,25448,46,W
3502,25409,25450,41,E
3501,25407,25450,43,W
3506,25415,25452,37,E
3504,25412,25452,40,W
3509,25421,25454,33,E
3507,25417,25454,37,W
3512,25427,25456,29,E
3510,25422,25456,34,W
3516,25433,25458,25,E
3513,25427,25458,31,W
3520,25439,25460,21,E
3515,25432,25460,28,W
3523,25445,25462,17,E
3519,25437,25462,25,W
3526,25451,25464,13,E
3521,25442,25464,22,W
3529,25457,25466,9,E
3524,25447,25466,19,W
3534,25463,25468,5,E
3528,25452,25468,16,W
3537,25469,25470,1,E
3530,25457,25470,13,W
3533,25462,25472,10,W
3535,25467,25474,7,W
3540,25475,25476,1,E
3538,25472,25476,4,W
3542,25477,25478,1,W
3543,25481,25482,1,E
3544,25482,25482,0,W
3547,25487,25488,1,E
3548,25487,25488,1,W
3550,25492,25492,0,W
3551,25493,25494,1,E
3553,25497,25498,1,W
3554,25499,25560,61,E
3556,25502,25560,58,W
3557,25505,25562,57,E
3558,25507,25562,55,W
3561,25511,25564,53,E
3562,25512,25564,52,W
3564,25517,25566,49,E
3565,25517,25566,49,W
3568,25523,25568,45,E
3567,25522,25568,46,W
3571,25529,25570,41,E
3570,25527,25570,43,W
3575,25535,25572,37,E
3573,25532,25572,40,W
3578,25541,25574,33,E
3576,25537,25574,37,W
3581,25547,25576,29,E
3579,25542,25576,34,W
3585,25553,25578,25,E
3582,25547,25578,31,W
3589,25559,25580,21,E
3584,25552,25580,28,W
3592,25565,25582,17,E
3588,25557,25582,25,W
3595,25571,25584,13,E
3590,25562,25584,22,W
3598,25577,25586,9,E
3593,25567,25586,19,W
3603,25583,25588,5,E
3597,25572,25588,16,W
3606,25589,25590,1,E
3599,25577,25590,13,W
3602,25582,25592,10,W
3604,25587,25594,7,W
3609,25595,25596,1,E
3607,25592,25596,4,W
3611,25597,25598,1,W
3612,25601,25602,1,E
3613,25602,25602,0,W
3616,25607,25608,1,E
3617,25607,25608,1,W
3619,25612,25612,0,W
3620,25613,25614,1,E
3622,25617,25618,1,W
3623,25619,25680,61,E
3625,25622,25680,58,W
3626,25625,25682,57,E
3627,25627,25682,55,W
3630,25631,25684,53,E
3631,25632,25684,52,W
3633,25637,25686,49,E
3634,25637,25686,49,W
3637,25643,25688,45,E
3636,25642,25688,46,W
3640,25649,25690,41,E
3639,25647,25690,43,W
3644,25655,25692,37,E
3642,25652,25692,40,W
3647,25661,25694,33,E
3645,25657,25694,37,W
3650,25667,25696,29,E
3648,25662,25696,34,W
3654,25673,25698,25,E
3651,25667,25698,31,W
3658,25679,25700,21,E
3653,25672,25700,28,W
3661,25685,25702,17,E
3657,25677,25702,25,W
3664,25691,25704,13,E
3659,25682,25704,22,W
3667,25697,25706,9,E
3662,25687,25706,19,W
3672,25703,25708,5,E
3666,25692,25708,16,W
3675,25709,25710,1,E
3668,25697,25710,13,W
3671,25702,25712,10,W
3673,25707,25714,7,W
3678,25715,25716,1,E
3676,25712,25716,4,W
3680,25717,25718,1,W
3681,25721,25722,1,E
3682,25722,25722,0,W
3685,25727,25728,1,E
3686,25727,25728,1,W
3688,25732,25732,0,W
3689,25733,25734,1,E
3691,25737,25738,1,W
3692,25739,25800,61,E
3694,25742,25800,58,W
3695,25745,25802,57,E
3696,25747,25802,55,W
3699,25751,25804,53,E
3700,25752,25804,52,W
3702,25757,25806,49,E
3703,25757,25806,49,W
3706,25763,25808,45,E
3705,25762,25808,46,W
3709,25769,25810,41,E
3708,25767,25810,43,W
3713,25775,25812,37,E
3711,25772,25812,40,W
3716,25781,25814,33,E
3714,25777,25814,37,W
3719,25787,25816,29,E
3717,25782,25816,34,W
3723,25793,25818,25,E
3720,25787,25818,31,W
3727,25799,25820,21,E
3722,25792,25820,28,W
3730,25805,25822,17,E
3726,25797,25822,25,W
3733,25811,25824,13,E
3728,25802,25824,22,W
3736,25817,25826,9,E
3731,25807,25826,19,W
3741,25823,25828,5,E
3735,25812,25828,16,W
3744,25829,25830,1,E
3737,25817,25830,13,W
3740,25822,25832,10,W
3742,25827,25834,7,W
3747,25835,25836,1,E
3745,25832,25836,4,W
3749,25837,25838,1,W
3750,25841,25842,1,E
3751,25842,25842,0,W
3754,25847,25848,1,E
3755,25847,25848,1,W
3757,25852,25852,0,W
3758,25853,25854,1,E
3760,25857,25858,1,W
3761,25859,25920,61,E
3763,25862,25920,58,W
3764,25865,25922,57,E
3765,25867,25922,55,W
3768,25871,25924,53,E
3769,25872,25924,52,W
3771,25877,25926,49,E
3772,25877,25926,49,W
3775,25883,25928,45,E
3774,25882,25928,46,W
3778,25889,25930,41,E
3777,25887,25930,43,W
3782,25895,25932,37,E
3780,25892,25932,40,W
3785,25901,25934,33,E
3783,25897,25934,37,W
3788,25907,25936,29,E
3786,25902,25936,34,W
3792,25913,25938,25,E
3789,25907,25938,31,W
3796,25919,25940,21,E
3791,25912,25940,28,W
3799,25925,25942,17,E
3795,25917,25942,25,W
3802,25931,25944,13,E
3797,25922,25944,22,W
3805,25937,25946,9,E
3800,25927,25946,19,W
3810,25943,25948,5,E
3804,25932,25948,16,W
3813,25949,25950,1,E
3806,25937,25950,13,W
3809,25942,25952,10,W
3811,25947,25954,7,W
3816,25955,25956,1,E
3814,25952,25956,4,W
3818,25957,25958,1,W
3819,25961,25962,1,E
3820,25962,25962,0,W
3823,25967,25968,1,E
3824,25967,25968,1,W
3826,25972,25972,0,W
3827,25973,25974,1,E
3829,25977,25978,1,W
3830,25979,26040,61,E
3832,25982,26040,58,W
3833,25985,26042,57,E
3834,25987,26042,55,W
3837,25991,26044,53,E
3838,25992,26044,52,W
3840,25997,26046,49,E
3841,25997,26046,49,W
3844,26003,26048,45,E
3843,26002,26048,46,W
3847,26009,26050,41,E
3846,26007,26050,43,W
3851,26015,26052,37,E
3849,26012,26052,40,W
3854,26021,26054,33,E
3852,26017,26054,37,W
3857,26027,26056,29,E
3855,26022,26056,34,W
3861,26033,26058,25,E
3858,26027,26058,31,W
3865,26039,26060,21,E
3860,26032,26060,28,W
3868,26045,26062,17,E
3864,26037,26062,25,W
3871,26051,26064,13,E
3866,26042,26064,22,W
3874,26057,26066,9,E
3869,26047,26066,19,W
3879,26063,26068,5,E
3873,26052,26068,16,W
3882,26069,26070,1,E
3875,26057,26070,13,W
3878,26062,26072,10,W
3880,26067,26074,7,W
3885,26075,26076,1,E
3883,26072,26076,4,W
3887,26077,26078,1,W
3888,26081,26082,1,E
3889,26082,26082,0,W
3892,26087,26088,1,E
3893,26087,26088,1,W
3895,26092,26092,0,W
3896,26093,26094,1,E
3898,26097,26098,1,W
3899,26099,26160,61,E
3901,26102,26160,58,W
3902,26105,26162,57,E
3903,26107,26162,55,W
3906,26111,26164,53,E
3907,26112,26164,52,W
3909,26117,26166,49,E
3910,26117,26166,49,W
3913,26123,26168,45,E
3912,26122,26168,46,W
3916,26129,26170,41,E
3915,26127,26170,43,W
3920,26135,26172,37,E
3918,26132,26172,40,W
3923,26141,26174,33,E
3921,26137,26174,37,W
3926,26147,26176,29,E
3924,26142,26176,34,W
3930,26153,26178,25,E
3927,26147,26178,31,W
3934,26159,26180,21,E
3929,26152,26180,28,W
3937,26165,26182,17,E
3933,26157,26182,25,W
3940,26171,26184,13,E
3935,26162,26184,22,W
3943,26177,26186,9,E
3938,26167,26186,19,W
3948,26183,26188,5,E
3942,26172,26188,16,W
3951,26189,26190,1,E
3944,26177,26190,13,W
3947,26182,26192,10,W
3949,26187,26194,7,W
3954,26195,26196,1,E
3952,26192,26196,4,W
3956,26197,26198,1,W
3957,26201,26202,1,E
3958,26202,26202,0,W
3961,26207,26208,1,E
3962,26207,26208,1,W
3964,26212,26212,0,W
3965,26213,26214,1,E
3967,26217,26218,1,W
3968,26219,26280,61,E
3970,26222,26280,58,W
3971,26225,26282,57,E
3972,26227,26282,55,W
3975,26231,26284,53,E
3976,26232,26284,52,W
3978,26237,26286,49,E
3979,26237,26286,49,W
3982,26243,26288,45,E
3981,26242,26288,46,W
3985,26249,26290,41,E
3984,26247,26290,43,W
3989,26255,26292,37,E
3987,26252,26292,40,W
3992,26261,26294,33,E
3990,26257,26294,37,W
3995,26267,26296,29,E
3993,26262,26296,34,W
3999,26273,26298,25,E
3996,26267,26298,31,W
4003,26279,26300,21,E
3998,26272,26300,28,W
4006,26285,26302,17,E
4002,26277,26302,25,W
4009,26291,26304,13,E
4004,26282,26304,22,W
4012,26297,26306,9,E
4007,26287,26306,19,W
4017,26303,26308,5,E
4011,26292,26308,16,W
4020,26309,26310,1,E
4013,26297,26310,13,W
4016,26302,26312,10,W
4018,26307,26314,7,W
4023,26315,26316,1,E
4021,26312,26316,4,W
4025,26317,26318,1,W
4026,26321,26322,1,E
4027,26322,26322,0,W
4030,26327,26328,1,E
4031,26327,26328,1,W
4033,26332,26332,0,W
4034,26333,26334,1,E
4036,26337,26338,1,W
4037,26339,26400,61,E
4039,26342,26400,58,W
4040,26345,26402,57,E
4041,26347,26402,55,W
4044,26351,26404,53,E
4045,26352,26404,52,W
4047,26357,26406,49,E
4048,26357,26406,49,W
4051,26363,26408,45,E
4050,26362,26408,46,W
4054,26369,26410,41,E
4053,26367,26410,43,W
4058,26375,26412,37,E
4056,26372,26412,40,W
4061,26381,26414,33,E
4059,26377,26414,37,W
4064,26387,26416,29,E
4062,26382,26416,34,W
4068,26393,26418,25,E
4065,26387,26418,31,W
4072,26399,26420,21,E
4067,26392,26420,28,W
4075,26405,26422,17,E
4071,26397,26422,25,W
4078,26411,26424,13,E
4073,26402,26424,22,W
4081,26417,26426,9,E
4076,26407,26426,19,W
4086,26423,26428,5,E
4080,26412,26428,16,W
4089,26429,26430,1,E
4082,26417,26430,13,W
4085,26422,26432,10,W
4087,26427,26434,7,W
4092,26435,26436,1,E
4090,26432,26436,4,W
4094,26437,26438,1,W
4095,26441,26442,1,E
4096,26442,26442,0,W
4099,26447,26448,1,E
4100,26447,26448,1,W
4102,26452,26452,0,W
4103,26453,26454,1,E
4105,26457,26458,1,W
4106,26459,26520,61,E
4108,26462,26520,58,W
4109,26465,26522,57,E
4110,26467,26522,55,W
4113,26471,26524,53,E
4114,26472,26524,52,W
4116,26477,26526,49,E
4117,26477,26526,49,W
4120,26483,26528,45,E
4119,26482,26528,46,W
4123,26489,26530,41,E
4122,26487,26530,43,W
4127,26495,26532,37,E
4125,26492,26532,40,W
4130,26501,26534,33,E
4128,26497,26534,37,W
4133,26507,26536,29,E
4131,26502,26536,34,W
4137,26513,26538,25,E
4134,26507,26538,31,W
4141,26519,26540,21,E
4136,26512,26540,28,W
4144,26525,26542,17,E
4140,26517,26542,25,W
4147,26531,26544,13,E
4142,26522,26544,22,W
4150,26537,26546,9,E
4145,26527,26546,19,W
4155,26543,26548,5,E
4149,26532,26548,16,W
4158,26549,26550,1,E
4151,26537,26550,13,W
4154,26542,26552,10,W
4156,26547,26554,7,W
4161,26555,26556,1,E
4159,26552,26556,4,W
4163,26557,26558,1,W
4164,26561,26562,1,E
4165,26562,26562,0,W
4168,26567,26568,1,E
4169,26567,26568,1,W
4171,26572,26572,0,W
4172,26573,26574,1,E
4174,26577,26578,1,W
4175,26579,26640,61,E
4177,26582,26640,58,W
4178,26585,26642,57,E
4179,26587,26642,55,W
4182,26591,26644,53,E
4183,26592,26644,52,W
4185,26597,26646,49,E
4186,26597,26646,49,W
4189,26603,26648,45,E
4188,26602,26648,46,W
4192,26609,26650,41,E
4191,26607,26650,43,W
4196,26615,26652,37,E
4194,26612,26652,40,W
4199,26621,26654,33,E
4197,26617,26654,37,W
4202,26627,26656,29,E
4200,26622,26656,34,W
4206,26633,26658,25,E
4203,26627,26658,31,W
4210,26639,26660,21,E
4205,26632,26660,28,W
4213,26645,26662,17,E
4209,26637,26662,25,W
4216,26651,26664,13,E
4211,26642,26664,22,W
4219,26657,26666,9,E
4214,26647,26666,19,W
4224,26663,26668,5,E
4218,26652,26668,16,W
4227,26669,26670,1,E
4220,26657,26670,13,W
4223,26662,26672,10,W
4225,26667,26674,7,W
4230,26675,26676,1,E
4228,26672,26676,4,W
4232,26677,26678,1,W
4233,26681,26682,1,E
4234,26682,26682,0,W
4237,26687,26688,1,E
4238,26687,26688,1,W
4240,26692,26692,0,W
4241,26693,26694,1,E
4243,26697,26698,1,W
4244,26699,26760,61,E
4246,26702,26760,58,W
4247,26705,26762,57,E
4248,26707,26762,55,W
4251,26711,26764,53,E
4252,26712,26764,52,W
4254,26717,26766,49,E
4255,26717,26766,49,W
4258,26723,26768,45,E
4257,26722,26768,46,W
4261,26729,26770,41,E
4260,26727,26770,43,W
4265,26735,26772,37,E
4263,26732,26772,40,W
4268,26741,26774,33,E
4266,26737,26774,37,W
4271,26747,26776,29,E
4269,26742,26776,34,W
4275,26753,26778,25,E
4272,26747,26778,31,W
4279,26759,26780,21,E
4274,26752,26780,28,W
4282,26765,26782,17,E
4278,26757,26782,25,W
4285,26771,26784,13,E
4280,26762,26784,22,W
4288,26777,26786,9,E
4283,26767,26786,19,W
4293,26783,26788,5,E
4287,26772,26788,16,W
4296,26789,26790,1,E
4289,26777,26790,13,W
4292,26782,26792,10,W
4294,26787,26794,7,W
4299,26795,26796,1,E
4297,26792,26796,4,W
4301,26797,26798,1,W
4302,26801,26802,1,E
4303,26802,26802,0,W
4306,26807,26808,1,E
4307,26807,26808,1,W
4309,26812,26812,0,W
4310,26813,26814,1,E
4312,26817,26818,1,W
4313,26819,26880,61,E
4315,26822,26880,58,W
4316,26825,26882,57,E
4317,26827,26882,55,W
4320,26831,26884,53,E
4321,26832,26884,52,W
4323,26837,26886,49,E
4324,26837,26886,49,W
4327,26843,26888,45,E
4326,26842,26888,46,W
4330,26849,26890,41,E
4329,26847,26890,43,W
4334,26855,26892,37,E
4332,26852,26892,40,W
4337,26861,26894,33,E
4335,26857,26894,37,W
4340,26867,26896,29,E
4338,26862,26896,34,W
4344,26873,26898,25,E
4341,26867,26898,31,W
4348,26879,26900,21,E
4343,26872,26900,28,W
4351,26885,26902,17,E
4347,26877,26902,25,W
4354,26891,26904,13,E
4349,26882,26904,22,W
4357,26897,26906,9,E
4352,26887,26906,19,W
4362,26903,26908,5,E
4356,26892,26908,16,W
4365,26909,26910,1,E
4358,26897,26910,13,W
4361,26902,26912,10,W
4363,26907,26914,7,W
4368,26915,26916,1,E
4366,26912,26916,4,W
4370,26917,26918,1,W
4371,26921,26922,1,E
4372,26922,26922,0,W
4375,26927,26928,1,E
4376,26927,26928,1,W
4378,26932,26932,0,W
4379,26933,26934,1,E
4381,26937,26938,1,W
4382,26939,27000,61,E
4384,26942,27000,58,W
4385,26945,27002,57,E
4386,26947,27002,55,W
4389,26951,27004,53,E
4390,26952,27004,52,W
4392,26957,27006,49,E
4393,26957,27006,49,W
4396,26963,27008,45,E
4395,26962,27008,46,W
4399,26969,27010,41,E
4398,26967,27010,43,W
4403,26975,27012,37,E
4401,26972,27012,40,W
4406,26981,27014,33,E
4404,26977,27014,37,W
4409,26987,27016,29,E
4407,26982,27016,34,W
4413,26993,27018,25,E
4410,26987,27018,31,W
4417,26999,27020,21,E
4412,26992,27020,28,W
4420,27005,27022,17,E
4416,26997,27022,25,W
4423,27011,27024,13,E
4418,27002,27024,22,W
4426,27017,27026,9,E
4421,27007,27026,19,W
4431,27023,27028,5,E
4425,27012,27028,16,W
4434,27029,27030,1,E
4427,27017,27030,13,W
4430,27022,27032,10,W
4432,27027,27034,7,W
4437,27035,27036,1,E
4435,27032,27036,4,W
4439,27037,27038,1,W
4440,27041,27042,1,E
4441,27042,27042,0,W
4444,27047,27048,1,E
4445,27047,27048,1,W
4447,27052,27052,0,W
4448,27053,27054,1,E
4450,27057,27058,1,W
4451,27059,27120,61,E
4453,27062,27120,58,W
4454,27065,27122,57,E
4455,27067,27122,55,W
4458,27071,27124,53,E
4459,27072,27124,52,W
4461,27077,27126,49,E
4462,27077,27126,49,W
4465,27083,27128,45,E
4464,27082,27128,46,W
4468,27089,27130,41,E
4467,27087,27130,43,W
4472,27095,27132,37,E
4470,27092,27132,40,W
4475,27101,27134,33,E
4473,27097,27134,37,W
4478,27107,27136,29,E
4476,27102,27136,34,W
4482,27113,27138,25,E
4479,27107,27138,31,W
4486,27119,27140,21,E
4481,27112,27140,28,W
4489,27125,27142,17,E
4485,27117,27142,25,W
4492,27131,27144,13,E
4487,27122,27144,22,W
4495,27137,27146,9,E
4490,27127,27146,19,W
4500,27143,27148,5,E
4494,27132,27148,16,W
4503,27149,27150,1,E
4496,27137,27150,13,W
4499,27142,27152,10,W
4501,27147,27154,7,W
4506,27155,27156,1,E
4504,27152,27156,4,W
4508,27157,27158,1,W
4509,27161,27162,1,E
4510,27162,27162,0,W
4513,27167,27168,1,E
4514,27167,27168,1,W
4516,27172,27172,0,W
4517,27173,27174,1,E
4519,27177,27178,1,W
4520,27179,27240,61,E
4522,27182,27240,58,W
4523,27185,27242,57,E
4524,27187,27242,55,W
4527,27191,27244,53,E
4528,27192,27244,52,W
4530,27197,27246,49,E
4531,27197,27246,49,W
4534,27203,27248,45,E
4533,27202,27248,46,W
4537,27209,27250,41,E
4536,27207,27250,43,W
4541,27215,27252,37,E
4539,27212,27252,40,W
4544,27221,27254,33,E
4542,27217,27254,37,W
4547,27227,27256,29,E
4545,27222,27256,34,W
4551,27233,27258,25,E
4548,27227,27258,31,W
4555,27239,27260,21,E
4550,27232,27260,28,W
4558,27245,27262,17,E
4554,27237,27262,25,W
4561,27251,27264,13,E
4556,27242,27264,22,W
4564,27257,27266,9,E
4559,27247,27266,19,W
4569,27263,27268,5,E
4563,27252,27268,16,W
4572,27269,27270,1,E
4565,27257,27270,13,W
4568,27262,27272,10,W
4570,27267,27274,7,W
4575,27275,27276,1,E
4573,27272,27276,4,W
4577,27277,27278,1,W
4578,27281,27282,1,E
4579,27282,27282,0,W
4582,27287,27288,1,E
4583,27287,27288,1,W
4585,27292,27292,0,W
4586,27293,27294,1,E
4588,27297,27298,1,W
4589,27299,27360,61,E
4591,27302,27360,58,W
4592,27305,27362,57,E
4593,27307,27362,55,W
4596,27311,27364,53,E
4597,27312,27364,52,W
4599,27317,27366,49,E
4600,27317,27366,49,W
4603,27323,27368,45,E
4602,27322,27368,46,W
4606,27329,27370,41,E
4605,27327,27370,43,W
4610,27335,27372,37,E
4608,27332,27372,40,W
4613,27341,27374,33,E
4611,27337,27374,37,W
4616,27347,27376,29,E
4614,27342,27376,34,W
4620,27353,27378,25,E
4617,27347,27378,31,W
4624,27359,27380,21,E
4619,27352,27380,28,W
4627,27365,27382,17,E
4623,27357,27382,25,W
4630,27371,27384,13,E
4625,27362,27384,22,W
4633,27377,27386,9,E
4628,27367,27386,19,W
4638,27383,27388,5,E
4632,27372,27388,16,W
4641,27389,27390,1,E
4634,27377,27390,13,W
4637,27382,27392,10,W
4639,27387,27394,7,W
4644,27395,27396,1,E
4642,27392,27396,4,W
4646,27397,27398,1,W
4647,27401,27402,1,E
4648,27402,27402,0,W
4651,27407,27408,1,E
4652,27407,27408,1,W
4654,27412,27412,0,W
4655,27413,27414,1,E
4657,27417,27418,1,W
4658,27419,27480,61,E
4660,27422,27480,58,W
4661,27425,27482,57,E
4662,27427,27482,55,W
4665,27431,27484,53,E
4666,27432,27484,52,W
4668,27437,27486,49,E
4669,27437,27486,49,W
4672,27443,27488,45,E
4671,27442,27488,46,W
4675,27449,27490,41,E
4674,27447,27490,43,W
4679,27455,27492,37,E
4677,27452,27492,40,W
4682,27461,27494,33,E
4680,27457,27494,37,W
4685,27467,27496,29,E
4683,27462,27496,34,W
4689,27473,27498,25,E
4686,27467,27498,31,W
4693,27479,27500,21,E
4688,27472,27500,28,W
4696,27485,27502,17,E
4692,27477,27502,25,W
4699,27491,27504,13,E
4694,27482,27504,22,W
4702,27497,27506,9,E
4697,27487,27506,19,W
4707,27503,27508,5,E
4701,27492,27508,16,W
4710,27509,27510,1,E
4703,27497,27510,13,W
4706,27502,27512,10,W
4708,27507,27514,7,W
4713,27515,27516,1,E
4711,27512,27516,4,W
4715,27517,27518,1,W
4716,27521,27522,1,E
4717,27522,27522,0,W
4720,27527,27528,1,E
4721,27527,27528,1,W
4723,27532,27532,0,W
4724,27533,27534,1,E
4726,27537,27538,1,W
4727,27539,27600,61,E
4729,27542,27600,58,W
4730,27545,27602,57,E
4731,27547,27602,55,W
4734,27551,27604,53,E
4735,27552,27604,52,W
4737,27557,27606,49,E
4738,27557,27606,49,W
4741,27563,27608,45,E
4740,27562,27608,46,W
4744,27569,27610,41,E
4743,27567,27610,43,W
4748,27575,27612,37,E
4746,27572,27612,40,W
4751,27581,27614,33,E
4749,27577,27614,37,W
4754,27587,27616,29,E
4752,27582,27616,34,W
4758,27593,27618,25,E
4755,27587,27618,31,W
4762,27599,27620,21,E
4757,27592,27620,28,W
4765,27605,27622,17,E
4761,27597,27622,25,W
4768,27611,27624,13,E
4763,27602,27624,22,W
4771,27617,27626,9,E
4766,27607,27626,19,W
4776,27623,27628,5,E
4770,27612,27628,16,W
4779,27629,27630,1,E
4772,27617,27630,13,W
4775,27622,27632,10,W
4777,27627,27634,7,W
4782,27635,27636,1,E
4780,27632,27636,4,W
4784,27637,27638,1,W
4785,27641,27642,1,E
4786,27642,27642,0,W
4789,27647,27648,1,E
4790,27647,27648,1,W
4792,27652,27652,0,W
4793,27653,27654,1,E
4795,27657,27658,1,W
4796,27659,27720,61,E
4798,27662,27720,58,W
4799,27665,27722,57,E
4800,27667,27722,55,W
4803,27671,27724,53,E
4804,27672,27724,52,W
4806,27677,27726,49,E
4807,27677,27726,49,W
4810,27683,27728,45,E
4809,27682,27728,46,W
4813,27689,27730,41,E
4812,27687,27730,43,W
4817,27695,27732,37,E
4815,27692,27732,40,W
4820,27701,27734,33,E
4818,27697,27734,37,W
4823,27707,27736,29,E
4821,27702,27736,34,W
4827,27713,27738,25,E
4824,27707,27738,31,W
4831,27719,27740,21,E
4826,27712,27740,28,W
4834,27725,27742,17,E
4830,27717,27742,25,W
4837,27731,27744,13,E
4832,27722,27744,22,W
4840,27737,27746,9,E
4835,27727,27746,19,W
4845,27743,27748,5,E
4839,27732,27748,16,W
4848,27749,27750,1,E
4841,27737,27750,13,W
4844,27742,27752,10,W
4846,27747,27754,7,W
4851,27755,27756,1,E
4849,27752,27756,4,W
4853,27757,27758,1,W
4854,27761,27762,1,E
4855,27762,27762,0,W
4858,27767,27768,1,E
4859,27767,27768,1,W
4861,27772,27772,0,W
4862,27773,27774,1,E
4864,27777,27778,1,W
4865,27779,27840,61,E
4867,27782,27840,58,W
4868,27785,27842,57,E
4869,27787,27842,55,W
4872,27791,27844,53,E
4873,27792,27844,52,W
4875,27797,27846,49,E
4876,27797,27846,49,W
4879,27803,27848,45,E
4878,27802,27848,46,W
4882,27809,27850,41,E
4881,27807,27850,43,W
4886,27815,27852,37,E
4884,27812,27852,40,W
4889,27821,27854,33,E
4887,27817,27854,37,W
4892,27827,27856,29,E
4890,27822,27856,34,W
4896,27833,27858,25,E
4893,27827,27858,31,W
4900,27839,27860,21,E
4895,27832,27860,28,W
4903,27845,27862,17,E
4899,27837,27862,25,W
4906,27851,27864,13,E
4901,27842,27864,22,W
4909,27857,27866,9,E
4904,27847,27866,19,W
4914,27863,27868,5,E
4908,27852,27868,16,W
4917,27869,27870,1,E
4910,27857,27870,13,W
4913,27862,27872,10,W
4915,27867,27874,7,W
4920,27875,27876,1,E
4918,27872,27876,4,W
4922,27877,27878,1,W
4923,27881,27882,1,E
4924,27882,27882,0,W
4927,27887,27888,1,E
4928,27887,27888,1,W
4930,27892,27892,0,W
4931,27893,27894,1,E
4933,27897,27898,1,W
4934,27899,27960,61,E
4936,27902,27960,58,W
4937,27905,27962,57,E
4938,27907,27962,55,W
4941,27911,27964,53,E
4942,27912,27964,52,W
4944,27917,27966,49,E
4945,27917,27966,49,W
4948,27923,27968,45,E
4947,27922,27968,46,W
4951,27929,27970,41,E
4950,27927,27970,43,W
4955,27935,27972,37,E
4953,27932,27972,40,W
4958,27941,27974,33,E
4956,27937,27974,37,W
4961,27947,27976,29,E
4959,27942,27976,34,W
4965,27953,27978,25,E
4962,27947,27978,31,W
4969,27959,27980,21,E
4964,27952,27980,28,W
4972,27965,27982,17,E
4968,27957,27982,25,W
4975,27971,27984,13,E
4970,27962,27984,22,W
4978,27977,27986,9,E
4973,27967,27986,19,W
4983,27983,27988,5,E
4977,27972,27988,16,W
4986,27989,27990,1,E
4979,27977,27990,13,W
4982,27982,27992,10,W
4984,27987,27994,7,W
4989,27995,27996,1,E
4987,27992,27996,4,W
4991,27997,27998,1,W
4992,28001,28002,1,E
4993,28002,28002,0,W
4996,28007,28008,1,E
4997,28007,28008,1,W
4999,28012,28012,0,W
5000,28013,28014,1,E
5002,28017,28018,1,W
5003,28019,28080,61,E
5005,28022,28080,58,W
5006,28025,28082,57,E
5007,28027,28082,55,W
5010,28031,28084,53,E
5011,28032,28084,52,W
5013,28037,28086,49,E
5014,28037,28086,49,W
5017,28043,28088,45,E
5016,28042,28088,46,W
5020,28049,28090,41,E
5019,28047,28090,43,W
5024,28055,28092,37,E
5022,28052,28092,40,W
5027,28061,28094,33,E
5025,28057,28094,37,W
5030,28067,28096,29,E
5028,28062,28096,34,W
5034,28073,28098,25,E
5031,28067,28098,31,W
5038,28079,28100,21,E
5033,28072,28100,28,W
5041,28085,28102,17,E
5037,28077,28102,25,W
5044,28091,28104,13,E
5039,28082,28104,22,W
5047,28097,28106,9,E
5042,28087,28106,19,W
5052,28103,28108,5,E
5046,28092,28108,16,W
5055,28109,28110,1,E
5048,28097,28110,13,W
5051,28102,28112,10,W
5053,28107,28114,7,W
5058,28115,28116,1,E
5056,28112,28116,4,W
5060,28117,28118,1,W
5061,28121,28122,1,E
5062,28122,28122,0,W
5065,28127,28128,1,E
5066,28127,28128,1,W
5068,28132,28132,0,W
5069,28133,28134,1,E
5071,28137,28138,1,W
5072,28139,28200,61,E
5074,28142,28200,58,W
5075,28145,28202,57,E
5076,28147,28202,55,W
5079,28151,28204,53,E
5080,28152,28204,52,W
5082,28157,28206,49,E
5083,28157,28206,49,W
5086,28163,28208,45,E
5085,28162,28208,46,W
5089,28169,28210,41,E
5088,28167,28210,43,W
5093,28175,28212,37,E
5091,28172,28212,40,W
5096,28181,28214,33,E
5094,28177,28214,37,W
5099,28187,28216,29,E
5097,28182,28216,34,W
5103,28193,28218,25,E
5100,28187,28218,31,W
5107,28199,28220,21,E
5102,28192,28220,28,W
5110,28205,28222,17,E
5106,28197,28222,25,W
5113,28211,28224,13,E
5108,28202,28224,22,W
5116,28217,28226,9,E
5111,28207,28226,19,W
5121,28223,28228,5,E
5115,28212,28228,16,W
5124,28229,28230,1,E
5117,28217,28230,13,W
5120,28222,28232,10,W
5122,28227,28234,7,W
5127,28235,28236,1,E
5125,28232,28236,4,W
5129,28237,28238,1,W
5130,28241,28242,1,E
5131,28242,28242,0,W
5134,28247,28248,1,E
5135,28247,28248,1,W
5137,28252,28252,0,W
5138,28253,28254,1,E
5140,28257,28258,1,W
5141,28259,28320,61,E
5143,28262,28320,58,W
5144,28265,28322,57,E
5145,28267,28322,55,W
5148,28271,28324,53,E
5149,28272,28324,52,W
5151,28277,28326,49,E
5152,28277,28326,49,W
5155,28283,28328,45,E
5154,28282,28328,46,W
5158,28289,28330,41,E
5157,28287,28330,43,W
5162,28295,28332,37,E
5160,28292,28332,40,W
5165,28301,28334,33,E
5163,28297,28334,37,W
5168,28307,28336,29,E
5166,28302,28336,34,W
5172,28313,28338,25,E
5169,28307,28338,31,W
5176,28319,28340,21,E
5171,28312,28340,28,W
5179,28325,28342,17,E
5175,28317,28342,25,W
5182,28331,28344,13,E
5177,28322,28344,22,W
5185,28337,28346,9,E
5180,28327,28346,19,W
5190,28343,28348,5,E
5184,28332,28348,16,W
5193,28349,28350,1,E
5186,28337,28350,13,W
5189,28342,28352,10,W
5191,28347,28354,7,W
5196,28355,28356,1,E
5194,28352,28356,4,W
5198,28357,28358,1,W
5199,28361,28362,1,E
5200,28362,28362,0,W
5203,28367,28368,1,E
5204,28367,28368,1,W
5206,28372,28372,0,W
5207,28373,28374,1,E
5209,28377,28378,1,W
5210,28379,28440,61,E
5212,28382,28440,58,W
5213,28385,28442,57,E
5214,28387,28442,55,W
5217,28391,28444,53,E
5218,28392,28444,52,W
5220,28397,28446,49,E
5221,28397,28446,49,W
5224,28403,28448,45,E
5223,28402,28448,46,W
5227,28409,28450,41,E
5226,28407,28450,43,W
5231,28415,28452,37,E
5229,28412,28452,40,W
5234,28421,28454,33,E
5232,28417,28454,37,W
5237,28427,28456,29,E
5235,28422,28456,34,W
5241,28433,28458,25,E
5238,28427,28458,31,W
5245,28439,28460,21,E
5240,28432,28460,28,W
5248,28445,28462,17,E
5244,28437,28462,25,W
5251,28451,28464,13,E
5246,28442,28464,22,W
5254,28457,28466,9,E
5249,28447,28466,19,W
5259,28463,28468,5,E
5253,28452,28468,16,W
5262,28469,28470,1,E
5255,28457,28470,13,W
5258,28462,28472,10,W
5260,28467,28474,7,W
5265,28475,28476,1,E
5263,28472,28476,4,W
5267,28477,28478,1,W
5268,28481,28482,1,E
5269,28482,28482,0,W
5272,28487,28488,1,E
5273,28487,28488,1,W
5275,28492,28492,0,W
5276,28493,28494,1,E
5278,28497,28498,1,W
5279,28499,28560,61,E
5281,28502,28560,58,W
5282,28505,28562,57,E
5283,28507,28562,55,W
5286,28511,28564,53,E
5287,28512,28564,52,W
5289,28517,28566,49,E
5290,28517,28566,49,W
5293,28523,28568,45,E
5292,28522,28568,46,W
5296,28529,28570,41,E
5295,28527,28570,43,W
5300,28535,28572,37,E
5298,28532,28572,40,W
5303,28541,28574,33,E
5301,28537,28574,37,W
5306,28547,28576,29,E
5304,28542,28576,34,W
5310,28553,28578,25,E
5307,28547,28578,31,W
5314,28559,28580,21,E
5309,28552,28580,28,W
5317,28565,28582,17,E
5313,28557,28582,25,W
5320,28571,28584,13,E
5315,28562,28584,22,W
5323,28577,28586,9,E
5318,28567,28586,19,W
5328,28583,28588,5,E
5322,28572,28588,16,W
5331,28589,28590,1,E
5324,28577,28590,13,W
5327,28582,28592,10,W
5329,28587,28594,7,W
5334,28595,28596,1,E
5332,28592,28596,4,W
5336,28597,28598,1,W
5337,28601,28602,1,E
5338,28602,28602,0,W
5341,28607,28608,1,E
5342,28607,28608,1,W
5344,28612,28612,0,W
5345,28613,28614,1,E
5347,28617,28618,1,W
5348,28619,28680,61,E
5350,28622,28680,58,W
5351,28625,28682,57,E
5352,28627,28682,55,W
5355,28631,28684,53,E
5356,28632,28684,52,W
5358,28637,28686,49,E
5359,28637,28686,49,W
5362,28643,28688,45,E
5361,28642,28688,46,W
5365,28649,28690,41,E
5364,28647,28690,43,W
5369,28655,28692,37,E
5367,28652,28692,40,W
5372,28661,28694,33,E
5370,28657,28694,37,W
5375,28667,28696,29,E
5373,28662,28696,34,W
5379,28673,28698,25,E
5376,28667,28698,31,W
5383,28679,28700,21,E
5378,28672,28700,28,W
5386,28685,28702,17,E
5382,28677,28702,25,W
5389,28691,28704,13,E
5384,28682,28704,22,W
5392,28697,28706,9,E
5387,28687,28706,19,W
5397,28703,28708,5,E
5391,28692,28708,16,W
5400,28709,28710,1,E
5393,28697,28710,13,W
5396,28702,28712,10,W
5398,28707,28714,7,W
5403,28715,28716,1,E
5401,28712,28716,4,W
5405,28717,28718,1,W
5406,28721,28722,1,E
5407,28722,28722,0,W
5410,28727,28728,1,E
5411,28727,28728,1,W
5413,28732,28732,0,W
5414,28733,28734,1,E
5416,28737,28738,1,W
5417,28739,28800,61,E
5419,28742,28800,58,W
5420,28745,28802,57,E
5421,28747,28802,55,W
5424,28751,28804,53,E
5425,28752,28804,52,W
5427,28757,28806,49,E
5428,28757,28806,49,W
5431,28763,28808,45,E
5430,28762,28808,46,W
5434,28769,28810,41,E
5433,28767,28810,43,W
5438,28775,28812,37,E
5436,28772,28812,40,W
5441,28781,28814,33,E
5439,28777,28814,37,W
5444,28787,28816,29,E
5442,28782,28816,34,W
5448,28793,28818,25,E
5445,28787,28818,31,W
5452,28799,28820,21,E
5447,28792,28820,28,W
5455,28805,28822,17,E
5451,28797,28822,25,W
5458,28811,28824,13,E
5453,28802,28824,22,W
5461,28817,28826,9,E
5456,28807,28826,19,W
5466,28823,28828,5,E
5460,28812,28828,16,W
5469,28829,28830,1,E
5462,28817,28830,13,W
5465,28822,28832,10,W
5467,28827,28834,7,W
5472,28835,28836,1,E
5470,28832,28836,4,W
5474,28837,28838,1,W
5475,28841,28842,1,E
5476,28842,28842,0,W
5478,28847,28848,1,E
5479,28847,28848,1,W
5482,28852,28852,0,W
5483,28853,28854,1,E
5484,28857,28858,1,W
5485,28859,28920,61,E
5488,28862,28920,58,W
5489,28865,28922,57,E
5490,28867,28922,55,W
5492,28871,28924,53,E
5493,28872,28924,52,W
5496,28877,28926,49,E
5497,28877,28926,49,W
5499,28883,28928,45,E
5498,28882,28928,46,W
5503,28889,28930,41,E
5502,28887,28930,43,W
5506,28895,28932,37,E
5505,28892,28932,40,W
5510,28901,28934,33,E
5507,28897,28934,37,W
5512,28907,28936,29,E
5511,28902,28936,34,W
5517,28913,28938,25,E
5513,28907,28938,31,W
5520,28919,28940,21,E
5515,28912,28940,28,W
5523,28925,28942,17,E
5519,28917,28942,25,W
5526,28931,28944,13,E
5521,28922,28944,22,W
5529,28937,28946,9,E
5525,28927,28946,19,W
5534,28943,28948,5,E
5528,28932,28948,16,W
5537,28949,28950,1,E
5530,28937,28950,13,W
5533,28942,28952,10,W
5535,28947,28954,7,W
5540,28955,28956,1,E
5539,28952,28956,4,W
5542,28957,28958,1,W
5543,28961,28962,1,E
5544,28962,28962,0,W
5547,28967,28968,1,E
5548,28967,28968,1,W
5550,28972,28972,0,W
5551,28973,28974,1,E
5552,28977,28978,1,W
5554,28979,29040,61,E
5556,28982,29040,58,W
5557,28985,29042,57,E
5558,28987,29042,55,W
5561,28991,29044,53,E
5562,28992,29044,52,W
5564,28997,29046,49,E
5565,28997,29046,49,W
5567,29003,29048,45,E
5566,29002,29048,46,W
5571,29009,29050,41,E
5570,29007,29050,43,W
5574,29015,29052,37,E
5573,29012,29052,40,W
5578,29021,29054,33,E
5576,29017,29054,37,W
5580,29027,29056,29,E
5579,29022,29056,34,W
5585,29033,29058,25,E
5581,29027,29058,31,W
5588,29039,29060,21,E
5584,29032,29060,28,W
5592,29045,29062,17,E
5587,29037,29062,25,W
5594,29051,29064,13,E
5589,29042,29064,22,W
5598,29057,29066,9,E
5593,29047,29066,19,W
5602,29063,29068,5,E
5596,29052,29068,16,W
5606,29069,29070,1,E
5599,29057,29070,13,W
5601,29062,29072,10,W
5603,29067,29074,7,W
5608,29075,29076,1,E
5607,29072,29076,4,W
5610,29077,29078,1,W
5611,29081,29082,1,E
5613,29082,29082,0,W
5615,29087,29088,1,E
5616,29087,29088,1,W
5618,29092,29092,0,W
5619,29093,29094,1,E
5621,29097,29098,1,W
5622,29099,29160,61,E
5624,29102,29160,58,W
5625,29105,29162,57,E
5626,29107,29162,55,W
5629,29111,29164,53,E
5630,29112,29164,52,W
5632,29117,29166,49,E
5633,29117,29166,49,W
5636,29123,29168,45,E
5635,29122,29168,46,W
5639,29129,29170,41,E
5638,29127,29170,43,W
5643,29135,29172,37,E
5641,29132,29172,40,W
5646,29141,29174,33,E
5644,29137,29174,37,W
5649,29147,29176,29,E
5647,29142,29176,34,W
5653,29153,29178,25,E
5650,29147,29178,31,W
5656,29159,29180,21,E
5652,29152,29180,28,W
5660,29165,29182,17,E
5655,29157,29182,25,W
5662,29171,29184,13,E
5658,29162,29184,22,W
5666,29177,29186,9,E
5661,29167,29186,19,W
5670,29183,29188,5,E
5664,29172,29188,16,W
5674,29189,29190,1,E
5667,29177,29190,13,W
5669,29182,29192,10,W
5672,29187,29194,7,W
5676,29195,29196,1,E
5675,29192,29196,4,W
5678,29197,29198,1,W
5680,29201,29202,1,E
5681,29202,29202,0,W
5683,29207,29208,1,E
5684,29207,29208,1,W
5687,29212,29212,0,W
5688,29213,29214,1,E
5689,29217,29218,1,W
5690,29219,29280,61,E
5692,29222,29280,58,W
5694,29225,29282,57,E
5695,29227,29282,55,W
5697,29231,29284,53,E
5698,29232,29284,52,W
5700,29237,29286,49,E
5701,29237,29286,49,W
5704,29243,29288,45,E
5703,29242,29288,46,W
5707,29249,29290,41,E
5706,29247,29290,43,W
5711,29255,29292,37,E
5710,29252,29292,40,W
5714,29261,29294,33,E
5712,29257,29294,37,W
5717,29267,29296,29,E
5715,29262,29296,34,W
5721,29273,29298,25,E
5718,29267,29298,31,W
5725,29279,29300,21,E
5720,29272,29300,28,W
5728,29285,29302,17,E
5724,29277,29302,25,W
5731,29291,29304,13,E
5726,29282,29304,22,W
5734,29297,29306,9,E
5729,29287,29306,19,W
5739,29303,29308,5,E
5733,29292,29308,16,W
5742,29309,29310,1,E
5735,29297,29310,13,W
5737,29302,29312,10,W
5740,29307,29314,7,W
5744,29315,29316,1,E
5743,29312,29316,4,W
5747,29317,29318,1,W
5748,29321,29322,1,E
5749,29322,29322,0,W
5751,29327,29328,1,E
5752,29327,29328,1,W
5755,29332,29332,0,W
5756,29333,29334,1,E
5757,29337,29338,1,W
5758,29339,29400,61,E
5761,29342,29400,58,W
5762,29345,29402,57,E
5763,29347,29402,55,W
5765,29351,29404,53,E
5766,29352,29404,52,W
5769,29357,29406,49,E
5770,29357,29406,49,W
5772,29363,29408,45,E
5771,29362,29408,46,W
5776,29369,29410,41,E
5774,29367,29410,43,W
5779,29375,29412,37,E
5778,29372,29412,40,W
5783,29381,29414,33,E
5780,29377,29414,37,W
5785,29387,29416,29,E
5784,29382,29416,34,W
5789,29393,29418,25,E
5786,29387,29418,31,W
5793,29399,29420,21,E
5788,29392,29420,28,W
5796,29405,29422,17,E
5792,29397,29422,25,W
5799,29411,29424,13,E
5794,29402,29424,22,W
5802,29417,29426,9,E
5798,29407,29426,19,W
5807,29423,29428,5,E
5801,29412,29428,16,W
5810,29429,29430,1,E
5803,29417,29430,13,W
5806,29422,29432,10,W
5808,29427,29434,7,W
5813,29435,29436,1,E
5811,29432,29436,4,W
5815,29437,29438,1,W
5816,29441,29442,1,E
5817,29442,29442,0,W
5820,29447,29448,1,E
5821,29447,29448,1,W
5823,29452,29452,0,W
5824,29453,29454,1,E
5825,29457,29458,1,W
5827,29459,29520,61,E
5829,29462,29520,58,W
5830,29465,29522,57,E
5831,29467,29522,55,W
5833,29471,29524,53,E
5835,29472,29524,52,W
5837,29477,29526,49,E
5838,29477,29526,49,W
5840,29483,29528,45,E
5839,29482,29528,46,W
5844,29489,29530,41,E
5843,29487,29530,43,W
5847,29495,29532,37,E
5846,29492,29532,40,W
5851,29501,29534,33,E
5848,29497,29534,37,W
5853,29507,29536,29,E
5852,29502,29536,34,W
5858,29513,29538,25,E
5854,29507,29538,31,W
5861,29519,29540,21,E
5857,29512,29540,28,W
5865,29525,29542,17,E
5860,29517,29542,25,W
5867,29531,29544,13,E
5862,29522,29544,22,W
5871,29537,29546,9,E
5866,29527,29546,19,W
5875,29543,29548,5,E
5869,29532,29548,16,W
5878,29549,29550,1,E
5872,29537,29550,13,W
5874,29542,29552,10,W
5876,29547,29554,7,W
5881,29555,29556,1,E
5880,29552,29556,4,W
5883,29557,29558,1,W
5884,29561,29562,1,E
5885,29562,29562,0,W
5888,29567,29568,1,E
5889,29567,29568,1,W
5891,29572,29572,0,W
5892,29573,29574,1,E
5894,29577,29578,1,W
5895,29579,29640,61,E
5897,29582,29640,58,W
5898,29585,29642,57,E
5899,29587,29642,55,W
5902,29591,29644,53,E
5903,29592,29644,52,W
5905,29597,29646,49,E
5906,29597,29646,49,W
5909,29603,29648,45,E
5908,29602,29648,46,W
5912,29609,29650,41,E
5911,29607,29650,43,W
5916,29615,29652,37,E
5914,29612,29652,40,W
5919,29621,29654,33,E
5917,29617,29654,37,W
5921,29627,29656,29,E
5920,29622,29656,34,W
5926,29633,29658,25,E
5922,29627,29658,31,W
5929,29639,29660,21,E
5925,29632,29660,28,W
5933,29645,29662,17,E
5928,29637,29662,25,W
5935,29651,29664,13,E
5931,29642,29664,22,W
5939,29657,29666,9,E
5934,29647,29666,19,W
5943,29663,29668,5,E
5937,29652,29668,16,W
5947,29669,29670,1,E
5940,29657,29670,13,W
5942,29662,29672,10,W
5945,29667,29674,7,W
5949,29675,29676,1,E
5948,29672,29676,4,W
5951,29677,29678,1,W
5953,29681,29682,1,E
5954,29682,29682,0,W
5956,29687,29688,1,E
5957,29687,29688,1,W
5959,29692,29692,0,W
5961,29693,29694,1,E
5962,29697,29698,1,W
5963,29699,29760,61,E
5965,29702,29760,58,W
5966,29705,29762,57,E
5968,29707,29762,55,W
5970,29711,29764,53,E
5971,29712,29764,52,W
5973,29717,29766,49,E
5974,29717,29766,49,W
5977,29723,29768,45,E
5976,29722,29768,46,W
5980,29729,29770,41,E
5979,29727,29770,43,W
5984,29735,29772,37,E
5983,29732,29772,40,W
5987,29741,29774,33,E
5985,29737,29774,37,W
5990,29747,29776,29,E
5988,29742,29776,34,W
5994,29753,29778,25,E
5991,29747,29778,31,W
5998,29759,29780,21,E
5993,29752,29780,28,W
6001,29765,29782,17,E
5996,29757,29782,25,W
6004,29771,29784,13,E
5999,29762,29784,22,W
6007,29777,29786,9,E
6002,29767,29786,19,W
6011,29783,29788,5,E
6006,29772,29788,16,W
6015,29789,29790,1,E
6008,29777,29790,13,W
6010,29782,29792,10,W
6013,29787,29794,7,W
6017,29795,29796,1,E
6016,29792,29796,4,W
6020,29797,29798,1,W
6021,29801,29802,1,E
6022,29802,29802,0,W
6024,29807,29808,1,E
6025,29807,29808,1,W
6028,29812,29812,0,W
6029,29813,29814,1,E
6030,29817,29818,1,W
6031,29819,29880,61,E
6033,29822,29880,58,W
6035,29825,29882,57,E
6036,29827,29882,55,W
6038,29831,29884,53,E
6039,29832,29884,52,W
6042,29837,29886,49,E
6043,29837,29886,49,W
6045,29843,29888,45,E
6044,29842,29888,46,W
6049,29849,29890,41,E
6047,29847,29890,43,W
6052,29855,29892,37,E
6051,29852,29892,40,W
6055,29861,29894,33,E
6053,29857,29894,37,W
6058,29867,29896,29,E
6057,29862,29896,34,W
6062,29873,29898,25,E
6059,29867,29898,31,W
6066,29879,29900,21,E
6061,29872,29900,28,W
6069,29885,29902,17,E
6065,29877,29902,25,W
6072,29891,29904,13,E
6067,29882,29904,22,W
6075,29897,29906,9,E
6070,29887,29906,19,W
6080,29903,29908,5,E
6074,29892,29908,16,W
6083,29909,29910,1,E
6076,29897,29910,13,W
6079,29902,29912,10,W
6081,29907,29914,7,W
6086,29915,29916,1,E
6084,29912,29916,4,W
6088,29917,29918,1,W
6089,29921,29922,1,E
6090,29922,29922,0,W
6093,29927,29928,1,E
6094,29927,29928,1,W
6096,29932,29932,0,W
6097,29933,29934,1,E
6098,29937,29938,1,W
6099,29939,30000,61,E
6102,29942,30000,58,W
6103,29945,30002,57,E
6104,29947,30002,55,W
6106,29951,30004,53,E
6107,29952,30004,52,W
6110,29957,30006,49,E
6111,29957,30006,49,W
6113,29963,30008,45,E
6112,29962,30008,46,W
6117,29969,30010,41,E
6116,29967,30010,43,W
6120,29975,30012,37,E
6119,29972,30012,40,W
6124,29981,30014,33,E
6121,29977,30014,37,W
6126,29987,30016,29,E
6125,29982,30016,34,W
6131,29993,30018,25,E
6127,29987,30018,31,W
6134,29999,30020,21,E
6130,29992,30020,28,W
6138,30005,30022,17,E
6133,29997,30022,25,W
6140,30011,30024,13,E
6135,30002,30024,22,W
6143,30017,30026,9,E
6139,30007,30026,19,W
6148,30023,30028,5,E
6142,30012,30028,16,W
6151,30029,30030,1,E
6144,30017,30030,13,W
6147,30022,30032,10,W
6149,30027,30034,7,W
6154,30035,30036,1,E
6153,30032,30036,4,W
6156,30037,30038,1,W
6157,30041,30042,1,E
6158,30042,30042,0,W
6161,30047,30048,1,E
6162,30047,30048,1,W
6164,30052,30052,0,W
6165,30053,30054,1,E
6167,30057,30058,1,W
6168,30059,30120,61,E
6170,30062,30120,58,W
6171,30065,30122,57,E
6172,30067,30122,55,W
6175,30071,30124,53,E
6176,30072,30124,52,W
6178,30077,30126,49,E
6179,30077,30126,49,W
6182,30083,30128,45,E
6180,30082,30128,46,W
6185,30089,30130,41,E
6184,30087,30130,43,W
6188,30095,30132,37,E
6187,30092,30132,40,W
6192,30101,30134,33,E
6190,30097,30134,37,W
6194,30107,30136,29,E
6193,30102,30136,34,W
6199,30113,30138,25,E
6195,30107,30138,31,W
6202,30119,30140,21,E
6198,30112,30140,28,W
6206,30125,30142,17,E
6201,30117,30142,25,W
6208,30131,30144,13,E
6204,30122,30144,22,W
6212,30137,30146,9,E
6207,30127,30146,19,W
6216,30143,30148,5,E
6210,30132,30148,16,W
6220,30149,30150,1,E
6213,30137,30150,13,W
6215,30142,30152,10,W
6217,30147,30154,7,W
6222,30155,30156,1,E
6221,30152,30156,4,W
6224,30157,30158,1,W
6226,30161,30162,1,E
6227,30162,30162,0,W
6229,30167,30168,1,E
6230,30167,30168,1,W
6232,30172,30172,0,W
6233,30173,30174,1,E
6235,30177,30178,1,W
6236,30179,30240,61,E
6238,30182,30240,58,W
6239,30185,30242,57,E
6241,30187,30242,55,W
6243,30191,30244,53,E
6244,30192,30244,52,W
6246,30197,30246,49,E
6247,30197,30246,49,W
6250,30203,30248,45,E
6249,30202,30248,46,W
6253,30209,30250,41,E
6252,30207,30250,43,W
6257,30215,30252,37,E
6255,30212,30252,40,W
6260,30221,30254,33,E
6258,30217,30254,37,W
6263,30227,30256,29,E
6261,30222,30256,34,W
6267,30233,30258,25,E
6264,30227,30258,31,W
6271,30239,30260,21,E
6266,30232,30260,28,W
6274,30245,30262,17,E
6269,30237,30262,25,W
6276,30251,30264,13,E
6272,30242,30264,22,W
6280,30257,30266,9,E
6275,30247,30266,19,W
6284,30263,30268,5,E
6279,30252,30268,16,W
6288,30269,30270,1,E
6281,30257,30270,13,W
6283,30262,30272,10,W
6286,30267,30274,7,W
6290,30275,30276,1,E
6289,30272,30276,4,W
6292,30277,30278,1,W
6294,30281,30282,1,E
6295,30282,30282,0,W
6297,30287,30288,1,E
6298,30287,30288,1,W
6301,30292,30292,0,W
6302,30293,30294,1,E
6303,30297,30298,1,W
6304,30299,30360,61,E
6306,30302,30360,58,W
6308,30305,30362,57,E
6309,30307,30362,55,W
6311,30311,30364,53,E
6312,30312,30364,52,W
6315,30317,30366,49,E
6316,30317,30366,49,W
6318,30323,30368,45,E
6317,30322,30368,46,W
6321,30329,30370,41,E
6320,30327,30370,43,W
6325,30335,30372,37,E
6324,30332,30372,40,W
6328,30341,30374,33,E
6326,30337,30374,37,W
6331,30347,30376,29,E
6329,30342,30376,34,W
6335,30353,30378,25,E
6332,30347,30378,31,W
6339,30359,30380,21,E
6334,30352,30380,28,W
6342,30365,30382,17,E
6338,30357,30382,25,W
6345,30371,30384,13,E
6340,30362,30384,22,W
6348,30377,30386,9,E
6343,30367,30386,19,W
6353,30383,30388,5,E
6347,30372,30388,16,W
6356,30389,30390,1,E
6349,30377,30390,13,W
6352,30382,30392,10,W
6354,30387,30394,7,W
6359,30395,30396,1,E
6357,30392,30396,4,W
6361,30397,30398,1,W
6362,30401,30402,1,E
6363,30402,30402,0,W
6365,30407,30408,1,E
6366,30407,30408,1,W
6369,30412,30412,0,W
6370,30413,30414,1,E
6371,30417,30418,1,W
6372,30419,30480,61,E
6375,30422,30480,58,W
6376,30425,30482,57,E
6377,30427,30482,55,W
6379,30431,30484,53,E
6380,30432,30484,52,W
6383,30437,30486,49,E
6384,30437,30486,49,W
6386,30443,30488,45,E
6385,30442,30488,46,W
6390,30449,30490,41,E
6389,30447,30490,43,W
6393,30455,30492,37,E
6392,30452,30492,40,W
6397,30461,30494,33,E
6394,30457,30494,37,W
6399,30467,30496,29,E
6398,30462,30496,34,W
6404,30473,30498,25,E
6400,30467,30498,31,W
6407,30479,30500,21,E
6402,30472,30500,28,W
6410,30485,30502,17,E
6406,30477,30502,25,W
6413,30491,30504,13,E
6408,30482,30504,22,W
6416,30497,30506,9,E
6412,30487,30506,19,W
6421,30503,30508,5,E
6415,30492,30508,16,W
6424,30509,30510,1,E
6417,30497,30510,13,W
6420,30502,30512,10,W
6422,30507,30514,7,W
6427,30515,30516,1,E
6426,30512,30516,4,W
6429,30517,30518,1,W
6430,30521,30522,1,E
6431,30522,30522,0,W
6434,30527,30528,1,E
6435,30527,30528,1,W
6437,30532,30532,0,W
6438,30533,30534,1,E
6439,30537,30538,1,W
6441,30539,30600,61,E
6443,30542,30600,58,W
6444,30545,30602,57,E
6445,30547,30602,55,W
6448,30551,30604,53,E
6449,30552,30604,52,W
6451,30557,30606,49,E
6452,30557,30606,49,W
6454,30563,30608,45,E
6453,30562,30608,46,W
6458,30569,30610,41,E
6457,30567,30610,43,W
6461,30575,30612,37,E
6460,30572,30612,40,W
6465,30581,30614,33,E
6463,30577,30614,37,W
6467,30587,30616,29,E
6466,30582,30616,34,W
6472,30593,30618,25,E
6468,30587,30618,31,W
6475,30599,30620,21,E
6471,30592,30620,28,W
6479,30605,30622,17,E
6474,30597,30622,25,W
6481,30611,30624,13,E
6476,30602,30624,22,W
6485,30617,30626,9,E
6480,30607,30626,19,W
6489,30623,30628,5,E
6483,30612,30628,16,W
6493,30629,30630,1,E
6486,30617,30630,13,W
6488,30622,30632,10,W
6490,30627,30634,7,W
6495,30635,30636,1,E
6494,30632,30636,4,W
6497,30637,30638,1,W
6498,30641,30642,1,E
6500,30642,30642,0,W
6502,30647,30648,1,E
6503,30647,30648,1,W
6505,30652,30652,0,W
6506,30653,30654,1,E
6508,30657,30658,1,W
6509,30659,30720,61,E
6511,30662,30720,58,W
6512,30665,30722,57,E
6513,30667,30722,55,W
6516,30671,30724,53,E
6517,30672,30724,52,W
6519,30677,30726,49,E
6520,30677,30726,49,W
6523,30683,30728,45,E
6522,30682,30728,46,W
6526,30689,30730,41,E
6525,30687,30730,43,W
6530,30695,30732,37,E
6528,30692,30732,40,W
6533,30701,30734,33,E
6531,30697,30734,37,W
6536,30707,30736,29,E
6534,30702,30736,34,W
6540,30713,30738,25,E
6537,30707,30738,31,W
6543,30719,30740,21,E
6539,30712,30740,28,W
6547,30725,30742,17,E
6542,30717,30742,25,W
6549,30731,30744,13,E
6545,30722,30744,22,W
6553,30737,30746,9,E
6548,30727,30746,19,W
6557,30743,30748,5,E
6551,30732,30748,16,W
6561,30749,30750,1,E
6554,30737,30750,13,W
6556,30742,30752,10,W
6559,30747,30754,7,W
6563,30755,30756,1,E
6562,30752,30756,4,W
6565,30757,30758,1,W
6567,30761,30762,1,E
6568,30762,30762,0,W
6570,30767,30768,1,E
6571,30767,30768,1,W
6574,30772,30772,0,W
6575,30773,30774,1,E
6576,30777,30778,1,W
6577,30779,30840,61,E
6579,30782,30840,58,W
6581,30785,30842,57,E
6582,30787,30842,55,W
6584,30791,30844,53,E
6585,30792,30844,52,W
6587,30797,30846,49,E
6588,30797,30846,49,W
6591,30803,30848,45,E
6590,30802,30848,46,W
6594,30809,30850,41,E
6593,30807,30850,43,W
6598,30815,30852,37,E
6597,30812,30852,40,W
6601,30821,30854,33,E
6599,30817,30854,37,W
6604,30827,30856,29,E
6602,30822,30856,34,W
6608,30833,30858,25,E
6605,30827,30858,31,W
6612,30839,30860,21,E
6607,30832,30860,28,W
6615,30845,30862,17,E
6611,30837,30862,25,W
6618,30851,30864,13,E
6613,30842,30864,22,W
6621,30857,30866,9,E
6616,30847,30866,19,W
6626,30863,30868,5,E
6620,30852,30868,16,W
6629,30869,30870,1,E
6622,30857,30870,13,W
6624,30862,30872,10,W
6627,30867,30874,7,W
6631,30875,30876,1,E
6630,30872,30876,4,W
6634,30877,30878,1,W
6635,30881,30882,1,E
6636,30882,30882,0,W
6638,30887,30888,1,E
6639,30887,30888,1,W
6642,30892,30892,0,W
6643,30893,30894,1,E
6644,30897,30898,1,W
6645,30899,30960,61,E
6648,30902,30960,58,W
6649,30905,30962,57,E
6650,30907,30962,55,W
6652,30911,30964,53,E
6653,30912,30964,52,W
6656,30917,30966,49,E
6657,30917,30966,49,W
6659,30923,30968,45,E
6658,30922,30968,46,W
6663,30929,30970,41,E
6661,30927,30970,43,W
6666,30935,30972,37,E
6665,30932,30972,40,W
6670,30941,30974,33,E
6667,30937,30974,37,W
6672,30947,30976,29,E
6671,30942,30976,34,W
6676,30953,30978,25,E
6673,30947,30978,31,W
6680,30959,30980,21,E
6675,30952,30980,28,W
6683,30965,30982,17,E
6679,30957,30982,25,W
6686,30971,30984,13,E
6681,30962,30984,22,W
6689,30977,30986,9,E
6685,30967,30986,19,W
6694,30983,30988,5,E
6688,30972,30988,16,W
6697,30989,30990,1,E
6690,30977,30990,13,W
6693,30982,30992,10,W
6695,30987,30994,7,W
6700,30995,30996,1,E
6698,30992,30996,4,W
6702,30997,30998,1,W
6703,31001,31002,1,E
6704,31002,31002,0,W
6707,31007,31008,1,E
6708,31007,31008,1,W
6710,31012,31012,0,W
6711,31013,31014,1,E
6712,31017,31018,1,W
6714,31019,31080,61,E
6716,31022,31080,58,W
6717,31025,31082,57,E
6718,31027,31082,55,W
6720,31031,31084,53,E
6722,31032,31084,52,W
6724,31037,31086,49,E
6725,31037,31086,49,W
6727,31043,31088,45,E
6726,31042,31088,46,W
6731,31049,31090,41,E
6730,31047,31090,43,W
6734,31055,31092,37,E
6733,31052,31092,40,W
6738,31061,31094,33,E
6735,31057,31094,37,W
6740,31067,31096,29,E
6739,31062,31096,34,W
6745,31073,31098,25,E
6741,31067,31098,31,W
6748,31079,31100,21,E
6744,31072,31100,28,W
6752,31085,31102,17,E
6747,31077,31102,25,W
6754,31091,31104,13,E
6749,31082,31104,22,W
6758,31097,31106,9,E
6753,31087,31106,19,W
6762,31103,31108,5,E
6756,31092,31108,16,W
6765,31109,31110,1,E
6759,31097,31110,13,W
6761,31102,31112,10,W
6763,31107,31114,7,W
6768,31115,31116,1,E
6767,31112,31116,4,W
6770,31117,31118,1,W
6771,31121,31122,1,E
6772,31122,31122,0,W
6775,31127,31128,1,E
6776,31127,31128,1,W
6778,31132,31132,0,W
6779,31133,31134,1,E
6781,31137,31138,1,W
6782,31139,31200,61,E
6784,31142,31200,58,W
6785,31145,31202,57,E
6786,31147,31202,55,W
6789,31151,31204,53,E
6790,31152,31204,52,W
6792,31157,31206,49,E
6793,31157,31206,49,W
6796,31163,31208,45,E
6795,31162,31208,46,W
6799,31169,31210,41,E
6798,31167,31210,43,W
6803,31175,31212,37,E
6801,31172,31212,40,W
6806,31181,31214,33,E
6804,31177,31214,37,W
6808,31187,31216,29,E
6807,31182,31216,34,W
6813,31193,31218,25,E
6809,31187,31218,31,W
6816,31199,31220,21,E
6812,31192,31220,28,W
6820,31205,31222,17,E
6815,31197,31222,25,W
6822,31211,31224,13,E
6818,31202,31224,22,W
6826,31217,31226,9,E
6821,31207,31226,19,W
6830,31223,31228,5,E
6824,31212,31228,16,W
6834,31229,31230,1,E
6827,31217,31230,13,W
6829,31222,31232,10,W
6832,31227,31234,7,W
6836,31235,31236,1,E
6835,31232,31236,4,W
6838,31237,31238,1,W
6840,31241,31242,1,E
6841,31242,31242,0,W
6843,31247,31248,1,E
6844,31247,31248,1,W
6846,31252,31252,0,W
6848,31253,31254,1,E
6849,31257,31258,1,W
6850,31259,31320,61,E
6852,31262,31320,58,W
6853,31265,31322,57,E
6855,31267,31322,55,W
6857,31271,31324,53,E
6858,31272,31324,52,W
6860,31277,31326,49,E
6861,31277,31326,49,W
6864,31283,31328,45,E
6863,31282,31328,46,W
6867,31289,31330,41,E
6866,31287,31330,43,W
6871,31295,31332,37,E
6870,31292,31332,40,W
6874,31301,31334,33,E
6872,31297,31334,37,W
6877,31307,31336,29,E
6875,31302,31336,34,W
6881,31313,31338,25,E
6878,31307,31338,31,W
6885,31319,31340,21,E
6880,31312,31340,28,W
6888,31325,31342,17,E
6883,31317,31342,25,W
6891,31331,31344,13,E
6886,31322,31344,22,W
6894,31337,31346,9,E
6889,31327,31346,19,W
6898,31343,31348,5,E
6893,31332,31348,16,W
6902,31349,31350,1,E
6895,31337,31350,13,W
6897,31342,31352,10,W
6900,31347,31354,7,W
6904,31355,31356,1,E
6903,31352,31356,4,W
6907,31357,31358,1,W
6908,31361,31362,1,E
6909,31362,31362,0,W
6911,31367,31368,1,E
6912,31367,31368,1,W
6915,31372,31372,0,W
6916,31373,31374,1,E
6917,31377,31378,1,W
6918,31379,31440,61,E
6920,31382,31440,58,W
6922,31385,31442,57,E
6923,31387,31442,55,W
6925,31391,31444,53,E
6926,31392,31444,52,W
6929,31397,31446,49,E
6930,31397,31446,49,W
6932,31403,31448,45,E
6931,31402,31448,46,W
6936,31409,31450,41,E
6934,31407,31450,43,W
6939,31415,31452,37,E
6938,31412,31452,40,W
6942,31421,31454,33,E
6940,31417,31454,37,W
6945,31427,31456,29,E
6944,31422,31456,34,W
6949,31433,31458,25,E
6946,31427,31458,31,W
6953,31439,31460,21,E
6948,31432,31460,28,W
6956,31445,31462,17,E
6952,31437,31462,25,W
6959,31451,31464,13,E
6954,31442,31464,22,W
6962,31457,31466,9,E
6957,31447,31466,19,W
6967,31463,31468,5,E
6961,31452,31468,16,W
6970,31469,31470,1,E
6963,31457,31470,13,W
6966,31462,31472,10,W
6968,31467,31474,7,W
6973,31475,31476,1,E
6971,31472,31476,4,W
6975,31477,31478,1,W
6976,31481,31482,1,E
6977,31482,31482,0,W
6980,31487,31488,1,E
6981,31487,31488,1,W
6983,31492,31492,0,W
6984,31493,31494,1,E
6985,31497,31498,1,W
6986,31499,31560,61,E
6989,31502,31560,58,W
6990,31505,31562,57,E
6991,31507,31562,55,W
6993,31511,31564,53,E
6994,31512,31564,52,W
6997,31517,31566,49,E
6998,31517,31566,49,W
7000,31523,31568,45,E
6999,31522,31568,46,W
7004,31529,31570,41,E
7003,31527,31570,43,W
7007,31535,31572,37,E
7006,31532,31572,40,W
7011,31541,31574,33,E
7008,31537,31574,37,W
7013,31547,31576,29,E
7012,31542,31576,34,W
7018,31553,31578,25,E
7014,31547,31578,31,W
7021,31559,31580,21,E
7017,31552,31580,28,W
7025,31565,31582,17,E
7020,31557,31582,25,W
7027,31571,31584,13,E
7022,31562,31584,22,W
7030,31577,31586,9,E
7026,31567,31586,19,W
7035,31583,31588,5,E
7029,31572,31588,16,W
7038,31589,31590,1,E
7031,31577,31590,13,W
7034,31582,31592,10,W
7036,31587,31594,7,W
7041,31595,31596,1,E
7040,31592,31596,4,W
7043,31597,31598,1,W
7044,31601,31602,1,E
7045,31602,31602,0,W
7048,31607,31608,1,E
7049,31607,31608,1,W
7051,31612,31612,0,W
7052,31613,31614,1,E
7054,31617,31618,1,W
7055,31619,31680,61,E
7057,31622,31680,58,W
7058,31625,31682,57,E
7059,31627,31682,55,W
7062,31631,31684,53,E
7063,31632,31684,52,W
7065,31637,31686,49,E
7066,31637,31686,49,W
7069,31643,31688,45,E
7067,31642,31688,46,W
7072,31649,31690,41,E
7071,31647,31690,43,W
7075,31655,31692,37,E
7074,31652,31692,40,W
7079,31661,31694,33,E
7077,31657,31694,37,W
7081,31667,31696,29,E
7080,31662,31696,34,W
7086,31673,31698,25,E
7082,31667,31698,31,W
7089,31679,31700,21,E
7085,31672,31700,28,W
7093,31685,31702,17,E
7088,31677,31702,25,W
7095,31691,31704,13,E
7091,31682,31704,22,W
7099,31697,31706,9,E
7094,31687,31706,19,W
7103,31703,31708,5,E
7097,31692,31708,16,W
7107,31709,31710,1,E
7100,31697,31710,13,W
7102,31702,31712,10,W
7104,31707,31714,7,W
7109,31715,31716,1,E
7108,31712,31716,4,W
7111,31717,31718,1,W
7113,31721,31722,1,E
7114,31722,31722,0,W
7116,31727,31728,1,E
7117,31727,31728,1,W
7119,31732,31732,0,W
7120,31733,31734,1,E
7122,31737,31738,1,W
7123,31739,31800,61,E
7125,31742,31800,58,W
7126,31745,31802,57,E
7128,31747,31802,55,W
7130,31751,31804,53,E
7131,31752,31804,52,W
7133,31757,31806,49,E
7134,31757,31806,49,W
7137,31763,31808,45,E
7136,31762,31808,46,W
7140,31769,31810,41,E
7139,31767,31810,43,W
7144,31775,31812,37,E
7142,31772,31812,40,W
7147,31781,31814,33,E
7145,31777,31814,37,W
7150,31787,31816,29,E
7148,31782,31816,34,W
7154,31793,31818,25,E
7151,31787,31818,31,W
7158,31799,31820,21,E
7153,31792,31820,28,W
7161,31805,31822,17,E
7156,31797,31822,25,W
7163,31811,31824,13,E
7159,31802,31824,22,W
7167,31817,31826,9,E
7162,31807,31826,19,W
7171,31823,31828,5,E
7166,31812,31828,16,W
7175,31829,31830,1,E
7168,31817,31830,13,W
7170,31822,31832,10,W
7173,31827,31834,7,W
7177,31835,31836,1,E
7176,31832,31836,4,W
7179,31837,31838,1,W
7181,31841,31842,1,E
7182,31842,31842,0,W
7184,31847,31848,1,E
7185,31847,31848,1,W
7188,31852,31852,0,W
7189,31853,31854,1,E
7190,31857,31858,1,W
7191,31859,31920,61,E
7193,31862,31920,58,W
7195,31865,31922,57,E
7196,31867,31922,55,W
7198,31871,31924,53,E
7199,31872,31924,52,W
7202,31877,31926,49,E
7203,31877,31926,49,W
7205,31883,31928,45,E
7204,31882,31928,46,W
7208,31889,31930,41,E
7207,31887,31930,43,W
7212,31895,31932,37,E
7211,31892,31932,40,W
7215,31901,31934,33,E
7213,31897,31934,37,W
7218,31907,31936,29,E
7216,31902,31936,34,W
7222,31913,31938,25,E
7219,31907,31938,31,W
7226,31919,31940,21,E
7221,31912,31940,28,W
7229,31925,31942,17,E
7225,31917,31942,25,W
7232,31931,31944,13,E
7227,31922,31944,22,W
7235,31937,31946,9,E
7230,31927,31946,19,W
7240,31943,31948,5,E
7234,31932,31948,16,W
7243,31949,31950,1,E
7236,31937,31950,13,W
7239,31942,31952,10,W
7241,31947,31954,7,W
7246,31955,31956,1,E
7244,31952,31956,4,W
7248,31957,31958,1,W
7249,31961,31962,1,E
7250,31962,31962,0,W
7252,31967,31968,1,E
7253,31967,31968,1,W
7256,31972,31972,0,W
7257,31973,31974,1,E
7258,31977,31978,1,W
7259,31979,32040,61,E
7262,31982,32040,58,W
7263,31985,32042,57,E
7264,31987,32042,55,W
7266,31991,32044,53,E
7267,31992,32044,52,W
7270,31997,32046,49,E
7271,31997,32046,49,W
7273,32003,32048,45,E
7272,32002,32048,46,W
7277,32009,32050,41,E
7276,32007,32050,43,W
7280,32015,32052,37,E
7279,32012,32052,40,W
7284,32021,32054,33,E
7281,32017,32054,37,W
7286,32027,32056,29,E
7285,32022,32056,34,W
7291,32033,32058,25,E
7287,32027,32058,31,W
7294,32039,32060,21,E
7289,32032,32060,28,W
7297,32045,32062,17,E
7293,32037,32062,25,W
7300,32051,32064,13,E
7295,32042,32064,22,W
7303,32057,32066,9,E
7299,32047,32066,19,W
7308,32063,32068,5,E
7302,32052,32068,16,W
7311,32069,32070,1,E
7304,32057,32070,13,W
7307,32062,32072,10,W
7309,32067,32074,7,W
7314,32075,32076,1,E
7313,32072,32076,4,W
7316,32077,32078,1,W
7317,32081,32082,1,E
7318,32082,32082,0,W
7321,32087,32088,1,E
7322,32087,32088,1,W
7324,32092,32092,0,W
7325,32093,32094,1,E
7326,32097,32098,1,W
7328,32099,32160,61,E
7330,32102,32160,58,W
7331,32105,32162,57,E
7332,32107,32162,55,W
7335,32111,32164,53,E
7336,32112,32164,52,W
7338,32117,32166,49,E
7339,32117,32166,49,W
7341,32123,32168,45,E
7340,32122,32168,46,W
7345,32129,32170,41,E
7344,32127,32170,43,W
7348,32135,32172,37,E
7347,32132,32172,40,W
7352,32141,32174,33,E
7350,32137,32174,37,W
7354,32147,32176,29,E
7353,32142,32176,34,W
7359,32153,32178,25,E
7355,32147,32178,31,W
7362,32159,32180,21,E
7358,32152,32180,28,W
7366,32165,32182,17,E
7361,32157,32182,25,W
7368,32171,32184,13,E
7363,32162,32184,22,W
7372,32177,32186,9,E
7367,32167,32186,19,W
7376,32183,32188,5,E
7370,32172,32188,16,W
7380,32189,32190,1,E
7373,32177,32190,13,W
7375,32182,32192,10,W
7377,32187,32194,7,W
7382,32195,32196,1,E
7381,32192,32196,4,W
7384,32197,32198,1,W
7385,32201,32202,1,E
7387,32202,32202,0,W
7389,32207,32208,1,E
7390,32207,32208,1,W
7392,32212,32212,0,W
7393,32213,32214,1,E
7395,32217,32218,1,W
7396,32219,32280,61,E
7398,32222,32280,58,W
7399,32225,32282,57,E
7400,32227,32282,55,W
7403,32231,32284,53,E
7404,32232,32284,52,W
7406,32237,32286,49,E
7407,32237,32286,49,W
7410,32243,32288,45,E
7409,32242,32288,46,W
7413,32249,32290,41,E
7412,32247,32290,43,W
7417,32255,32292,37,E
7415,32252,32292,40,W
7420,32261,32294,33,E
7418,32257,32294,37,W
7423,32267,32296,29,E
7421,32262,32296,34,W
7427,32273,32298,25,E
7424,32267,32298,31,W
7430,32279,32300,21,E
7426,32272,32300,28,W
7434,32285,32302,17,E
7429,32277,32302,25,W
7436,32291,32304,13,E
7432,32282,32304,22,W
7440,32297,32306,9,E
7435,32287,32306,19,W
7444,32303,32308,5,E
7438,32292,32308,16,W
7448,32309,32310,1,E
7441,32297,32310,13,W
7443,32302,32312,10,W
7446,32307,32314,7,W
7450,32315,32316,1,E
7449,32312,32316,4,W
7452,32317,32318,1,W
7454,32321,32322,1,E
7455,32322,32322,0,W
7457,32327,32328,1,E
7458,32327,32328,1,W
7461,32332,32332,0,W
7462,32333,32334,1,E
7463,32337,32338,1,W
7464,32339,32400,61,E
7466,32342,32400,58,W
7468,32345,32402,57,E
7469,32347,32402,55,W
7471,32351,32404,53,E
7472,32352,32404,52,W
7474,32357,32406,49,E
7475,32357,32406,49,W
7478,32363,32408,45,E
7477,32362,32408,46,W
7481,32369,32410,41,E
7480,32367,32410,43,W
7485,32375,32412,37,E
7484,32372,32412,40,W
7488,32381,32414,33,E
7486,32377,32414,37,W
7491,32387,32416,29,E
7489,32382,32416,34,W
7495,32393,32418,25,E
7492,32387,32418,31,W
7499,32399,32420,21,E
7494,32392,32420,28,W
7502,32405,32422,17,E
7498,32397,32422,25,W
7505,32412,32424,12,E
7500,32402,32424,22,W
7508,32419,32426,7,E
7503,32408,32426,18,W
7512,32426,32428,2,E
7507,32414,32428,14,W
7509,32420,32430,10,W
7513,32426,32432,6,W
7515,32433,32434,1,E
7514,32432,32434,2,W
7517,32438,32438,0,W
7519,32440,32440,0,E
7521,32444,32444,0,W
7522,32447,32448,1,E
7523,32450,32450,0,W
7525,32454,32454,0,E
7527,32456,32456,0,W
7528,32461,32520,59,E
7529,32462,32520,58,W
7531,32468,32522,54,E
7532,32468,32522,54,W
7536,32475,32524,49,E
7535,32474,32524,50,W
7538,32482,32526,44,E
7537,32480,32526,46,W
7542,32489,32528,39,E
7541,32486,32528,42,W
7545,32496,32530,34,E
7543,32492,32530,38,W
7548,32503,32532,29,E
7546,32498,32532,34,W
7551,32510,32534,24,E
7550,32504,32534,30,W
7556,32517,32536,19,E
7552,32510,32536,26,W
7559,32524,32538,14,E
7555,32516,32538,22,W
7562,32531,32540,9,E
7557,32522,32540,18,W
7565,32538,32542,4,E
7560,32528,32542,14,W
7564,32534,32544,10,W
7569,32545,32546,1,E
7566,32540,32546,6,W
7570,32546,32548,2,W
7571,32552,32552,0,E
7572,32552,32552,0,W
7574,32558,32558,0,W
7575,32559,32560,1,E
7578,32564,32564,0,W
7579,32566,32566,0,E
7580,32570,32570,0,W
7581,32573,32574,1,E
7584,32576,32576,0,W
7585,32580,32640,60,E
7586,32582,32640,58,W
7588,32587,32642,55,E
7589,32588,32642,54,W
7592,32594,32644,50,E
7593,32594,32644,50,W
7595,32601,32646,45,E
7594,32600,32646,46,W
7599,32608,32648,40,E
7598,32606,32648,42,W
7602,32615,32650,35,E
7600,32612,32650,38,W
7605,32622,32652,30,E
7603,32618,32652,34,W
7608,32629,32654,25,E
7607,32624,32654,30,W
7612,32636,32656,20,E
7609,32630,32656,26,W
7615,32643,32658,15,E
7613,32636,32658,22,W
7619,32650,32660,10,E
7614,32642,32660,18,W
7622,32657,32662,5,E
7617,32648,32662,14,W
7625,32664,32664,0,E
7621,32654,32664,10,W
7623,32660,32666,6,W
7627,32666,32668,2,W
7628,32671,32672,1,E
7629,32672,32672,0,W
7631,32678,32678,0,E
7632,32678,32678,0,W
7635,32684,32684,0,W
7636,32685,32686,1,E
7637,32690,32690,0,W
7638,32692,32692,0,E
7641,32696,32696,0,W
7642,32699,32760,61,E
7643,32702,32760,58,W
7645,32706,32762,56,E
7646,32708,32762,54,W
7648,32713,32764,51,E
7650,32714,32764,50,W
7651,32720,32766,46,E
7652,32720,32766,46,W
7656,32727,32768,41,E
7655,32726,32768,42,W
7659,32734,32770,36,E
7657,32732,32770,38,W
7662,32741,32772,31,E
7660,32738,32772,34,W
7665,32748,32774,26,E
7664,32744,32774,30,W
7669,32755,32776,21,E
7666,32750,32776,26,W
7671,32762,32778,16,E
7670,32756,32778,22,W
7675,32769,32780,11,E
7672,32762,32780,18,W
7679,32776,32782,6,E
7674,32768,32782,14,W
7681,32783,32784,1,E
7678,32774,32784,10,W
7680,32780,32786,6,W
7684,32786,32788,2,W
7685,32790,32790,0,E
7686,32792,32792,0,W
7688,32797,32798,1,E
7689,32798,32798,0,W
7692,32804,32804,0,E
7693,32804,32804,0,W
7694,32810,32810,0,W
7695,32811,32812,1,E
7698,32816,32816,0,W
7699,32818,32818,0,E
7702,32825,32880,55,E
7700,32822,32880,58,W
7705,32832,32882,50,E
7703,32828,32882,54,W
7708,32839,32884,45,E
7707,32834,32884,50,W
7712,32846,32886,40,E
7709,32840,32886,46,W
7715,32853,32888,35,E
7713,32846,32888,42,W
7719,32860,32890,30,E
7714,32852,32890,38,W
7722,32867,32892,25,E
7717,32858,32892,34,W
7725,32874,32894,20,E
7721,32864,32894,30,W
7728,32881,32896,15,E
7723,32870,32896,26,W
7731,32888,32898,10,E
7727,32876,32898,22,W
7736,32895,32900,5,E
7729,32882,32900,18,W
7738,32902,32902,0,E
7732,32888,32902,14,W
7735,32894,32904,10,W
7737,32900,32906,6,W
7741,32906,32908,2,W
7742,32909,32910,1,E
7743,32912,32912,0,W
7745,32916,32916,0,E
7746,32918,32918,0,W
7748,32923,32924,1,E
7750,32924,32924,0,W
7751,32930,32930,0,E
7752,32930,32930,0,W
7755,32936,32936,0,W
7756,32937,32938,1,E
7759,32944,33000,56,E
7757,32942,33000,58,W
7762,32951,33002,51,E
7760,32948,33002,54,W
7765,32958,33004,46,E
7764,32954,33004,50,W
7769,32965,33006,41,E
7766,32960,33006,46,W
7771,32972,33008,36,E
7770,32966,33008,42,W
7775,32979,33010,31,E
7772,32972,33010,38,W
7779,32986,33012,26,E
7774,32978,33012,34,W
7781,32993,33014,21,E
7778,32984,33014,30,W
7785,33000,33016,16,E
7780,32990,33016,26,W
7788,33007,33018,11,E
7784,32996,33018,22,W
7792,33014,33020,6,E
7786,33002,33020,18,W
7795,33021,33022,1,E
7789,33008,33022,14,W
7793,33014,33024,10,W
7794,33020,33026,6,W
7799,33028,33028,0,E
7798,33026,33028,2,W
7800,33032,33032,0,W
7802,33035,33036,1,E
7803,33038,33038,0,W
7805,33042,33042,0,E
7807,33044,33044,0,W
7808,33049,33050,1,E
7809,33050,33050,0,W
7812,33056,33056,0,E
7813,33056,33056,0,W
7815,33063,33120,57,E
7814,33062,33120,58,W
7819,33070,33122,52,E
7817,33068,33122,54,W
7822,33077,33124,47,E
7821,33074,33124,50,W
7825,33084,33126,42,E
7823,33080,33126,46,W
7828,33091,33128,37,E
7827,33086,33128,42,W
7831,33098,33130,32,E
7829,33092,33130,38,W
7836,33105,33132,27,E
7832,33098,33132,34,W
7838,33112,33134,22,E
7835,33104,33134,30,W
7842,33119,33136,17,E
7837,33110,33136,26,W
7845,33126,33138,12,E
7841,33116,33138,22,W
7848,33133,33140,7,E
7843,33122,33140,18,W
7851,33140,33142,2,E
7846,33128,33142,14,W
7850,33134,33144,10,W
7852,33140,33146,6,W
7856,33147,33148,1,E
7855,33146,33148,2,W
7857,33152,33152,0,W
7859,33154,33154,0,E
7860,33158,33158,0,W
7862,33161,33162,1,E
7864,33164,33164,0,W
7865,33168,33168,0,E
7866,33170,33170,0,W
7869,33175,33176,1,E
7870,33176,33176,0,W
7871,33182,33240,58,E
7872,33182,33240,58,W
7875,33189,33242,53,E
7874,33188,33242,54,W
7879,33196,33244,48,E
7878,33194,33244,50,W
7881,33203,33246,43,E
7880,33200,33246,46,W
7885,33210,33248,38,E
7884,33206,33248,42,W
7888,33217,33250,33,E
7886,33212,33250,38,W
7892,33224,33252,28,E
7889,33218,33252,34,W
7895,33231,33254,23,E
7893,33224,33254,30,W
7899,33238,33256,18,E
7894,33230,33256,26,W
7902,33245,33258,13,E
7898,33236,33258,22,W
7905,33252,33260,8,E
7900,33242,33260,18,W
7908,33259,33262,3,E
7903,33248,33262,14,W
7907,33254,33264,10,W
7912,33266,33266,0,E
7909,33260,33266,6,W
7913,33266,33268,2,W
7914,33272,33272,0,W
7915,33273,33274,1,E
7917,33278,33278,0,W
7919,33280,33280,0,E
7921,33284,33284,0,W
7922,33287,33288,1,E
7923,33290,33290,0,W
7925,33294,33294,0,E
7927,33296,33296,0,W
7928,33301,33360,59,E
7929,33302,33360,58,W
7931,33308,33362,54,E
7932,33308,33362,54,W
7936,33315,33364,49,E
7935,33314,33364,50,W
7938,33322,33366,44,E
7937,33320,33366,46,W
7942,33329,33368,39,E
7941,33326,33368,42,W
7945,33336,33370,34,E
7943,33332,33370,38,W
7948,33343,33372,29,E
7946,33338,33372,34,W
7951,33350,33374,24,E
7950,33344,33374,30,W
7956,33357,33376,19,E
7952,33350,33376,26,W
7959,33364,33378,14,E
7955,33356,33378,22,W
7962,33371,33380,9,E
7957,33362,33380,18,W
7965,33378,33382,4,E
7960,33368,33382,14,W
7964,33374,33384,10,W
7969,33385,33386,1,E
7966,33380,33386,6,W
7970,33386,33388,2,W
7971,33392,33392,0,E
7972,33392,33392,0,W
7974,33398,33398,0,W
7975,33399,33400,1,E
7978,33404,33404,0,W
7979,33406,33406,0,E
7980,33410,33410,0,W
7981,33413,33414,1,E
7984,33416,33416,0,W
7985,33420,33480,60,E
7986,33422,33480,58,W
7988,33427,33482,55,E
7989,33428,33482,54,W
7992,33434,33484,50,E
7993,33434,33484,50,W
7995,33441,33486,45,E
7994,33440,33486,46,W
7999,33448,33488,40,E
7998,33446,33488,42,W
8002,33455,33490,35,E
8000,33452,33490,38,W
8005,33462,33492,30,E
8003,33458,33492,34,W
8008,33469,33494,25,E
8007,33464,33494,30,W
8012,33476,33496,20,E
8009,33470,33496,26,W
8015,33483,33498,15,E
8013,33476,33498,22,W
8019,33490,33500,10,E
8014,33482,33500,18,W
8022,33497,33502,5,E
8017,33488,33502,14,W
8025,33504,33504,0,E
8021,33494,33504,10,W
8023,33500,33506,6,W
8027,33506,33508,2,W
8028,33511,33512,1,E
8029,33512,33512,0,W
8031,33518,33518,0,E
8032,33518,33518,0,W
8035,33524,33524,0,W
8036,33525,33526,1,E
8037,33530,33530,0,W
8038,33532,33532,0,E
8041,33536,33536,0,W
8042,33539,33600,61,E
8043,33542,33600,58,W
8045,33546,33602,56,E
8046,33548,33602,54,W
8048,33553,33604,51,E
8050,33554,33604,50,W
8051,33560,33606,46,E
8052,33560,33606,46,W
8056,33567,33608,41,E
8055,33566,33608,42,W
8059,33574,33610,36,E
8057,33572,33610,38,W
8062,33581,33612,31,E
8060,33578,33612,34,W
8065,33588,33614,26,E
8064,33584,33614,30,W
8069,33595,33616,21,E
8066,33590,33616,26,W
8071,33602,33618,16,E
8070,33596,33618,22,W
8075,33609,33620,11,E
8072,33602,33620,18,W
8079,33616,33622,6,E
8074,33608,33622,14,W
8081,33623,33624,1,E
8078,33614,33624,10,W
8080,33620,33626,6,W
8084,33626,33628,2,W
8085,33630,33630,0,E
8086,33632,33632,0,W
8088,33637,33638,1,E
8089,33638,33638,0,W
8092,33644,33644,0,E
8093,33644,33644,0,W
8094,33650,33650,0,W
8095,33651,33652,1,E
8098,33656,33656,0,W
8099,33658,33658,0,E
8102,33665,33720,55,E
8100,33662,33720,58,W
8105,33672,33722,50,E
8103,33668,33722,54,W
8108,33679,33724,45,E
8107,33674,33724,50,W
8112,33686,33726,40,E
8109,33680,33726,46,W
8115,33693,33728,35,E
8113,33686,33728,42,W
8119,33700,33730,30,E
8114,33692,33730,38,W
8122,33707,33732,25,E
8117,33698,33732,34,W
8125,33714,33734,20,E
8121,33704,33734,30,W
8128,33721,33736,15,E
8123,33710,33736,26,W
8131,33728,33738,10,E
8127,33716,33738,22,W
8136,33735,33740,5,E
8129,33722,33740,18,W
8138,33742,33742,0,E
8132,33728,33742,14,W
8135,33734,33744,10,W
8137,33740,33746,6,W
8141,33746,33748,2,W
8142,33749,33750,1,E
8143,33752,33752,0,W
8145,33756,33756,0,E
8146,33758,33758,0,W
8148,33763,33764,1,E
8150,33764,33764,0,W
8151,33770,33770,0,E
8152,33770,33770,0,W
8155,33776,33776,0,W
8156,33777,33778,1,E
8159,33784,33840,56,E
8157,33782,33840,58,W
8162,33791,33842,51,E
8160,33788,33842,54,W
8165,33798,33844,46,E
8164,33794,33844,50,W
8169,33805,33846,41,E
8166,33800,33846,46,W
8171,33812,33848,36,E
8170,33806,33848,42,W
8175,33819,33850,31,E
8172,33812,33850,38,W
8179,33826,33852,26,E
8174,33818,33852,34,W
8181,33833,33854,21,E
8178,33824,33854,30,W
8185,33840,33856,16,E
8180,33830,33856,26,W
8188,33847,33858,11,E
8184,33836,33858,22,W
8192,33854,33860,6,E
8186,33842,33860,18,W
8195,33861,33862,1,E
8189,33848,33862,14,W
8193,33854,33864,10,W
8194,33860,33866,6,W
8199,33868,33868,0,E
8198,33866,33868,2,W
8200,33872,33872,0,W
8202,33875,33876,1,E
8203,33878,33878,0,W
8205,33882,33882,0,E
8207,33884,33884,0,W
8208,33889,33890,1,E
8209,33890,33890,0,W
8212,33896,33896,0,E
8213,33896,33896,0,W
8215,33903,33960,57,E
8214,33902,33960,58,W
8219,33910,33962,52,E
8217,33908,33962,54,W
8222,33917,33964,47,E
8221,33914,33964,50,W
8225,33924,33966,42,E
8223,33920,33966,46,W
8228,33931,33968,37,E
8227,33926,33968,42,W
8231,33938,33970,32,E
8229,33932,33970,38,W
8236,33945,33972,27,E
8232,33938,33972,34,W
8238,33952,33974,22,E
8235,33944,33974,30,W
8242,33959,33976,17,E
8237,33950,33976,26,W
8245,33966,33978,12,E
8241,33956,33978,22,W
8248,33973,33980,7,E
8243,33962,33980,18,W
8251,33980,33982,2,E
8246,33968,33982,14,W
8250,33974,33984,10,W
8252,33980,33986,6,W
8256,33987,33988,1,E
8255,33986,33988,2,W
8257,33992,33992,0,W
8259,33994,33994,0,E
8260,33998,33998,0,W
8262,34001,34002,1,E
8264,34004,34004,0,W
8265,34008,34008,0,E
8266,34010,34010,0,W
8269,34015,34016,1,E
8270,34016,34016,0,W
8271,34022,34080,58,E
8272,34022,34080,58,W
8275,34029,34082,53,E
8274,34028,34082,54,W
8279,34036,34084,48,E
8278,34034,34084,50,W
8281,34043,34086,43,E
8280,34040,34086,46,W
8285,34050,34088,38,E
8284,34046,34088,42,W
8288,34057,34090,33,E
8286,34052,34090,38,W
8292,34064,34092,28,E
8289,34058,34092,34,W
8295,34071,34094,23,E
8293,34064,34094,30,W
8299,34078,34096,18,E
8294,34070,34096,26,W
8302,34085,34098,13,E
8298,34076,34098,22,W
8305,34092,34100,8,E
8300,34082,34100,18,W
8308,34099,34102,3,E
8303,34088,34102,14,W
8307,34094,34104,10,W
8312,34106,34106,0,E
8309,34100,34106,6,W
8313,34106,34108,2,W
8314,34112,34112,0,W
8315,34113,34114,1,E
8317,34118,34118,0,W
8319,34120,34120,0,E
8321,34124,34124,0,W
8322,34127,34128,1,E
8323,34130,34130,0,W
8325,34134,34134,0,E
8327,34136,34136,0,W
8328,34141,34200,59,E
8329,34142,34200,58,W
8331,34148,34202,54,E
8332,34148,34202,54,W
8336,34155,34204,49,E
8335,34154,34204,50,W
8338,34162,34206,44,E
8337,34160,34206,46,W
8342,34169,34208,39,E
8341,34166,34208,42,W
8345,34176,34210,34,E
8343,34172,34210,38,W
8348,34183,34212,29,E
8346,34178,34212,34,W
8351,34190,34214,24,E
8350,34184,34214,30,W
8356,34197,34216,19,E
8352,34190,34216,26,W
8359,34204,34218,14,E
8355,34196,34218,22,W
8362,34211,34220,9,E
8357,34202,34220,18,W
8365,34218,34222,4,E
8360,34208,34222,14,W
8364,34214,34224,10,W
8369,34225,34226,1,E
8366,34220,34226,6,W
8370,34226,34228,2,W
8371,34232,34232,0,E
8372,34232,34232,0,W
8374,34238,34238,0,W
8375,34239,34240,1,E
8378,34244,34244,0,W
8379,34246,34246,0,E
8380,34250,34250,0,W
8381,34253,34254,1,E
8384,34256,34256,0,W
8385,34260,34320,60,E
8386,34262,34320,58,W
8388,34267,34322,55,E
8389,34268,34322,54,W
8392,34274,34324,50,E
8393,34274,34324,50,W
8395,34281,34326,45,E
8394,34280,34326,46,W
8399,34288,34328,40,E
8398,34286,34328,42,W
8402,34295,34330,35,E
8400,34292,34330,38,W
8405,34302,34332,30,E
8403,34298,34332,34,W
8408,34309,34334,25,E
8407,34304,34334,30,W
8412,34316,34336,20,E
8409,34310,34336,26,W
8415,34323,34338,15,E
8413,34316,34338,22,W
8419,34330,34340,10,E
8414,34322,34340,18,W
8422,34337,34342,5,E
8417,34328,34342,14,W
8425,34344,34344,0,E
8421,34334,34344,10,W
8423,34340,34346,6,W
8427,34346,34348,2,W
8428,34351,34352,1,E
8429,34352,34352,0,W
8431,34358,34358,0,E
8432,34358,34358,0,W
8435,34364,34364,0,W
8436,34365,34366,1,E
8437,34370,34370,0,W
8438,34372,34372,0,E
8441,34376,34376,0,W
8442,34379,34440,61,E
8443,34382,34440,58,W
8445,34386,34442,56,E
8446,34388,34442,54,W
8448,34393,34444,51,E
8450,34394,34444,50,W
8451,34400,34446,46,E
8452,34400,34446,46,W
8456,34407,34448,41,E
8455,34406,34448,42,W
8459,34414,34450,36,E
8457,34412,34450,38,W
8462,34421,34452,31,E
8460,34418,34452,34,W
8465,34428,34454,26,E
8464,34424,34454,30,W
8469,34435,34456,21,E
8466,34430,34456,26,W
8471,34442,34458,16,E
8470,34436,34458,22,W
8475,34449,34460,11,E
8472,34442,34460,18,W
8479,34456,34462,6,E
8474,34448,34462,14,W
8481,34463,34464,1,E
8478,34454,34464,10,W
8480,34460,34466,6,W
8484,34466,34468,2,W
8485,34470,34470,0,E
8486,34472,34472,0,W
8488,34477,34478,1,E
8489,34478,34478,0,W
8492,34484,34484,0,E
8493,34484,34484,0,W
8494,34490,34490,0,W
8495,34491,34492,1,E
8498,34496,34496,0,W
8499,34498,34498,0,E
8502,34505,34560,55,E
8500,34502,34560,58,W
8505,34512,34562,50,E
8503,34508,34562,54,W
8508,34519,34564,45,E
8507,34514,34564,50,W
8512,34526,34566,40,E
8509,34520,34566,46,W
8515,34533,34568,35,E
8513,34526,34568,42,W
8519,34540,34570,30,E
8514,34532,34570,38,W
8522,34547,34572,25,E
8517,34538,34572,34,W
8525,34554,34574,20,E
8521,34544,34574,30,W
8528,34561,34576,15,E
8523,34550,34576,26,W
8531,34568,34578,10,E
8527,34556,34578,22,W
8536,34575,34580,5,E
8529,34562,34580,18,W
8538,34582,34582,0,E
8532,34568,34582,14,W
8535,34574,34584,10,W
8537,34580,34586,6,W
8541,34586,34588,2,W
8542,34589,34590,1,E
8543,34592,34592,0,W
8545,34596,34596,0,E
8546,34598,34598,0,W
8548,34603,34604,1,E
8550,34604,34604,0,W
8551,34610,34610,0,E
8552,34610,34610,0,W
8555,34616,34616,0,W
8556,34617,34618,1,E
8559,34624,34680,56,E
8557,34622,34680,58,W
8562,34631,34682,51,E
8560,34628,34682,54,W
8565,34638,34684,46,E
8564,34634,34684,50,W
8569,34645,34686,41,E
8566,34640,34686,46,W
8571,34652,34688,36,E
8570,34646,34688,42,W
8575,34659,34690,31,E
8572,34652,34690,38,W
8579,34666,34692,26,E
8574,34658,34692,34,W
8581,34673,34694,21,E
8578,34664,34694,30,W
8585,34680,34696,16,E
8580,34670,34696,26,W
8588,34687,34698,11,E
8584,34676,34698,22,W
8592,34694,34700,6,E
8586,34682,34700,18,W
8595,34701,34702,1,E
8589,34688,34702,14,W
8593,34694,34704,10,W
8594,34700,34706,6,W
8599,34708,34708,0,E
8598,34706,34708,2,W
8600,34712,34712,0,W
8602,34715,34716,1,E
8603,34718,34718,0,W
8605,34722,34722,0,E
8607,34724,34724,0,W
8608,34729,34730,1,E
8609,34730,34730,0,W
8612,34736,34736,0,E
8613,34736,34736,0,W
8615,34743,34800,57,E
8614,34742,34800,58,W
8619,34750,34802,52,E
8617,34748,34802,54,W
8622,34757,34804,47,E
8621,34754,34804,50,W
8625,34764,34806,42,E
8623,34760,34806,46,W
8628,34771,34808,37,E
8627,34766,34808,42,W
8631,34778,34810,32,E
8629,34772,34810,38,W
8636,34785,34812,27,E
8632,34778,34812,34,W
8638,34792,34814,22,E
8635,34784,34814,30,W
8642,34799,34816,17,E
8637,34790,34816,26,W
8645,34806,34818,12,E
8641,34796,34818,22,W
8648,34813,34820,7,E
8643,34802,34820,18,W
8651,34820,34822,2,E
8646,34808,34822,14,W
8650,34814,34824,10,W
8652,34820,34826,6,W
8656,34827,34828,1,E
8655,34826,34828,2,W
8657,34832,34832,0,W
8659,34834,34834,0,E
8660,34838,34838,0,W
8662,34841,34842,1,E
8664,34844,34844,0,W
8665,34848,34848,0,E
8666,34850,34850,0,W
8669,34855,34856,1,E
8670,34856,34856,0,W
8671,34862,34920,58,E
8672,34862,34920,58,W
8675,34869,34922,53,E
8674,34868,34922,54,W
8679,34876,34924,48,E
8678,34874,34924,50,W
8681,34883,34926,43,E
8680,34880,34926,46,W
8685,34890,34928,38,E
8684,34886,34928,42,W
8688,34897,34930,33,E
8686,34892,34930,38,W
8692,34904,34932,28,E
8689,34898,34932,34,W
8695,34911,34934,23,E
8693,34904,34934,30,W
8699,34918,34936,18,E
8694,34910,34936,26,W
8702,34925,34938,13,E
8698,34916,34938,22,W
8705,34932,34940,8,E
8700,34922,34940,18,W
8708,34939,34942,3,E
8703,34928,34942,14,W
8707,34934,34944,10,W
8712,34946,34946,0,E
8709,34940,34946,6,W
8713,34946,34948,2,W
8714,34952,34952,0,W
8715,34953,34954,1,E
8717,34958,34958,0,W
8719,34960,34960,0,E
8721,34964,34964,0,W
8722,34967,34968,1,E
8723,34970,34970,0,W
8725,34974,34974,0,E
8727,34976,34976,0,W
8728,34981,35040,59,E
8729,34982,35040,58,W
8731,34988,35042,54,E
8732,34988,35042,54,W
8736,34995,35044,49,E
8735,34994,35044,50,W
8738,35002,35046,44,E
8737,35000,35046,46,W
8742,35009,35048,39,E
8741,35006,35048,42,W
8745,35016,35050,34,E
8743,35012,35050,38,W
8748,35023,35052,29,E
8746,35018,35052,34,W
8751,35030,35054,24,E
8750,35024,35054,30,W
8756,35037,35056,19,E
8752,35030,35056,26,W
8759,35044,35058,14,E
8755,35036,35058,22,W
8762,35051,35060,9,E
8757,35042,35060,18,W
8765,35058,35062,4,E
8760,35048,35062,14,W
8764,35054,35064,10,W
8769,35065,35066,1,E
8766,35060,35066,6,W
8770,35066,35068,2,W
8771,35072,35072,0,E
8772,35072,35072,0,W
8774,35078,35078,0,W
8775,35079,35080,1,E
8778,35084,35084,0,W
8779,35086,35086,0,E
8780,35090,35090,0,W
8781,35093,35094,1,E
8784,35096,35096,0,W
8785,35100,35160,60,E
8786,35102,35160,58,W
8788,35107,35162,55,E
8789,35108,35162,54,W
8792,35114,35164,50,E
8793,35114,35164,50,W
8795,35121,35166,45,E
8794,35120,35166,46,W
8799,35128,35168,40,E
8798,35126,35168,42,W
8802,35135,35170,35,E
8800,35132,35170,38,W
8805,35142,35172,30,E
8803,35138,35172,34,W
8808,35149,35174,25,E
8807,35144,35174,30,W
8812,35156,35176,20,E
8809,35150,35176,26,W
8815,35163,35178,15,E
8813,35156,35178,22,W
8819,35170,35180,10,E
8814,35162,35180,18,W
8822,35177,35182,5,E
8817,35168,35182,14,W
8825,35184,35184,0,E
8821,35174,35184,10,W
8823,35180,35186,6,W
8827,35186,35188,2,W
8828,35191,35192,1,E
8829,35192,35192,0,W
8831,35198,35198,0,E
8832,35198,35198,0,W
8835,35204,35204,0,W
8836,35205,35206,1,E
8837,35210,35210,0,W
8838,35212,35212,0,E
8841,35216,35216,0,W
8842,35219,35280,61,E
8843,35222,35280,58,W
8845,35226,35282,56,E
8846,35228,35282,54,W
8848,35233,35284,51,E
8850,35234,35284,50,W
8851,35240,35286,46,E
8852,35240,35286,46,W
8856,35247,35288,41,E
8855,35246,35288,42,W
8859,35254,35290,36,E
8857,35252,35290,38,W
8862,35261,35292,31,E
8860,35258,35292,34,W
8865,35268,35294,26,E
8864,35264,35294,30,W
8869,35275,35296,21,E
8866,35270,35296,26,W
8871,35282,35298,16,E
8870,35276,35298,22,W
8875,35289,35300,11,E
8872,35282,35300,18,W
8879,35296,35302,6,E
8874,35288,35302,14,W
8881,35303,35304,1,E
8878,35294,35304,10,W
8880,35300,35306,6,W
8884,35306,35308,2,W
8885,35310,35310,0,E
8886,35312,35312,0,W
8888,35317,35318,1,E
8889,35318,35318,0,W
8892,35324,35324,0,E
8893,35324,35324,0,W
8894,35330,35330,0,W
8895,35331,35332,1,E
8898,35336,35336,0,W
8899,35338,35338,0,E
8902,35345,35400,55,E
8900,35342,35400,58,W
8905,35352,35402,50,E
8903,35348,35402,54,W
8908,35359,35404,45,E
8907,35354,35404,50,W
8912,35366,35406,40,E
8909,35360,35406,46,W
8915,35373,35408,35,E
8913,35366,35408,42,W
8919,35380,35410,30,E
8914,35372,35410,38,W
8922,35387,35412,25,E
8917,35378,35412,34,W
8925,35394,35414,20,E
8921,35384,35414,30,W
8928,35401,35416,15,E
8923,35390,35416,26,W
8931,35408,35418,10,E
8927,35396,35418,22,W
8936,35415,35420,5,E
8929,35402,35420,18,W
8938,35422,35422,0,E
8932,35408,35422,14,W
8935,35414,35424,10,W
8937,35420,35426,6,W
8941,35426,35428,2,W
8942,35429,35430,1,E
8943,35432,35432,0,W
8945,35436,35436,0,E
8946,35438,35438,0,W
8948,35443,35444,1,E
8950,35444,35444,0,W
8951,35450,35450,0,E
8952,35450,35450,0,W
8955,35456,35456,0,W
8956,35457,35458,1,E
8959,35464,35520,56,E
8957,35462,35520,58,W
8962,35471,35522,51,E
8960,35468,35522,54,W
8965,35478,35524,46,E
8964,35474,35524,50,W
8969,35485,35526,41,E
8966,35480,35526,46,W
8971,35492,35528,36,E
8970,35486,35528,42,W
8975,35499,35530,31,E
8972,35492,35530,38,W
8979,35506,35532,26,E
8974,35498,35532,34,W
8981,35513,35534,21,E
8978,35504,35534,30,W
8985,35520,35536,16,E
8980,35510,35536,26,W
8988,35527,35538,11,E
8984,35516,35538,22,W
8992,35534,35540,6,E
8986,35522,35540,18,W
8995,35541,35542,1,E
8989,35528,35542,14,W
8993,35534,35544,10,W
8994,35540,35546,6,W
8999,35548,35548,0,E
8998,35546,35548,2,W
9000,35552,35552,0,W
9002,35555,35556,1,E
9003,35558,35558,0,W
9005,35562,35562,0,E
9007,35564,35564,0,W
9008,35569,35570,1,E
9009,35570,35570,0,W
9012,35576,35576,0,E
9013,35576,35576,0,W
9015,35583,35640,57,E
9014,35582,35640,58,W
9019,35590,35642,52,E
9017,35588,35642,54,W
9022,35597,35644,47,E
9021,35594,35644,50,W
9025,35604,35646,42,E
9023,35600,35646,46,W
9028,35611,35648,37,E
9027,35606,35648,42,W
9031,35618,35650,32,E
9029,35612,35650,38,W
9036,35625,35652,27,E
9032,35618,35652,34,W
9038,35632,35654,22,E
9035,35624,35654,30,W
9042,35639,35656,17,E
9037,35630,35656,26,W
9045,35646,35658,12,E
9041,35636,35658,22,W
9048,35653,35660,7,E
9043,35642,35660,18,W
9051,35660,35662,2,E
9046,35648,35662,14,W
9050,35654,35664,10,W
9052,35660,35666,6,W
9056,35667,35668,1,E
9055,35666,35668,2,W
9057,35672,35672,0,W
9059,35674,35674,0,E
9060,35678,35678,0,W
9062,35681,35682,1,E
9064,35684,35684,0,W
9065,35688,35688,0,E
9066,35690,35690,0,W
9069,35695,35696,1,E
9070,35696,35696,0,W
9071,35702,35760,58,E
9072,35702,35760,58,W
9075,35709,35762,53,E
9074,35708,35762,54,W
9079,35716,35764,48,E
9078,35714,35764,50,W
9081,35723,35766,43,E
9080,35720,35766,46,W
9085,35730,35768,38,E
9084,35726,35768,42,W
9088,35737,35770,33,E
9086,35732,35770,38,W
9092,35744,35772,28,E
9089,35738,35772,34,W
9095,35751,35774,23,E
9093,35744,35774,30,W
9099,35758,35776,18,E
9094,35750,35776,26,W
9102,35765,35778,13,E
9098,35756,35778,22,W
9105,35772,35780,8,E
9100,35762,35780,18,W
9108,35779,35782,3,E
9103,35768,35782,14,W
9107,35774,35784,10,W
9112,35786,35786,0,E
9109,35780,35786,6,W
9113,35786,35788,2,W
9114,35792,35792,0,W
9115,35793,35794,1,E
9117,35798,35798,0,W
9119,35800,35800,0,E
9121,35804,35804,0,W
9122,35807,35808,1,E
9123,35810,35810,0,W
9125,35814,35814,0,E
9127,35816,35816,0,W
9128,35821,35880,59,E
9129,35822,35880,58,W
9131,35828,35882,54,E
9132,35828,35882,54,W
9136,35835,35884,49,E
9135,35834,35884,50,W
9138,35842,35886,44,E
9137,35840,35886,46,W
9142,35849,35888,39,E
9141,35846,35888,42,W
9145,35856,35890,34,E
9143,35852,35890,38,W
9148,35863,35892,29,E
9146,35858,35892,34,W
9151,35870,35894,24,E
9150,35864,35894,30,W
9156,35877,35896,19,E
9152,35870,35896,26,W
9159,35884,35898,14,E
9155,35876,35898,22,W
9162,35891,35900,9,E
9157,35882,35900,18,W
9165,35898,35902,4,E
9160,35888,35902,14,W
9164,35894,35904,10,W
9169,35905,35906,1,E
9166,35900,35906,6,W
9170,35906,35908,2,W
9171,35912,35912,0,E
9172,35912,35912,0,W
9174,35918,35918,0,W
9175,35919,35920,1,E
9178,35924,35924,0,W
9179,35926,35926,0,E
9180,35930,35930,0,W
9181,35933,35934,1,E
9184,35936,35936,0,W
9185,35940,36000,60,E
9186,35942,36000,58,W
9188,35947,36002,55,E
9189,35948,36002,54,W
9192,35954,36004,50,E
9193,35954,36004,50,W
9195,35961,36006,45,E
9194,35960,36006,46,W
9199,35968,36008,40,E
9198,35966,36008,42,W
9202,35975,36010,35,E
9200,35972,36010,38,W
9205,35982,36012,30,E
9203,35978,36012,34,W
9208,35989,36014,25,E
9207,35984,36014,30,W
9212,35996,36016,20,E
9209,35990,36016,26,W
9215,36003,36018,15,E
9213,35996,36018,22,W
9219,36011,36020,9,E
9214,36002,36020,18,W
9222,36019,36022,3,E
9217,36008,36022,14,W
9221,36014,36024,10,W
9223,36020,36026,6,W
9227,36027,36028,1,E
9226,36026,36028,2,W
9228,36032,36032,0,W
9230,36035,36036,1,E
9231,36038,36038,0,W
9233,36043,36044,1,E
9235,36044,36044,0,W
9236,36050,36050,0,W
9237,36051,36052,1,E
9239,36056,36056,0,W
9241,36059,36120,61,E
9242,36062,36120,58,W
9244,36067,36122,55,E
9245,36068,36122,54,W
9249,36075,36124,49,E
9248,36074,36124,50,W
9251,36083,36126,43,E
9250,36080,36126,46,W
9255,36091,36128,37,E
9253,36086,36128,42,W
9259,36099,36130,31,E
9256,36092,36130,38,W
9263,36107,36132,25,E
9258,36098,36132,34,W
9266,36115,36134,19,E
9261,36104,36134,30,W
9270,36123,36136,13,E
9264,36110,36136,26,W
9273,36131,36138,7,E
9267,36116,36138,22,W
9277,36139,36140,1,E
9269,36122,36140,18,W
9272,36128,36142,14,W
9275,36134,36144,10,W
9278,36140,36146,6,W
9281,36147,36148,1,E
9280,36146,36148,2,W
9282,36152,36152,0,W
9285,36155,36156,1,E
9286,36158,36158,0,W
9287,36163,36164,1,E
9289,36164,36164,0,W
9291,36170,36170,0,W
9292,36171,36172,1,E
9294,36176,36176,0,W
9295,36179,36240,61,E
9296,36182,36240,58,W
9299,36187,36242,55,E
9300,36188,36242,54,W
9303,36195,36244,49,E
9302,36194,36244,50,W
9306,36203,36246,43,E
9304,36200,36246,46,W
9309,36211,36248,37,E
9308,36206,36248,42,W
9314,36219,36250,31,E
9310,36212,36250,38,W
9317,36227,36252,25,E
9313,36218,36252,34,W
9321,36235,36254,19,E
9316,36224,36254,30,W
9324,36243,36256,13,E
9318,36230,36256,26,W
9328,36251,36258,7,E
9322,36236,36258,22,W
9331,36259,36260,1,E
9323,36242,36260,18,W
9326,36248,36262,14,W
9330,36254,36264,10,W
9332,36260,36266,6,W
9336,36267,36268,1,E
9335,36266,36268,2,W
9337,36272,36272,0,W
9339,36275,36276,1,E
9340,36278,36278,0,W
9342,36283,36284,1,E
9344,36284,36284,0,W
9345,36290,36290,0,W
9346,36291,36292,1,E
9348,36296,36296,0,W
9350,36299,36360,61,E
9351,36302,36360,58,W
9353,36307,36362,55,E
9354,36308,36362,54,W
9358,36315,36364,49,E
9357,36314,36364,50,W
9360,36323,36366,43,E
9359,36320,36366,46,W
9364,36331,36368,37,E
9362,36326,36368,42,W
9368,36339,36370,31,E
9365,36332,36370,38,W
9372,36347,36372,25,E
9367,36338,36372,34,W
9375,36355,36374,19,E
9370,36344,36374,30,W
9379,36363,36376,13,E
9373,36350,36376,26,W
9382,36371,36378,7,E
9376,36356,36378,22,W
9386,36379,36380,1,E
9378,36362,36380,18,W
9381,36368,36382,14,W
9384,36374,36384,10,W
9387,36380,36386,6,W
9390,36387,36388,1,E
9389,36386,36388,2,W
9391,36392,36392,0,W
9394,36395,36396,1,E
9395,36398,36398,0,W
9396,36403,36404,1,E
9398,36404,36404,0,W
9400,36410,36410,0,W
9401,36411,36412,1,E
9403,36416,36416,0,W
9404,36419,36480,61,E
9405,36422,36480,58,W
9408,36427,36482,55,E
9409,36428,36482,54,W
9412,36435,36484,49,E
9411,36434,36484,50,W
9415,36443,36486,43,E
9413,36440,36486,46,W
9418,36451,36488,37,E
9417,36446,36488,42,W
9423,36459,36490,31,E
9419,36452,36490,38,W
9426,36467,36492,25,E
9422,36458,36492,34,W
9430,36475,36494,19,E
9425,36464,36494,30,W
9433,36483,36496,13,E
9427,36470,36496,26,W
9437,36491,36498,7,E
9431,36476,36498,22,W
9440,36499,36500,1,E
9432,36482,36500,18,W
9435,36488,36502,14,W
9439,36494,36504,10,W
9441,36500,36506,6,W
9445,36507,36508,1,E
9444,36506,36508,2,W
9446,36512,36512,0,W
9448,36515,36516,1,E
9449,36518,36518,0,W
9451,36523,36524,1,E
9453,36524,36524,0,W
9454,36530,36530,0,W
9455,36531,36532,1,E
9457,36536,36536,0,W
9459,36539,36600,61,E
9460,36542,36600,58,W
9462,36547,36602,55,E
9463,36548,36602,54,W
9467,36555,36604,49,E
9466,36554,36604,50,W
9469,36563,36606,43,E
9468,36560,36606,46,W
9473,36571,36608,37,E
9471,36566,36608,42,W
9477,36579,36610,31,E
9474,36572,36610,38,W
9481,36587,36612,25,E
9476,36578,36612,34,W
9484,36595,36614,19,E
9479,36584,36614,30,W
9488,36603,36616,13,E
9482,36590,36616,26,W
9491,36611,36618,7,E
9485,36596,36618,22,W
9495,36619,36620,1,E
9487,36602,36620,18,W
9490,36608,36622,14,W
9493,36614,36624,10,W
9496,36620,36626,6,W
9499,36627,36628,1,E
9498,36626,36628,2,W
9500,36632,36632,0,W
9503,36635,36636,1,E
9504,36638,36638,0,W
9505,36643,36644,1,E
9507,36644,36644,0,W
9509,36650,36650,0,W
9510,36651,36652,1,E
9512,36656,36656,0,W
9513,36659,36720,61,E
9514,36662,36720,58,W
9517,36667,36722,55,E
9518,36668,36722,54,W
9521,36675,36724,49,E
9520,36674,36724,50,W
9524,36683,36726,43,E
9522,36680,36726,46,W
9527,36691,36728,37,E
9526,36686,36728,42,W
9532,36699,36730,31,E
9528,36692,36730,38,W
9535,36707,36732,25,E
9531,36698,36732,34,W
9539,36715,36734,19,E
9534,36704,36734,30,W
9542,36723,36736,13,E
9536,36710,36736,26,W
9546,36731,36738,7,E
9540,36716,36738,22,W
9549,36739,36740,1,E
9541,36722,36740,18,W
9544,36728,36742,14,W
9548,36734,36744,10,W
9550,36740,36746,6,W
9554,36747,36748,1,E
9553,36746,36748,2,W
9555,36752,36752,0,W
9557,36755,36756,1,E
9558,36758,36758,0,W
9560,36763,36764,1,E
9562,36764,36764,0,W
9563,36770,36770,0,W
9564,36771,36772,1,E
9566,36776,36776,0,W
9568,36779,36840,61,E
9569,36782,36840,58,W
9571,36787,36842,55,E
9572,36788,36842,54,W
9576,36795,36844,49,E
9575,36794,36844,50,W
9578,36803,36846,43,E
9577,36800,36846,46,W
9582,36811,36848,37,E
9580,36806,36848,42,W
9586,36819,36850,31,E
9583,36812,36850,38,W
9590,36827,36852,25,E
9585,36818,36852,34,W
9593,36835,36854,19,E
9588,36824,36854,30,W
9597,36843,36856,13,E
9591,36830,36856,26,W
9600,36851,36858,7,E
9594,36836,36858,22,W
9604,36859,36860,1,E
9596,36842,36860,18,W
9599,36848,36862,14,W
9602,36854,36864,10,W
9605,36860,36866,6,W
9608,36867,36868,1,E
9607,36866,36868,2,W
9609,36872,36872,0,W
9612,36875,36876,1,E
9613,36878,36878,0,W
9614,36883,36884,1,E
9616,36884,36884,0,W
9618,36890,36890,0,W
9619,36891,36892,1,E
9621,36896,36896,0,W
9622,36899,36960,61,E
9623,36902,36960,58,W
9626,36907,36962,55,E
9627,36908,36962,54,W
9630,36915,36964,49,E
9629,36914,36964,50,W
9633,36923,36966,43,E
9631,36920,36966,46,W
9636,36931,36968,37,E
9635,36926,36968,42,W
9641,36939,36970,31,E
9637,36932,36970,38,W
9644,36947,36972,25,E
9640,36938,36972,34,W
9648,36955,36974,19,E
9643,36944,36974,30,W
9651,36963,36976,13,E
9645,36950,36976,26,W
9655,36971,36978,7,E
9649,36956,36978,22,W
9658,36979,36980,1,E
9650,36962,36980,18,W
9653,36968,36982,14,W
9657,36974,36984,10,W
9659,36980,36986,6,W
9663,36987,36988,1,E
9662,36986,36988,2,W
9664,36992,36992,0,W
9666,36995,36996,1,E
9667,36998,36998,0,W
9669,37003,37004,1,E
9671,37004,37004,0,W
9672,37010,37010,0,W
9673,37011,37012,1,E
9675,37016,37016,0,W
9677,37019,37080,61,E
9678,37022,37080,58,W
9680,37027,37082,55,E
9681,37028,37082,54,W
9685,37035,37084,49,E
9684,37034,37084,50,W
9687,37043,37086,43,E
9686,37040,37086,46,W
9691,37051,37088,37,E
9689,37046,37088,42,W
9695,37059,37090,31,E
9692,37052,37090,38,W
9699,37067,37092,25,E
9694,37058,37092,34,W
9702,37075,37094,19,E
9697,37064,37094,30,W
9706,37083,37096,13,E
9700,37070,37096,26,W
9709,37091,37098,7,E
9703,37076,37098,22,W
9713,37099,37100,1,E
9705,37082,37100,18,W
9708,37088,37102,14,W
9711,37094,37104,10,W
9714,37100,37106,6,W
9717,37107,37108,1,E
9716,37106,37108,2,W
9718,37112,37112,0,W
9721,37115,37116,1,E
9722,37118,37118,0,W
9723,37123,37124,1,E
9725,37124,37124,0,W
9727,37130,37130,0,W
9728,37131,37132,1,E
9730,37136,37136,0,W
9731,37139,37200,61,E
9732,37142,37200,58,W
9735,37147,37202,55,E
9736,37148,37202,54,W
9739,37155,37204,49,E
9738,37154,37204,50,W
9742,37163,37206,43,E
9740,37160,37206,46,W
9745,37171,37208,37,E
9744,37166,37208,42,W
9750,37179,37210,31,E
9746,37172,37210,38,W
9753,37187,37212,25,E
9749,37178,37212,34,W
9757,37195,37214,19,E
9752,37184,37214,30,W
9760,37203,37216,13,E
9754,37190,37216,26,W
9764,37211,37218,7,E
9758,37196,37218,22,W
9767,37219,37220,1,E
9759,37202,37220,18,W
9762,37208,37222,14,W
9766,37214,37224,10,W
9768,37220,37226,6,W
9772,37227,37228,1,E
9771,37226,37228,2,W
9773,37232,37232,0,W
9775,37235,37236,1,E
9776,37238,37238,0,W
9778,37243,37244,1,E
9780,37244,37244,0,W
9781,37250,37250,0,W
9782,37251,37252,1,E
9784,37256,37256,0,W
9786,37259,37320,61,E
9787,37262,37320,58,W
9789,37267,37322,55,E
9790,37268,37322,54,W
9794,37275,37324,49,E
9793,37274,37324,50,W
9796,37283,37326,43,E
9795,37280,37326,46,W
9800,37291,37328,37,E
9798,37286,37328,42,W
9804,37299,37330,31,E
9801,37292,37330,38,W
9808,37307,37332,25,E
9803,37298,37332,34,W
9811,37315,37334,19,E
9806,37304,37334,30,W
9815,37323,37336,13,E
9809,37310,37336,26,W
9818,37331,37338,7,E
9812,37316,37338,22,W
9822,37339,37340,1,E
9814,37322,37340,18,W
9817,37328,37342,14,W
9820,37334,37344,10,W
9823,37340,37346,6,W
9826,37347,37348,1,E
9825,37346,37348,2,W
9827,37352,37352,0,W
9830,37355,37356,1,E
9831,37358,37358,0,W
9832,37363,37364,1,E
9834,37364,37364,0,W
9836,37370,37370,0,W
9837,37371,37372,1,E
9839,37376,37376,0,W
9840,37379,37440,61,E
9841,37382,37440,58,W
9844,37387,37442,55,E
9845,37388,37442,54,W
9848,37395,37444,49,E
9847,37394,37444,50,W
9851,37403,37446,43,E
9849,37400,37446,46,W
9854,37411,37448,37,E
9853,37406,37448,42,W
9859,37419,37450,31,E
9855,37412,37450,38,W
9862,37427,37452,25,E
9858,37418,37452,34,W
9866,37435,37454,19,E
9861,37424,37454,30,W
9869,37443,37456,13,E
9863,37430,37456,26,W
9873,37451,37458,7,E
9867,37436,37458,22,W
9876,37459,37460,1,E
9868,37442,37460,18,W
9871,37448,37462,14,W
9875,37454,37464,10,W
9877,37460,37466,6,W
9881,37467,37468,1,E
9880,37466,37468,2,W
9882,37472,37472,0,W
9884,37475,37476,1,E
9885,37478,37478,0,W
9887,37483,37484,1,E
9889,37484,37484,0,W
9890,37490,37490,0,W
9891,37491,37492,1,E
9893,37496,37496,0,W
9895,37499,37560,61,E
9896,37502,37560,58,W
9898,37507,37562,55,E
9899,37508,37562,54,W
9903,37515,37564,49,E
9902,37514,37564,50,W
9905,37523,37566,43,E
9904,37520,37566,46,W
9909,37531,37568,37,E
9907,37526,37568,42,W
9913,37539,37570,31,E
9910,37532,37570,38,W
9917,37547,37572,25,E
9912,37538,37572,34,W
9920,37555,37574,19,E
9915,37544,37574,30,W
9924,37563,37576,13,E
9918,37550,37576,26,W
9927,37571,37578,7,E
9921,37556,37578,22,W
9931,37579,37580,1,E
9923,37562,37580,18,W
9926,37568,37582,14,W
9929,37574,37584,10,W
9932,37580,37586,6,W
9935,37587,37588,1,E
9934,37586,37588,2,W
9936,37592,37592,0,W
9939,37595,37596,1,E
9940,37598,37598,0,W
9941,37603,37604,1,E
9943,37604,37604,0,W
9945,37610,37610,0,W
9946,37611,37612,1,E
9948,37616,37616,0,W
9949,37619,37680,61,E
9950,37622,37680,58,W
9953,37627,37682,55,E
9954,37628,37682,54,W
9957,37635,37684,49,E
9956,37634,37684,50,W
9960,37643,37686,43,E
9958,37640,37686,46,W
9963,37651,37688,37,E
9962,37646,37688,42,W
9968,37659,37690,31,E
9964,37652,37690,38,W
9971,37667,37692,25,E
9967,37658,37692,34,W
9975,37675,37694,19,E
9970,37664,37694,30,W
9978,37683,37696,13,E
9972,37670,37696,26,W
9982,37691,37698,7,E
9976,37676,37698,22,W
9985,37699,37700,1,E
9977,37682,37700,18,W
9980,37688,37702,14,W
9984,37694,37704,10,W
9986,37700,37706,6,W
9990,37707,37708,1,E
9989,37706,37708,2,W
9991,37712,37712,0,W
9993,37715,37716,1,E
9994,37718,37718,0,W
9996,37723,37724,1,E
9998,37724,37724,0,W
9999,37730,37730,0,W
10000,37731,37732,1,E
10002,37736,37736,0,W
10004,37739,37800,61,E
10005,37742,37800,58,W
10007,37747,37802,55,E
10008,37748,37802,54,W
10012,37755,37804,49,E
10011,37754,37804,50,W
10014,37763,37806,43,E
10013,37760,37806,46,W
10018,37771,37808,37,E
10016,37766,37808,42,W
10022,37779,37810,31,E
10019,37772,37810,38,W
10026,37787,37812,25,E
10021,37778,37812,34,W
10029,37795,37814,19,E
10024,37784,37814,30,W
10033,37803,37816,13,E
10027,37790,37816,26,W
10036,37811,37818,7,E
10030,37796,37818,22,W
10040,37819,37820,1,E
10032,37802,37820,18,W
10035,37808,37822,14,W
10038,37814,37824,10,W
10041,37820,37826,6,W
10044,37827,37828,1,E
10043,37826,37828,2,W
10045,37832,37832,0,W
10048,37835,37836,1,E
10049,37838,37838,0,W
10050,37843,37844,1,E
10052,37844,37844,0,W
10054,37850,37850,0,W
10055,37851,37852,1,E
10057,37856,37856,0,W
10058,37859,37920,61,E
10059,37862,37920,58,W
10062,37867,37922,55,E
10063,37868,37922,54,W
10066,37875,37924,49,E
10065,37874,37924,50,W
10069,37883,37926,43,E
10067,37880,37926,46,W
10072,37891,37928,37,E
10071,37886,37928,42,W
10077,37899,37930,31,E
10073,37892,37930,38,W
10080,37907,37932,25,E
10076,37898,37932,34,W
10084,37915,37934,19,E
10079,37904,37934,30,W
10087,37923,37936,13,E
10081,37910,37936,26,W
10091,37931,37938,7,E
10085,37916,37938,22,W
10094,37939,37940,1,E
10086,37922,37940,18,W
10089,37928,37942,14,W
10093,37934,37944,10,W
10095,37940,37946,6,W
10099,37947,37948,1,E
10098,37946,37948,2,W
10100,37952,37952,0,W
10102,37955,37956,1,E
10103,37958,37958,0,W
10105,37963,37964,1,E
10107,37964,37964,0,W
10108,37970,37970,0,W
10109,37971,37972,1,E
10111,37976,37976,0,W
10113,37979,38040,61,E
10114,37982,38040,58,W
10116,37987,38042,55,E
10117,37988,38042,54,W
10121,37995,38044,49,E
10120,37994,38044,50,W
10123,38003,38046,43,E
10122,38000,38046,46,W
10127,38011,38048,37,E
10125,38006,38048,42,W
10131,38019,38050,31,E
10128,38012,38050,38,W
10135,38027,38052,25,E
10130,38018,38052,34,W
10138,38035,38054,19,E
10133,38024,38054,30,W
10142,38043,38056,13,E
10136,38030,38056,26,W
10145,38051,38058,7,E
10139,38036,38058,22,W
10149,38059,38060,1,E
10141,38042,38060,18,W
10144,38048,38062,14,W
10147,38054,38064,10,W
10150,38060,38066,6,W
10153,38067,38068,1,E
10152,38066,38068,2,W
10154,38072,38072,0,W
10157,38075,38076,1,E
10158,38078,38078,0,W
10159,38083,38084,1,E
10161,38084,38084,0,W
10163,38090,38090,0,W
10164,38091,38092,1,E
10166,38096,38096,0,W
10167,38099,38160,61,E
10168,38102,38160,58,W
10171,38107,38162,55,E
10172,38108,38162,54,W
10175,38115,38164,49,E
10174,38114,38164,50,W
10178,38123,38166,43,E
10176,38120,38166,46,W
10181,38131,38168,37,E
10180,38126,38168,42,W
10186,38139,38170,31,E
10182,38132,38170,38,W
10189,38147,38172,25,E
10185,38138,38172,34,W
10193,38155,38174,19,E
10188,38144,38174,30,W
10196,38163,38176,13,E
10190,38150,38176,26,W
10200,38171,38178,7,E
10194,38156,38178,22,W
10203,38179,38180,1,E
10195,38162,38180,18,W
10198,38168,38182,14,W
10202,38174,38184,10,W
10204,38180,38186,6,W
10208,38187,38188,1,E
10207,38186,38188,2,W
10209,38192,38192,0,W
10211,38195,38196,1,E
10212,38198,38198,0,W
10214,38203,38204,1,E
10216,38204,38204,0,W
10217,38210,38210,0,W
10218,38211,38212,1,E
10220,38216,38216,0,W
10222,38219,38280,61,E
10223,38222,38280,58,W
10225,38227,38282,55,E
10226,38228,38282,54,W
10230,38235,38284,49,E
10229,38234,38284,50,W
10232,38243,38286,43,E
10231,38240,38286,46,W
10236,38251,38288,37,E
10234,38246,38288,42,W
10240,38259,38290,31,E
10237,38252,38290,38,W
10244,38267,38292,25,E
10239,38258,38292,34,W
10247,38275,38294,19,E
10242,38264,38294,30,W
10251,38283,38296,13,E
10245,38270,38296,26,W
10254,38291,38298,7,E
10248,38276,38298,22,W
10258,38299,38300,1,E
10250,38282,38300,18,W
10253,38288,38302,14,W
10256,38294,38304,10,W
10259,38300,38306,6,W
10262,38307,38308,1,E
10261,38306,38308,2,W
10263,38312,38312,0,W
10266,38315,38316,1,E
10267,38318,38318,0,W
10268,38323,38324,1,E
10270,38324,38324,0,W
10272,38330,38330,0,W
10273,38331,38332,1,E
10275,38336,38336,0,W
10276,38339,38400,61,E
10277,38342,38400,58,W
10280,38347,38402,55,E
10281,38348,38402,54,W
10284,38355,38404,49,E
10283,38354,38404,50,W
10287,38363,38406,43,E
10285,38360,38406,46,W
10290,38371,38408,37,E
10289,38366,38408,42,W
10295,38379,38410,31,E
10291,38372,38410,38,W
10298,38387,38412,25,E
10294,38378,38412,34,W
10302,38395,38414,19,E
10297,38384,38414,30,W
10305,38403,38416,13,E
10299,38390,38416,26,W
10309,38411,38418,7,E
10303,38396,38418,22,W
10312,38419,38420,1,E
10304,38402,38420,18,W
10307,38408,38422,14,W
10311,38414,38424,10,W
10313,38420,38426,6,W
10317,38427,38428,1,E
10316,38426,38428,2,W
10318,38432,38432,0,W
10320,38435,38436,1,E
10321,38438,38438,0,W
10323,38443,38444,1,E
10325,38444,38444,0,W
10326,38450,38450,0,W
10327,38451,38452,1,E
10329,38456,38456,0,W
10331,38459,38520,61,E
10332,38462,38520,58,W
10334,38467,38522,55,E
10335,38468,38522,54,W
10339,38475,38524,49,E
10338,38474,38524,50,W
10341,38483,38526,43,E
10340,38480,38526,46,W
10345,38491,38528,37,E
10343,38486,38528,42,W
10349,38499,38530,31,E
10346,38492,38530,38,W
10353,38507,38532,25,E
10348,38498,38532,34,W
10356,38515,38534,19,E
10351,38504,38534,30,W
10360,38523,38536,13,E
10354,38510,38536,26,W
10363,38531,38538,7,E
10357,38516,38538,22,W
10367,38539,38540,1,E
10359,38522,38540,18,W
10362,38528,38542,14,W
10365,38534,38544,10,W
10368,38540,38546,6,W
10371,38547,38548,1,E
10370,38546,38548,2,W
10372,38552,38552,0,W
10375,38555,38556,1,E
10376,38558,38558,0,W
10377,38563,38564,1,E
10379,38564,38564,0,W
10381,38570,38570,0,W
10382,38571,38572,1,E
10384,38576,38576,0,W
10385,38579,38640,61,E
10386,38582,38640,58,W
10389,38587,38642,55,E
10390,38588,38642,54,W
10393,38595,38644,49,E
10392,38594,38644,50,W
10396,38603,38646,43,E
10394,38600,38646,46,W
10399,38611,38648,37,E
10398,38606,38648,42,W
10404,38619,38650,31,E
10400,38612,38650,38,W
10407,38627,38652,25,E
10403,38618,38652,34,W
10411,38635,38654,19,E
10406,38624,38654,30,W
10414,38643,38656,13,E
10408,38630,38656,26,W
10418,38651,38658,7,E
10412,38636,38658,22,W
10421,38659,38660,1,E
10413,38642,38660,18,W
10416,38648,38662,14,W
10420,38654,38664,10,W
10422,38660,38666,6,W
10426,38667,38668,1,E
10425,38666,38668,2,W
10427,38672,38672,0,W
10429,38675,38676,1,E
10430,38678,38678,0,W
10432,38683,38684,1,E
10434,38684,38684,0,W
10435,38690,38690,0,W
10436,38691,38692,1,E
10438,38696,38696,0,W
10440,38699,38760,61,E
10441,38702,38760,58,W
10443,38707,38762,55,E
10444,38708,38762,54,W
10448,38715,38764,49,E
10447,38714,38764,50,W
10450,38723,38766,43,E
10449,38720,38766,46,W
10454,38731,38768,37,E
10452,38726,38768,42,W
10458,38739,38770,31,E
10455,38732,38770,38,W
10462,38747,38772,25,E
10457,38738,38772,34,W
10465,38755,38774,19,E
10460,38744,38774,30,W
10469,38763,38776,13,E
10463,38750,38776,26,W
10472,38771,38778,7,E
10466,38756,38778,22,W
10476,38779,38780,1,E
10468,38762,38780,18,W
10471,38768,38782,14,W
10474,38774,38784,10,W
10477,38780,38786,6,W
10480,38787,38788,1,E
10479,38786,38788,2,W
10481,38792,38792,0,W
10484,38795,38796,1,E
10485,38798,38798,0,W
10486,38803,38804,1,E
10488,38804,38804,0,W
10490,38810,38810,0,W
10491,38811,38812,1,E
10493,38816,38816,0,W
10494,38819,38880,61,E
10495,38822,38880,58,W
10498,38827,38882,55,E
10499,38828,38882,54,W
10502,38835,38884,49,E
10501,38834,38884,50,W
10505,38843,38886,43,E
10503,38840,38886,46,W
10508,38851,38888,37,E
10507,38846,38888,42,W
10513,38859,38890,31,E
10509,38852,38890,38,W
10516,38867,38892,25,E
10512,38858,38892,34,W
10520,38875,38894,19,E
10515,38864,38894,30,W
10523,38883,38896,13,E
10517,38870,38896,26,W
10527,38891,38898,7,E
10521,38876,38898,22,W
10530,38899,38900,1,E
10522,38882,38900,18,W
10525,38888,38902,14,W
10529,38894,38904,10,W
10531,38900,38906,6,W
10535,38907,38908,1,E
10534,38906,38908,2,W
10536,38912,38912,0,W
10538,38915,38916,1,E
10539,38918,38918,0,W
10541,38923,38924,1,E
10543,38924,38924,0,W
10544,38930,38930,0,W
10545,38931,38932,1,E
10547,38936,38936,0,W
10549,38939,39000,61,E
10550,38942,39000,58,W
10552,38947,39002,55,E
10553,38948,39002,54,W
10557,38955,39004,49,E
10556,38954,39004,50,W
10559,38963,39006,43,E
10558,38960,39006,46,W
10563,38971,39008,37,E
10561,38966,39008,42,W
10567,38979,39010,31,E
10564,38972,39010,38,W
10571,38987,39012,25,E
10566,38978,39012,34,W
10574,38995,39014,19,E
10569,38984,39014,30,W
10578,39003,39016,13,E
10572,38990,39016,26,W
10581,39011,39018,7,E
10575,38996,39018,22,W
10585,39019,39020,1,E
10577,39002,39020,18,W
10580,39008,39022,14,W
10583,39014,39024,10,W
10586,39020,39026,6,W
10589,39027,39028,1,E
10588,39026,39028,2,W
10590,39032,39032,0,W
10593,39035,39036,1,E
10594,39038,39038,0,W
10595,39043,39044,1,E
10597,39044,39044,0,W
10599,39050,39050,0,W
10600,39051,39052,1,E
10602,39056,39056,0,W
10603,39059,39120,61,E
10604,39062,39120,58,W
10607,39067,39122,55,E
10608,39068,39122,54,W
10611,39075,39124,49,E
10610,39074,39124,50,W
10614,39083,39126,43,E
10612,39080,39126,46,W
10617,39091,39128,37,E
10616,39086,39128,42,W
10622,39099,39130,31,E
10618,39092,39130,38,W
10625,39107,39132,25,E
10621,39098,39132,34,W
10629,39115,39134,19,E
10624,39104,39134,30,W
10632,39123,39136,13,E
10626,39110,39136,26,W
10636,39131,39138,7,E
10630,39116,39138,22,W
10639,39139,39140,1,E
10631,39122,39140,18,W
10634,39128,39142,14,W
10638,39134,39144,10,W
10640,39140,39146,6,W
10644,39147,39148,1,E
10643,39146,39148,2,W
10645,39152,39152,0,W
10647,39155,39156,1,E
10648,39158,39158,0,W
10650,39163,39164,1,E
10652,39164,39164,0,W
10653,39170,39170,0,W
10654,39171,39172,1,E
10656,39176,39176,0,W
10658,39179,39240,61,E
10659,39182,39240,58,W
10661,39187,39242,55,E
10662,39188,39242,54,W
10666,39195,39244,49,E
10665,39194,39244,50,W
10668,39203,39246,43,E
10667,39200,39246,46,W
10672,39211,39248,37,E
10670,39206,39248,42,W
10676,39219,39250,31,E
10673,39212,39250,38,W
10680,39227,39252,25,E
10675,39218,39252,34,W
10683,39235,39254,19,E
10678,39224,39254,30,W
10687,39243,39256,13,E
10681,39230,39256,26,W
10690,39251,39258,7,E
10684,39236,39258,22,W
10694,39259,39260,1,E
10686,39242,39260,18,W
10689,39248,39262,14,W
10692,39254,39264,10,W
10695,39260,39266,6,W
10698,39267,39268,1,E
10697,39266,39268,2,W
10699,39272,39272,0,W
10702,39275,39276,1,E
10703,39278,39278,0,W
10704,39283,39284,1,E
10706,39284,39284,0,W
10708,39290,39290,0,W
10709,39291,39292,1,E
10711,39296,39296,0,W
10712,39299,39360,61,E
10713,39302,39360,58,W
10716,39307,39362,55,E
10717,39308,39362,54,W
10720,39315,39364,49,E
10719,39314,39364,50,W
10723,39323,39366,43,E
10721,39320,39366,46,W
10726,39331,39368,37,E
10725,39326,39368,42,W
10731,39339,39370,31,E
10727,39332,39370,38,W
10734,39347,39372,25,E
10730,39338,39372,34,W
10738,39355,39374,19,E
10733,39344,39374,30,W
10741,39363,39376,13,E
10735,39350,39376,26,W
10745,39371,39378,7,E
10739,39356,39378,22,W
10748,39379,39380,1,E
10740,39362,39380,18,W
10743,39368,39382,14,W
10747,39374,39384,10,W
10749,39380,39386,6,W
10753,39387,39388,1,E
10752,39386,39388,2,W
10754,39392,39392,0,W
10756,39395,39396,1,E
10757,39398,39398,0,W
10759,39403,39404,1,E
10761,39404,39404,0,W
10762,39410,39410,0,W
10763,39411,39412,1,E
10765,39416,39416,0,W
10767,39419,39480,61,E
10768,39422,39480,58,W
10770,39427,39482,55,E
10771,39428,39482,54,W
10775,39435,39484,49,E
10774,39434,39484,50,W
10777,39443,39486,43,E
10776,39440,39486,46,W
10781,39451,39488,37,E
10779,39446,39488,42,W
10785,39459,39490,31,E
10782,39452,39490,38,W
10789,39467,39492,25,E
10784,39458,39492,34,W
10792,39475,39494,19,E
10787,39464,39494,30,W
10796,39483,39496,13,E
10790,39470,39496,26,W
10799,39491,39498,7,E
10793,39476,39498,22,W
10803,39499,39500,1,E
10795,39482,39500,18,W
10798,39488,39502,14,W
10801,39494,39504,10,W
10804,39500,39506,6,W
10807,39507,39508,1,E
10806,39506,39508,2,W
10808,39512,39512,0,W
10811,39515,39516,1,E
10812,39518,39518,0,W
10813,39523,39524,1,E
10815,39524,39524,0,W
10817,39530,39530,0,W
10818,39531,39532,1,E
10820,39536,39536,0,W
10821,39539,39600,61,E
10822,39542,39600,58,W
10825,39547,39602,55,E
10826,39548,39602,54,W
10829,39555,39604,49,E
10828,39554,39604,50,W
10832,39563,39606,43,E
10830,39560,39606,46,W
10835,39571,39608,37,E
10834,39566,39608,42,W
10840,39579,39610,31,E
10836,39572,39610,38,W
10843,39587,39612,25,E
10839,39578,39612,34,W
10847,39595,39614,19,E
10842,39584,39614,30,W
10850,39603,39616,13,E
10844,39590,39616,26,W
10854,39610,39618,8,E
10848,39596,39618,22,W
10857,39617,39620,3,E
10849,39602,39620,18,W
10852,39608,39622,14,W
10860,39624,39624,0,E
10856,39614,39624,10,W
10858,39620,39626,6,W
10862,39626,39628,2,W
10863,39631,39632,1,E
10864,39632,39632,0,W
10866,39638,39638,0,E
10867,39638,39638,0,W
10870,39644,39644,0,W
10871,39645,39646,1,E
10872,39650,39650,0,W
10873,39652,39652,0,E
10876,39656,39656,0,W
10877,39659,39720,61,E
10878,39662,39720,58,W
10880,39666,39722,56,E
10881,39668,39722,54,W
10883,39673,39724,51,E
10885,39674,39724,50,W
10886,39680,39726,46,E
10887,39680,39726,46,W
10891,39687,39728,41,E
10890,39686,39728,42,W
10894,39694,39730,36,E
10892,39692,39730,38,W
10897,39701,39732,31,E
10895,39698,39732,34,W
10900,39708,39734,26,E
10899,39704,39734,30,W
10904,39715,39736,21,E
10901,39710,39736,26,W
10906,39722,39738,16,E
10905,39716,39738,22,W
10910,39729,39740,11,E
10907,39722,39740,18,W
10914,39736,39742,6,E
10909,39728,39742,14,W
10916,39743,39744,1,E
10913,39734,39744,10,W
10915,39740,39746,6,W
10919,39746,39748,2,W
10920,39750,39750,0,E
10921,39752,39752,0,W
10923,39757,39758,1,E
10924,39758,39758,0,W
10927,39764,39764,0,E
10928,39764,39764,0,W
10929,39770,39770,0,W
10930,39771,39772,1,E
10933,39776,39776,0,W
10934,39778,39778,0,E
10937,39785,39840,55,E
10935,39782,39840,58,W
10940,39792,39842,50,E
10938,39788,39842,54,W
10943,39799,39844,45,E
10942,39794,39844,50,W
10947,39806,39846,40,E
10944,39800,39846,46,W
10950,39813,39848,35,E
10948,39806,39848,42,W
10954,39820,39850,30,E
10949,39812,39850,38,W
10957,39827,39852,25,E
10952,39818,39852,34,W
10960,39834,39854,20,E
10956,39824,39854,30,W
10963,39841,39856,15,E
10958,39830,39856,26,W
10966,39848,39858,10,E
10962,39836,39858,22,W
10971,39855,39860,5,E
10964,39842,39860,18,W
10973,39862,39862,0,E
10967,39848,39862,14,W
10970,39854,39864,10,W
10972,39860,39866,6,W
10976,39866,39868,2,W
10977,39869,39870,1,E
10978,39872,39872,0,W
10980,39876,39876,0,E
10981,39878,39878,0,W
10983,39883,39884,1,E
10985,39884,39884,0,W
10986,39890,39890,0,E
10987,39890,39890,0,W
10990,39896,39896,0,W
10991,39897,39898,1,E
10994,39904,39960,56,E
10992,39902,39960,58,W
10997,39911,39962,51,E
10995,39908,39962,54,W
11000,39918,39964,46,E
10999,39914,39964,50,W
11004,39925,39966,41,E
11001,39920,39966,46,W
11006,39932,39968,36,E
11005,39926,39968,42,W
11010,39939,39970,31,E
11007,39932,39970,38,W
11014,39946,39972,26,E
11009,39938,39972,34,W
11016,39953,39974,21,E
11013,39944,39974,30,W
11020,39960,39976,16,E
11015,39950,39976,26,W
11023,39967,39978,11,E
11019,39956,39978,22,W
11027,39974,39980,6,E
11021,39962,39980,18,W
11030,39981,39982,1,E
11024,39968,39982,14,W
11028,39974,39984,10,W
11029,39980,39986,6,W
11034,39988,39988,0,E
11033,39986,39988,2,W
11035,39992,39992,0,W
11037,39995,39996,1,E
11038,39998,39998,0,W
11040,40002,40002,0,E
11042,40004,40004,0,W
11043,40009,40010,1,E
11044,40010,40010,0,W
11047,40016,40016,0,E
11048,40016,40016,0,W
11050,40023,40080,57,E
11049,40022,40080,58,W
11054,40030,40082,52,E
11052,40028,40082,54,W
11057,40037,40084,47,E
11056,40034,40084,50,W
11060,40044,40086,42,E
11058,40040,40086,46,W
11063,40051,40088,37,E
11062,40046,40088,42,W
11066,40058,40090,32,E
11064,40052,40090,38,W
11071,40065,40092,27,E
11067,40058,40092,34,W
11073,40072,40094,22,E
11070,40064,40094,30,W
11077,40079,40096,17,E
11072,40070,40096,26,W
11080,40086,40098,12,E
11076,40076,40098,22,W
11083,40093,40100,7,E
11078,40082,40100,18,W
11086,40100,40102,2,E
11081,40088,40102,14,W
11085,40094,40104,10,W
11087,40100,40106,6,W
11091,40107,40108,1,E
11090,40106,40108,2,W
11092,40112,40112,0,W
11094,40114,40114,0,E
11095,40118,40118,0,W
11097,40121,40122,1,E
11099,40124,40124,0,W
11100,40128,40128,0,E
11101,40130,40130,0,W
11104,40135,40136,1,E
11105,40136,40136,0,W
11106,40142,40200,58,E
11107,40142,40200,58,W
11110,40149,40202,53,E
11109,40148,40202,54,W
11114,40156,40204,48,E
11113,40154,40204,50,W
11116,40163,40206,43,E
11115,40160,40206,46,W
11120,40170,40208,38,E
11119,40166,40208,42,W
11123,40177,40210,33,E
11121,40172,40210,38,W
11127,40184,40212,28,E
11124,40178,40212,34,W
11130,40191,40214,23,E
11128,40184,40214,30,W
11134,40198,40216,18,E
11129,40190,40216,26,W
11137,40205,40218,13,E
11133,40196,40218,22,W
11140,40212,40220,8,E
11135,40202,40220,18,W
11143,40219,40222,3,E
11138,40208,40222,14,W
11142,40214,40224,10,W
11147,40226,40226,0,E
11144,40220,40226,6,W
11148,40226,40228,2,W
11149,40232,40232,0,W
11150,40233,40234,1,E
11152,40238,40238,0,W
11154,40240,40240,0,E
11156,40244,40244,0,W
11157,40247,40248,1,E
11158,40250,40250,0,W
11160,40254,40254,0,E
11162,40256,40256,0,W
11163,40261,40320,59,E
11164,40262,40320,58,W
11166,40268,40322,54,E
11167,40268,40322,54,W
11171,40275,40324,49,E
11170,40274,40324,50,W
11173,40282,40326,44,E
11172,40280,40326,46,W
11177,40289,40328,39,E
11176,40286,40328,42,W
11180,40296,40330,34,E
11178,40292,40330,38,W
11183,40303,40332,29,E
11181,40298,40332,34,W
11186,40310,40334,24,E
11185,40304,40334,30,W
11191,40317,40336,19,E
11187,40310,40336,26,W
11194,40324,40338,14,E
11190,40316,40338,22,W
11197,40331,40340,9,E
11192,40322,40340,18,W
11200,40338,40342,4,E
11195,40328,40342,14,W
11199,40334,40344,10,W
11204,40345,40346,1,E
11201,40340,40346,6,W
11205,40346,40348,2,W
11206,40352,40352,0,E
11207,40352,40352,0,W
11209,40358,40358,0,W
11210,40359,40360,1,E
11213,40364,40364,0,W
11214,40366,40366,0,E
11215,40370,40370,0,W
11216,40373,40374,1,E
11219,40376,40376,0,W
11220,40380,40440,60,E
11221,40382,40440,58,W
11223,40387,40442,55,E
11224,40388,40442,54,W
11227,40394,40444,50,E
11228,40394,40444,50,W
11230,40401,40446,45,E
11229,40400,40446,46,W
11234,40408,40448,40,E
11233,40406,40448,42,W
11237,40415,40450,35,E
11235,40412,40450,38,W
11240,40422,40452,30,E
11238,40418,40452,34,W
11243,40429,40454,25,E
11242,40424,40454,30,W
11247,40436,40456,20,E
11244,40430,40456,26,W
11250,40443,40458,15,E
11248,40436,40458,22,W
11254,40450,40460,10,E
11249,40442,40460,18,W
11257,40457,40462,5,E
11252,40448,40462,14,W
11260,40464,40464,0,E
11256,40454,40464,10,W
11258,40460,40466,6,W
11262,40466,40468,2,W
11263,40471,40472,1,E
11264,40472,40472,0,W
11266,40478,40478,0,E
11267,40478,40478,0,W
11270,40484,40484,0,W
11271,40485,40486,1,E
11272,40490,40490,0,W
11273,40492,40492,0,E
11276,40496,40496,0,W
11277,40499,40560,61,E
11278,40502,40560,58,W
11280,40506,40562,56,E
11281,40508,40562,54,W
11283,40513,40564,51,E
11285,40514,40564,50,W
11286,40520,40566,46,E
11287,40520,40566,46,W
11291,40527,40568,41,E
11290,40526,40568,42,W
11294,40534,40570,36,E
11292,40532,40570,38,W
11297,40541,40572,31,E
11295,40538,40572,34,W
11300,40548,40574,26,E
11299,40544,40574,30,W
11304,40555,40576,21,E
11301,40550,40576,26,W
11306,40562,40578,16,E
11305,40556,40578,22,W
11310,40569,40580,11,E
11307,40562,40580,18,W
11314,40576,40582,6,E
11309,40568,40582,14,W
11316,40583,40584,1,E
11313,40574,40584,10,W
11315,40580,40586,6,W
11319,40586,40588,2,W
11320,40590,40590,0,E
11321,40592,40592,0,W
11323,40597,40598,1,E
11324,40598,40598,0,W
11327,40604,40604,0,E
11328,40604,40604,0,W
11329,40610,40610,0,W
11330,40611,40612,1,E
11333,40616,40616,0,W
11334,40618,40618,0,E
11337,40625,40680,55,E
11335,40622,40680,58,W
11340,40632,40682,50,E
11338,40628,40682,54,W
11343,40639,40684,45,E
11342,40634,40684,50,W
11347,40646,40686,40,E
11344,40640,40686,46,W
11350,40653,40688,35,E
11348,40646,40688,42,W
11354,40660,40690,30,E
11349,40652,40690,38,W
11357,40667,40692,25,E
11352,40658,40692,34,W
11360,40674,40694,20,E
11356,40664,40694,30,W
11363,40681,40696,15,E
11358,40670,40696,26,W
11366,40688,40698,10,E
11362,40676,40698,22,W
11371,40695,40700,5,E
11364,40682,40700,18,W
11373,40702,40702,0,E
11367,40688,40702,14,W
11370,40694,40704,10,W
11372,40700,40706,6,W
11376,40706,40708,2,W
11377,40709,40710,1,E
11378,40712,40712,0,W
11380,40716,40716,0,E
11381,40718,40718,0,W
11383,40723,40724,1,E
11385,40724,40724,0,W
11386,40730,40730,0,E
11387,40730,40730,0,W
11390,40736,40736,0,W
11391,40737,40738,1,E
11394,40744,40800,56,E
11392,40742,40800,58,W
11397,40751,40802,51,E
11395,40748,40802,54,W
11400,40758,40804,46,E
11399,40754,40804,50,W
11404,40765,40806,41,E
11401,40760,40806,46,W
11406,40772,40808,36,E
11405,40766,40808,42,W
11410,40779,40810,31,E
11407,40772,40810,38,W
11414,40786,40812,26,E
11409,40778,40812,34,W
11416,40793,40814,21,E
11413,40784,40814,30,W
11420,40800,40816,16,E
11415,40790,40816,26,W
11423,40807,40818,11,E
11419,40796,40818,22,W
11427,40814,40820,6,E
11421,40802,40820,18,W
11430,40821,40822,1,E
11424,40808,40822,14,W
11428,40814,40824,10,W
11429,40820,40826,6,W
11434,40828,40828,0,E
11433,40826,40828,2,W
11435,40832,40832,0,W
11437,40835,40836,1,E
11438,40838,40838,0,W
11440,40842,40842,0,E
11442,40844,40844,0,W
11443,40849,40850,1,E
11444,40850,40850,0,W
11447,40856,40856,0,E
11448,40856,40856,0,W
11450,40863,40920,57,E
11449,40862,40920,58,W
11454,40870,40922,52,E
11452,40868,40922,54,W
11457,40877,40924,47,E
11456,40874,40924,50,W
11460,40884,40926,42,E
11458,40880,40926,46,W
11463,40891,40928,37,E
11462,40886,40928,42,W
11466,40898,40930,32,E
11464,40892,40930,38,W
11471,40905,40932,27,E
11467,40898,40932,34,W
11473,40912,40934,22,E
11470,40904,40934,30,W
11477,40919,40936,17,E
11472,40910,40936,26,W
11480,40926,40938,12,E
11476,40916,40938,22,W
11483,40933,40940,7,E
11478,40922,40940,18,W
11486,40940,40942,2,E
11481,40928,40942,14,W
11485,40934,40944,10,W
11487,40940,40946,6,W
11491,40947,40948,1,E
11490,40946,40948,2,W
11492,40952,40952,0,W
11494,40954,40954,0,E
11495,40958,40958,0,W
11497,40961,40962,1,E
11499,40964,40964,0,W
11500,40968,40968,0,E
11501,40970,40970,0,W
11504,40975,40976,1,E
11505,40976,40976,0,W
11506,40982,41040,58,E
11507,40982,41040,58,W
11510,40989,41042,53,E
11509,40988,41042,54,W
11514,40996,41044,48,E
11513,40994,41044,50,W
11516,41003,41046,43,E
11515,41000,41046,46,W
11520,41010,41048,38,E
11519,41006,41048,42,W
11523,41017,41050,33,E
11521,41012,41050,38,W
11527,41024,41052,28,E
11524,41018,41052,34,W
11530,41031,41054,23,E
11528,41024,41054,30,W
11534,41038,41056,18,E
11529,41030,41056,26,W
11537,41045,41058,13,E
11533,41036,41058,22,W
11540,41052,41060,8,E
11535,41042,41060,18,W
11543,41059,41062,3,E
11538,41048,41062,14,W
11542,41054,41064,10,W
11547,41066,41066,0,E
11544,41060,41066,6,W
11548,41066,41068,2,W
11549,41072,41072,0,W
11550,41073,41074,1,E
11552,41078,41078,0,W
11554,41080,41080,0,E
11556,41084,41084,0,W
11557,41087,41088,1,E
11558,41090,41090,0,W
11560,41094,41094,0,E
11562,41096,41096,0,W
11563,41101,41160,59,E
11564,41102,41160,58,W
11566,41108,41162,54,E
11567,41108,41162,54,W
11571,41115,41164,49,E
11570,41114,41164,50,W
11573,41122,41166,44,E
11572,41120,41166,46,W
11577,41129,41168,39,E
11576,41126,41168,42,W
11580,41136,41170,34,E
11578,41132,41170,38,W
11583,41143,41172,29,E
11581,41138,41172,34,W
11586,41150,41174,24,E
11585,41144,41174,30,W
11591,41157,41176,19,E
11587,41150,41176,26,W
11594,41164,41178,14,E
11590,41156,41178,22,W
11597,41171,41180,9,E
11592,41162,41180,18,W
11600,41178,41182,4,E
11595,41168,41182,14,W
11599,41174,41184,10,W
11604,41185,41186,1,E
11601,41180,41186,6,W
11605,41186,41188,2,W
11606,41192,41192,0,E
11607,41192,41192,0,W
11609,41198,41198,0,W
11610,41199,41200,1,E
11613,41204,41204,0,W
11614,41206,41206,0,E
11615,41210,41210,0,W
11616,41213,41214,1,E
11619,41216,41216,0,W
11620,41220,41280,60,E
11621,41222,41280,58,W
11623,41227,41282,55,E
11624,41228,41282,54,W
11627,41234,41284,50,E
11628,41234,41284,50,W
11630,41241,41286,45,E
11629,41240,41286,46,W
11634,41248,41288,40,E
11633,41246,41288,42,W
11637,41255,41290,35,E
11635,41252,41290,38,W
11640,41262,41292,30,E
11638,41258,41292,34,W
11643,41269,41294,25,E
11642,41264,41294,30,W
11647,41276,41296,20,E
11644,41270,41296,26,W
11650,41283,41298,15,E
11648,41276,41298,22,W
11654,41290,41300,10,E
11649,41282,41300,18,W
11657,41297,41302,5,E
11652,41288,41302,14,W
11660,41304,41304,0,E
11656,41294,41304,10,W
11658,41300,41306,6,W
11662,41306,41308,2,W
11663,41311,41312,1,E
11664,41312,41312,0,W
11666,41318,41318,0,E
11667,41318,41318,0,W
11670,41324,41324,0,W
11671,41325,41326,1,E
11672,41330,41330,0,W
11673,41332,41332,0,E
11676,41336,41336,0,W
11677,41339,41400,61,E
11678,41342,41400,58,W
11680,41346,41402,56,E
11681,41348,41402,54,W
11683,41353,41404,51,E
11685,41354,41404,50,W
11686,41360,41406,46,E
11687,41360,41406,46,W
11691,41367,41408,41,E
11690,41366,41408,42,W
11694,41374,41410,36,E
11692,41372,41410,38,W
11697,41381,41412,31,E
11695,41378,41412,34,W
11700,41388,41414,26,E
11699,41384,41414,30,W
11704,41395,41416,21,E
11701,41390,41416,26,W
11706,41402,41418,16,E
11705,41396,41418,22,W
11710,41409,41420,11,E
11707,41402,41420,18,W
11714,41416,41422,6,E
11709,41408,41422,14,W
11716,41423,41424,1,E
11713,41414,41424,10,W
11715,41420,41426,6,W
11719,41426,41428,2,W
11720,41430,41430,0,E
11721,41432,41432,0,W
11723,41437,41438,1,E
11724,41438,41438,0,W
11727,41444,41444,0,E
11728,41444,41444,0,W
11729,41450,41450,0,W
11730,41451,41452,1,E
11733,41456,41456,0,W
11734,41458,41458,0,E
11737,41465,41520,55,E
11735,41462,41520,58,W
11740,41472,41522,50,E
11738,41468,41522,54,W
11743,41479,41524,45,E
11742,41474,41524,50,W
11747,41486,41526,40,E
11744,41480,41526,46,W
11750,41493,41528,35,E
11748,41486,41528,42,W
11754,41500,41530,30,E
11749,41492,41530,38,W
11757,41507,41532,25,E
11752,41498,41532,34,W
11760,41514,41534,20,E
11756,41504,41534,30,W
11763,41521,41536,15,E
11758,41510,41536,26,W
11766,41528,41538,10,E
11762,41516,41538,22,W
11771,41535,41540,5,E
11764,41522,41540,18,W
11773,41542,41542,0,E
11767,41528,41542,14,W
11770,41534,41544,10,W
11772,41540,41546,6,W
11776,41546,41548,2,W
11777,41549,41550,1,E
11778,41552,41552,0,W
11780,41556,41556,0,E
11781,41558,41558,0,W
11783,41563,41564,1,E
11785,41564,41564,0,W
11786,41570,41570,0,E
11787,41570,41570,0,W
11790,41576,41576,0,W
11791,41577,41578,1,E
11794,41584,41640,56,E
11792,41582,41640,58,W
11797,41591,41642,51,E
11795,41588,41642,54,W
11800,41598,41644,46,E
11799,41594,41644,50,W
11804,41605,41646,41,E
11801,41600,41646,46,W
11806,41612,41648,36,E
11805,41606,41648,42,W
11810,41619,41650,31,E
11807,41612,41650,38,W
11814,41626,41652,26,E
11809,41618,41652,34,W
11816,41633,41654,21,E
11813,41624,41654,30,W
11820,41640,41656,16,E
11815,41630,41656,26,W
11823,41647,41658,11,E
11819,41636,41658,22,W
11827,41654,41660,6,E
11821,41642,41660,18,W
11830,41661,41662,1,E
11824,41648,41662,14,W
11828,41654,41664,10,W
11829,41660,41666,6,W
11834,41668,41668,0,E
11833,41666,41668,2,W
11835,41672,41672,0,W
11837,41675,41676,1,E
11838,41678,41678,0,W
11840,41682,41682,0,E
11842,41684,41684,0,W
11843,41689,41690,1,E
11844,41690,41690,0,W
11847,41696,41696,0,E
11848,41696,41696,0,W
11850,41703,41760,57,E
11849,41702,41760,58,W
11854,41710,41762,52,E
11852,41708,41762,54,W
11857,41717,41764,47,E
11856,41714,41764,50,W
11860,41724,41766,42,E
11858,41720,41766,46,W
11863,41731,41768,37,E
11862,41726,41768,42,W
11866,41738,41770,32,E
11864,41732,41770,38,W
11871,41745,41772,27,E
11867,41738,41772,34,W
11873,41752,41774,22,E
11870,41744,41774,30,W
11877,41759,41776,17,E
11872,41750,41776,26,W
11880,41766,41778,12,E
11876,41756,41778,22,W
11883,41773,41780,7,E
11878,41762,41780,18,W
11886,41780,41782,2,E
11881,41768,41782,14,W
11885,41774,41784,10,W
11887,41780,41786,6,W
11891,41787,41788,1,E
11890,41786,41788,2,W
11892,41792,41792,0,W
11894,41794,41794,0,E
11895,41798,41798,0,W
11897,41801,41802,1,E
11899,41804,41804,0,W
11900,41808,41808,0,E
11901,41810,41810,0,W
11904,41815,41816,1,E
11905,41816,41816,0,W
11906,41822,41880,58,E
11907,41822,41880,58,W
11910,41829,41882,53,E
11909,41828,41882,54,W
11914,41836,41884,48,E
11913,41834,41884,50,W
11916,41843,41886,43,E
11915,41840,41886,46,W
11920,41850,41888,38,E
11919,41846,41888,42,W
11923,41857,41890,33,E
11921,41852,41890,38,W
11927,41864,41892,28,E
11924,41858,41892,34,W
11930,41871,41894,23,E
11928,41864,41894,30,W
11934,41878,41896,18,E
11929,41870,41896,26,W
11937,41885,41898,13,E
11933,41876,41898,22,W
11940,41892,41900,8,E
11935,41882,41900,18,W
11943,41899,41902,3,E
11938,41888,41902,14,W
11942,41894,41904,10,W
11947,41906,41906,0,E
11944,41900,41906,6,W
11948,41906,41908,2,W
11949,41912,41912,0,W
11950,41913,41914,1,E
11952,41918,41918,0,W
11954,41920,41920,0,E
11956,41924,41924,0,W
11957,41927,41928,1,E
11958,41930,41930,0,W
11960,41934,41934,0,E
11962,41936,41936,0,W
11963,41941,42000,59,E
11964,41942,42000,58,W
11966,41948,42002,54,E
11967,41948,42002,54,W
11971,41955,42004,49,E
11970,41954,42004,50,W
11973,41962,42006,44,E
11972,41960,42006,46,W
11977,41969,42008,39,E
11976,41966,42008,42,W
11980,41976,42010,34,E
11978,41972,42010,38,W
11983,41983,42012,29,E
11981,41978,42012,34,W
11986,41990,42014,24,E
11985,41984,42014,30,W
11991,41997,42016,19,E
11987,41990,42016,26,W
11994,42004,42018,14,E
11990,41996,42018,22,W
11997,42011,42020,9,E
11992,42002,42020,18,W
12000,42018,42022,4,E
11995,42008,42022,14,W
11999,42014,42024,10,W
12004,42025,42026,1,E
12001,42020,42026,6,W
12005,42026,42028,2,W
12006,42032,42032,0,E
12007,42032,42032,0,W
12009,42038,42038,0,W
12010,42039,42040,1,E
12013,42044,42044,0,W
12014,42046,42046,0,E
12015,42050,42050,0,W
12016,42053,42054,1,E
12019,42056,42056,0,W
12020,42060,42120,60,E
12021,42062,42120,58,W
12023,42067,42122,55,E
12024,42068,42122,54,W
12027,42074,42124,50,E
12028,42074,42124,50,W
12030,42081,42126,45,E
12029,42080,42126,46,W
12034,42088,42128,40,E
12033,42086,42128,42,W
12037,42095,42130,35,E
12035,42092,42130,38,W
12040,42102,42132,30,E
12038,42098,42132,34,W
12043,42109,42134,25,E
12042,42104,42134,30,W
12047,42116,42136,20,E
12044,42110,42136,26,W
12050,42123,42138,15,E
12048,42116,42138,22,W
12054,42130,42140,10,E
12049,42122,42140,18,W
12057,42137,42142,5,E
12052,42128,42142,14,W
12060,42144,42144,0,E
12056,42134,42144,10,W
12058,42140,42146,6,W
12062,42146,42148,2,W
12063,42151,42152,1,E
12064,42152,42152,0,W
12066,42158,42158,0,E
12067,42158,42158,0,W
12070,42164,42164,0,W
12071,42165,42166,1,E
12072,42170,42170,0,W
12073,42172,42172,0,E
12076,42176,42176,0,W
12077,42179,42240,61,E
12078,42182,42240,58,W
12080,42186,42242,56,E
12081,42188,42242,54,W
12083,42193,42244,51,E
12085,42194,42244,50,W
12086,42200,42246,46,E
12087,42200,42246,46,W
12091,42207,42248,41,E
12090,42206,42248,42,W
12094,42214,42250,36,E
12092,42212,42250,38,W
12097,42221,42252,31,E
12095,42218,42252,34,W
12100,42228,42254,26,E
12099,42224,42254,30,W
12104,42235,42256,21,E
12101,42230,42256,26,W
12106,42242,42258,16,E
12105,42236,42258,22,W
12110,42249,42260,11,E
12107,42242,42260,18,W
12114,42256,42262,6,E
12109,42248,42262,14,W
12116,42263,42264,1,E
12113,42254,42264,10,W
12115,42260,42266,6,W
12119,42266,42268,2,W
12120,42270,42270,0,E
12121,42272,42272,0,W
12123,42277,42278,1,E
12124,42278,42278,0,W
12127,42284,42284,0,E
12128,42284,42284,0,W
12129,42290,42290,0,W
12130,42291,42292,1,E
12133,42296,42296,0,W
12134,42298,42298,0,E
12137,42305,42360,55,E
12135,42302,42360,58,W
12140,42312,42362,50,E
12138,42308,42362,54,W
12143,42319,42364,45,E
12142,42314,42364,50,W
12147,42326,42366,40,E
12144,42320,42366,46,W
12150,42333,42368,35,E
12148,42326,42368,42,W
12154,42340,42370,30,E
12149,42332,42370,38,W
12157,42347,42372,25,E
12152,42338,42372,34,W
12160,42354,42374,20,E
12156,42344,42374,30,W
12163,42361,42376,15,E
12158,42350,42376,26,W
12166,42368,42378,10,E
12162,42356,42378,22,W
12171,42375,42380,5,E
12164,42362,42380,18,W
12173,42382,42382,0,E
12167,42368,42382,14,W
12170,42374,42384,10,W
12172,42380,42386,6,W
12176,42386,42388,2,W
12177,42389,42390,1,E
12178,42392,42392,0,W
12180,42396,42396,0,E
12181,42398,42398,0,W
12183,42403,42404,1,E
12185,42404,42404,0,W
12186,42410,42410,0,E
12187,42410,42410,0,W
12190,42416,42416,0,W
12191,42417,42418,1,E
12194,42424,42480,56,E
12192,42422,42480,58,W
12197,42431,42482,51,E
12195,42428,42482,54,W
12200,42438,42484,46,E
12199,42434,42484,50,W
12204,42445,42486,41,E
12201,42440,42486,46,W
12206,42452,42488,36,E
12205,42446,42488,42,W
12210,42459,42490,31,E
12207,42452,42490,38,W
12214,42466,42492,26,E
12209,42458,42492,34,W
12216,42473,42494,21,E
12213,42464,42494,30,W
12220,42480,42496,16,E
12215,42470,42496,26,W
12223,42487,42498,11,E
12219,42476,42498,22,W
12227,42494,42500,6,E
12221,42482,42500,18,W
12230,42501,42502,1,E
12224,42488,42502,14,W
12228,42494,42504,10,W
12229,42500,42506,6,W
12234,42508,42508,0,E
12233,42506,42508,2,W
12235,42512,42512,0,W
12237,42515,42516,1,E
12238,42518,42518,0,W
12240,42522,42522,0,E
12242,42524,42524,0,W
12243,42529,42530,1,E
12244,42530,42530,0,W
12247,42536,42536,0,E
12248,42536,42536,0,W
12250,42543,42600,57,E
12249,42542,42600,58,W
12254,42550,42602,52,E
12252,42548,42602,54,W
12257,42557,42604,47,E
12256,42554,42604,50,W
12260,42564,42606,42,E
12258,42560,42606,46,W
12263,42571,42608,37,E
12262,42566,42608,42,W
12266,42578,42610,32,E
12264,42572,42610,38,W
12271,42585,42612,27,E
12267,42578,42612,34,W
12273,42592,42614,22,E
12270,42584,42614,30,W
12277,42599,42616,17,E
12272,42590,42616,26,W
12280,42606,42618,12,E
12276,42596,42618,22,W
12283,42613,42620,7,E
12278,42602,42620,18,W
12286,42620,42622,2,E
12281,42608,42622,14,W
12285,42614,42624,10,W
12287,42620,42626,6,W
12291,42627,42628,1,E
12290,42626,42628,2,W
12292,42632,42632,0,W
12294,42634,42634,0,E
12295,42638,42638,0,W
12297,42641,42642,1,E
12299,42644,42644,0,W
12300,42648,42648,0,E
12301,42650,42650,0,W
12304,42655,42656,1,E
12305,42656,42656,0,W
12306,42662,42720,58,E
12307,42662,42720,58,W
12310,42669,42722,53,E
12309,42668,42722,54,W
12314,42676,42724,48,E
12313,42674,42724,50,W
12316,42683,42726,43,E
12315,42680,42726,46,W
12320,42690,42728,38,E
12319,42686,42728,42,W
12323,42697,42730,33,E
12321,42692,42730,38,W
12327,42704,42732,28,E
12324,42698,42732,34,W
12330,42711,42734,23,E
12328,42704,42734,30,W
12334,42718,42736,18,E
12329,42710,42736,26,W
12337,42725,42738,13,E
12333,42716,42738,22,W
12340,42732,42740,8,E
12335,42722,42740,18,W
12343,42739,42742,3,E
12338,42728,42742,14,W
12342,42734,42744,10,W
12347,42746,42746,0,E
12344,42740,42746,6,W
12348,42746,42748,2,W
12349,42752,42752,0,W
12350,42753,42754,1,E
12352,42758,42758,0,W
12354,42760,42760,0,E
12356,42764,42764,0,W
12357,42767,42768,1,E
12358,42770,42770,0,W
12360,42774,42774,0,E
12362,42776,42776,0,W
12363,42781,42840,59,E
12364,42782,42840,58,W
12366,42788,42842,54,E
12367,42788,42842,54,W
12371,42795,42844,49,E
12370,42794,42844,50,W
12373,42802,42846,44,E
12372,42800,42846,46,W
12377,42809,42848,39,E
12376,42806,42848,42,W
12380,42816,42850,34,E
12378,42812,42850,38,W
12383,42823,42852,29,E
12381,42818,42852,34,W
12386,42830,42854,24,E
12385,42824,42854,30,W
12391,42837,42856,19,E
12387,42830,42856,26,W
12394,42844,42858,14,E
12390,42836,42858,22,W
12397,42851,42860,9,E
12392,42842,42860,18,W
12400,42858,42862,4,E
12395,42848,42862,14,W
12399,42854,42864,10,W
12404,42865,42866,1,E
12401,42860,42866,6,W
12405,42866,42868,2,W
12406,42872,42872,0,E
12407,42872,42872,0,W
12409,42878,42878,0,W
12410,42879,42880,1,E
12413,42884,42884,0,W
12414,42886,42886,0,E
12415,42890,42890,0,W
12416,42893,42894,1,E
12419,42896,42896,0,W
12420,42900,42960,60,E
12421,42902,42960,58,W
12423,42907,42962,55,E
12424,42908,42962,54,W
12427,42914,42964,50,E
12428,42914,42964,50,W
12430,42921,42966,45,E
12429,42920,42966,46,W
12434,42928,42968,40,E
12433,42926,42968,42,W
12437,42935,42970,35,E
12435,42932,42970,38,W
12440,42942,42972,30,E
12438,42938,42972,34,W
12443,42949,42974,25,E
12442,42944,42974,30,W
12447,42956,42976,20,E
12444,42950,42976,26,W
12450,42963,42978,15,E
12448,42956,42978,22,W
12454,42970,42980,10,E
12449,42962,42980,18,W
12457,42977,42982,5,E
12452,42968,42982,14,W
12460,42984,42984,0,E
12456,42974,42984,10,W
12458,42980,42986,6,W
12462,42986,42988,2,W
12463,42991,42992,1,E
12464,42992,42992,0,W
12466,42998,42998,0,E
12467,42998,42998,0,W
12470,43004,43004,0,W
12471,43005,43006,1,E
12472,43010,43010,0,W
12473,43012,43012,0,E
12476,43016,43016,0,W
12477,43019,43080,61,E
12478,43022,43080,58,W
12480,43026,43082,56,E
12481,43028,43082,54,W
12483,43033,43084,51,E
12485,43034,43084,50,W
12486,43040,43086,46,E
12487,43040,43086,46,W
12491,43047,43088,41,E
12490,43046,43088,42,W
12494,43054,43090,36,E
12492,43052,43090,38,W
12497,43061,43092,31,E
12495,43058,43092,34,W
12500,43068,43094,26,E
12499,43064,43094,30,W
12504,43075,43096,21,E
12501,43070,43096,26,W
12506,43082,43098,16,E
12505,43076,43098,22,W
12510,43089,43100,11,E
12507,43082,43100,18,W
12514,43096,43102,6,E
12509,43088,43102,14,W
12516,43103,43104,1,E
12513,43094,43104,10,W
12515,43100,43106,6,W
12519,43106,43108,2,W
12520,43110,43110,0,E
12521,43112,43112,0,W
12523,43117,43118,1,E
12524,43118,43118,0,W
12527,43124,43124,0,E
12528,43124,43124,0,W
12529,43130,43130,0,W
12530,43131,43132,1,E
12533,43136,43136,0,W
12534,43138,43138,0,E
12537,43145,43200,55,E
12535,43142,43200,58,W
12540,43152,43202,50,E
12538,43148,43202,54,W
12543,43159,43204,45,E
12542,43154,43204,50,W
12547,43166,43206,40,E
12544,43160,43206,46,W
12550,43173,43208,35,E
12548,43166,43208,42,W
12554,43180,43210,30,E
12549,43172,43210,38,W
12557,43187,43212,25,E
12552,43178,43212,34,W
12560,43194,43214,20,E
12556,43184,43214,30,W
12563,43201,43216,15,E
12558,43190,43216,26,W
12566,43208,43218,10,E
12562,43196,43218,22,W
12571,43215,43220,5,E
12564,43202,43220,18,W
12573,43222,43222,0,E
12567,43208,43222,14,W
12570,43214,43224,10,W
12572,43220,43226,6,W
12576,43226,43228,2,W
12577,43229,43230,1,E
12578,43232,43232,0,W
12580,43236,43236,0,E
12581,43238,43238,0,W
12583,43243,43244,1,E
12585,43244,43244,0,W
12586,43250,43250,0,E
12587,43250,43250,0,W
12590,43256,43256,0,W
12591,43257,43258,1,E
12594,43264,43320,56,E
12592,43262,43320,58,W
12597,43271,43322,51,E
12595,43268,43322,54,W
12600,43278,43324,46,E
12599,43274,43324,50,W
12604,43285,43326,41,E
12601,43280,43326,46,W
12606,43292,43328,36,E
12605,43286,43328,42,W
12610,43299,43330,31,E
12607,43292,43330,38,W
12614,43306,43332,26,E
12609,43298,43332,34,W
12616,43313,43334,21,E
12613,43304,43334,30,W
12620,43320,43336,16,E
12615,43310,43336,26,W
12623,43327,43338,11,E
12619,43316,43338,22,W
12627,43334,43340,6,E
12621,43322,43340,18,W
12630,43341,43342,1,E
12624,43328,43342,14,W
12628,43334,43344,10,W
12629,43340,43346,6,W
12634,43348,43348,0,E
12633,43346,43348,2,W
12635,43352,43352,0,W
12637,43355,43356,1,E
12638,43358,43358,0,W
12640,43362,43362,0,E
12642,43364,43364,0,W
12643,43369,43370,1,E
12644,43370,43370,0,W
12647,43376,43376,0,E
12648,43376,43376,0,W
12650,43383,43440,57,E
12649,43382,43440,58,W
12654,43390,43442,52,E
12652,43388,43442,54,W
12657,43397,43444,47,E
12656,43394,43444,50,W
12660,43404,43446,42,E
12658,43400,43446,46,W
12663,43411,43448,37,E
12662,43406,43448,42,W
12666,43418,43450,32,E
12664,43412,43450,38,W
12671,43425,43452,27,E
12667,43418,43452,34,W
12673,43432,43454,22,E
12670,43424,43454,30,W
12677,43439,43456,17,E
12672,43430,43456,26,W
12680,43446,43458,12,E
12676,43436,43458,22,W
12683,43453,43460,7,E
12678,43442,43460,18,W
12686,43460,43462,2,E
12681,43448,43462,14,W
12685,43454,43464,10,W
12687,43460,43466,6,W
12691,43467,43468,1,E
12690,43466,43468,2,W
12692,43472,43472,0,W
12694,43474,43474,0,E
12695,43478,43478,0,W
12697,43481,43482,1,E
12699,43484,43484,0,W
12700,43488,43488,0,E
12701,43490,43490,0,W
12704,43495,43496,1,E
12705,43496,43496,0,W
12706,43502,43560,58,E
12707,43502,43560,58,W
12710,43509,43562,53,E
12709,43508,43562,54,W
12714,43516,43564,48,E
12713,43514,43564,50,W
12716,43523,43566,43,E
12715,43520,43566,46,W
12720,43530,43568,38,E
12719,43526,43568,42,W
12723,43537,43570,33,E
12721,43532,43570,38,W
12727,43544,43572,28,E
12724,43538,43572,34,W
12730,43551,43574,23,E
12728,43544,43574,30,W
12734,43558,43576,18,E
12729,43550,43576,26,W
12737,43565,43578,13,E
12733,43556,43578,22,W
12740,43572,43580,8,E
12735,43562,43580,18,W
12743,43579,43582,3,E
12738,43568,43582,14,W
12742,43574,43584,10,W
12747,43586,43586,0,E
12744,43580,43586,6,W
12748,43586,43588,2,W
12749,43592,43592,0,W
12750,43593,43594,1,E
12752,43598,43598,0,W
12754,43600,43600,0,E
12756,43604,43604,0,W
12757,43607,43608,1,E
12758,43610,43610,0,W
12760,43614,43614,0,E
12762,43616,43616,0,W
12763,43621,43680,59,E
12764,43622,43680,58,W
12766,43628,43682,54,E
12767,43628,43682,54,W
12771,43635,43684,49,E
12770,43634,43684,50,W
12773,43642,43686,44,E
12772,43640,43686,46,W
12777,43649,43688,39,E
12776,43646,43688,42,W
12780,43656,43690,34,E
12778,43652,43690,38,W
12783,43663,43692,29,E
12781,43658,43692,34,W
12786,43670,43694,24,E
12785,43664,43694,30,W
12791,43677,43696,19,E
12787,43670,43696,26,W
12794,43684,43698,14,E
12790,43676,43698,22,W
12797,43691,43700,9,E
12792,43682,43700,18,W
12800,43698,43702,4,E
12795,43688,43702,14,W
12799,43694,43704,10,W
12804,43705,43706,1,E
12801,43700,43706,6,W
12805,43706,43708,2,W
12806,43712,43712,0,E
12807,43712,43712,0,W
12809,43718,43718,0,W
12810,43719,43720,1,E
12813,43724,43724,0,W
12814,43726,43726,0,E
12815,43730,43730,0,W
12816,43733,43734,1,E
12819,43736,43736,0,W
12820,43740,43800,60,E
12821,43742,43800,58,W
12823,43747,43802,55,E
12824,43748,43802,54,W
12827,43754,43804,50,E
12828,43754,43804,50,W
12830,43761,43806,45,E
12829,43760,43806,46,W
12834,43768,43808,40,E
12833,43766,43808,42,W
12837,43775,43810,35,E
12835,43772,43810,38,W
12840,43782,43812,30,E
12838,43778,43812,34,W
12843,43789,43814,25,E
12842,43784,43814,30,W
12847,43796,43816,20,E
12844,43790,43816,26,W
12850,43803,43818,15,E
12848,43796,43818,22,W
12854,43810,43820,10,E
12849,43802,43820,18,W
12857,43817,43822,5,E
12852,43808,43822,14,W
12860,43824,43824,0,E
12856,43814,43824,10,W
12858,43820,43826,6,W
12862,43826,43828,2,W
12863,43831,43832,1,E
12864,43832,43832,0,W
12866,43838,43838,0,E
12867,43838,43838,0,W
12870,43844,43844,0,W
12871,43845,43846,1,E
12872,43850,43850,0,W
12873,43852,43852,0,E
12876,43856,43856,0,W
12877,43859,43920,61,E
12878,43862,43920,58,W
12880,43866,43922,56,E
12881,43868,43922,54,W
12883,43873,43924,51,E
12885,43874,43924,50,W
12886,43880,43926,46,E
12887,43880,43926,46,W
12891,43887,43928,41,E
12890,43886,43928,42,W
12894,43894,43930,36,E
12892,43892,43930,38,W
12897,43901,43932,31,E
12895,43898,43932,34,W
12900,43908,43934,26,E
12899,43904,43934,30,W
12904,43915,43936,21,E
12901,43910,43936,26,W
12906,43922,43938,16,E
12905,43916,43938,22,W
12910,43929,43940,11,E
12907,43922,43940,18,W
12914,43936,43942,6,E
12909,43928,43942,14,W
12916,43943,43944,1,E
12913,43934,43944,10,W
12915,43940,43946,6,W
12919,43946,43948,2,W
12920,43950,43950,0,E
12921,43952,43952,0,W
12923,43957,43958,1,E
12924,43958,43958,0,W
12927,43964,43964,0,E
12928,43964,43964,0,W
12929,43970,43970,0,W
12930,43971,43972,1,E
12933,43976,43976,0,W
12934,43978,43978,0,E
12937,43985,44040,55,E
12935,43982,44040,58,W
12940,43992,44042,50,E
12938,43988,44042,54,W
12943,43999,44044,45,E
12942,43994,44044,50,W
12947,44006,44046,40,E
12944,44000,44046,46,W
12950,44013,44048,35,E
12948,44006,44048,42,W
12954,44020,44050,30,E
12949,44012,44050,38,W
12957,44027,44052,25,E
12952,44018,44052,34,W
12960,44034,44054,20,E
12956,44024,44054,30,W
12963,44041,44056,15,E
12958,44030,44056,26,W
12966,44048,44058,10,E
12962,44036,44058,22,W
12971,44055,44060,5,E
12964,44042,44060,18,W
12973,44062,44062,0,E
12967,44048,44062,14,W
12970,44054,44064,10,W
12972,44060,44066,6,W
12976,44066,44068,2,W
12977,44069,44070,1,E
12978,44072,44072,0,W
12980,44076,44076,0,E
12981,44078,44078,0,W
12983,44083,44084,1,E
12985,44084,44084,0,W
12986,44090,44090,0,E
12987,44090,44090,0,W
12990,44096,44096,0,W
12991,44097,44098,1,E
12994,44104,44160,56,E
12992,44102,44160,58,W
12997,44111,44162,51,E
12995,44108,44162,54,W
13000,44118,44164,46,E
12999,44114,44164,50,W
13004,44125,44166,41,E
13001,44120,44166,46,W
13006,44132,44168,36,E
13005,44126,44168,42,W
13010,44139,44170,31,E
13007,44132,44170,38,W
13014,44146,44172,26,E
13009,44138,44172,34,W
13016,44153,44174,21,E
13013,44144,44174,30,W
13020,44160,44176,16,E
13015,44150,44176,26,W
13023,44167,44178,11,E
13019,44156,44178,22,W
13027,44174,44180,6,E
13021,44162,44180,18,W
13030,44181,44182,1,E
13024,44168,44182,14,W
13028,44174,44184,10,W
13029,44180,44186,6,W
13034,44188,44188,0,E
13033,44186,44188,2,W
13035,44192,44192,0,W
13037,44195,44196,1,E
13038,44198,44198,0,W
13040,44202,44202,0,E
13042,44204,44204,0,W
13043,44209,44210,1,E
13044,44210,44210,0,W
13047,44216,44216,0,E
13048,44216,44216,0,W
13050,44223,44280,57,E
13049,44222,44280,58,W
13054,44230,44282,52,E
13052,44228,44282,54,W
13057,44237,44284,47,E
13056,44234,44284,50,W
13060,44244,44286,42,E
13058,44240,44286,46,W
13063,44251,44288,37,E
13062,44246,44288,42,W
13066,44258,44290,32,E
13064,44252,44290,38,W
13071,44265,44292,27,E
13067,44258,44292,34,W
13073,44272,44294,22,E
13070,44264,44294,30,W
13077,44279,44296,17,E
13072,44270,44296,26,W
13080,44286,44298,12,E
13076,44276,44298,22,W
13083,44293,44300,7,E
13078,44282,44300,18,W
13086,44300,44302,2,E
13081,44288,44302,14,W
13085,44294,44304,10,W
13087,44300,44306,6,W
13091,44307,44308,1,E
13090,44306,44308,2,W
13092,44312,44312,0,W
13094,44314,44314,0,E
13095,44318,44318,0,W
13097,44321,44322,1,E
13099,44324,44324,0,W
13100,44328,44328,0,E
13101,44330,44330,0,W
13104,44335,44336,1,E
13105,44336,44336,0,W
13106,44342,44400,58,E
13107,44342,44400,58,W
13110,44349,44402,53,E
13109,44348,44402,54,W
13114,44356,44404,48,E
13113,44354,44404,50,W
13116,44363,44406,43,E
13115,44360,44406,46,W
13120,44370,44408,38,E
13119,44366,44408,42,W
13123,44377,44410,33,E
13121,44372,44410,38,W
13127,44384,44412,28,E
13124,44378,44412,34,W
13130,44391,44414,23,E
13128,44384,44414,30,W
13134,44398,44416,18,E
13129,44390,44416,26,W
13137,44405,44418,13,E
13133,44396,44418,22,W
13140,44412,44420,8,E
13135,44402,44420,18,W
13143,44419,44422,3,E
13138,44408,44422,14,W
13142,44414,44424,10,W
13147,44426,44426,0,E
13144,44420,44426,6,W
13148,44426,44428,2,W
13149,44432,44432,0,W
13150,44433,44434,1,E
13152,44438,44438,0,W
13154,44440,44440,0,E
13156,44444,44444,0,W
13157,44447,44448,1,E
13158,44450,44450,0,W
13160,44454,44454,0,E
13162,44456,44456,0,W
13163,44461,44520,59,E
13164,44462,44520,58,W
13166,44468,44522,54,E
13167,44468,44522,54,W
13171,44475,44524,49,E
13170,44474,44524,50,W
13173,44482,44526,44,E
13172,44480,44526,46,W
13177,44489,44528,39,E
13176,44486,44528,42,W
13180,44496,44530,34,E
13178,44492,44530,38,W
13183,44503,44532,29,E
13181,44498,44532,34,W
13186,44510,44534,24,E
13185,44504,44534,30,W
13191,44517,44536,19,E
13187,44510,44536,26,W
13194,44524,44538,14,E
13190,44516,44538,22,W
13197,44531,44540,9,E
13192,44522,44540,18,W
13200,44538,44542,4,E
13195,44528,44542,14,W
13199,44534,44544,10,W
13204,44545,44546,1,E
13201,44540,44546,6,W
13205,44546,44548,2,W
13206,44552,44552,0,E
13207,44552,44552,0,W
13209,44558,44558,0,W
13210,44559,44560,1,E
13213,44564,44564,0,W
13214,44566,44566,0,E
13215,44570,44570,0,W
13216,44573,44574,1,E
13219,44576,44576,0,W
13220,44580,44640,60,E
13221,44582,44640,58,W
13223,44587,44642,55,E
13224,44588,44642,54,W
13227,44594,44644,50,E
13228,44594,44644,50,W
13230,44601,44646,45,E
13229,44600,44646,46,W
13234,44608,44648,40,E
13233,44606,44648,42,W
13237,44615,44650,35,E
13235,44612,44650,38,W
13240,44622,44652,30,E
13238,44618,44652,34,W
13243,44629,44654,25,E
13242,44624,44654,30,W
13247,44636,44656,20,E
13244,44630,44656,26,W
13250,44643,44658,15,E
13248,44636,44658,22,W
13254,44650,44660,10,E
13249,44642,44660,18,W
13257,44657,44662,5,E
13252,44648,44662,14,W
13260,44664,44664,0,E
13256,44654,44664,10,W
13258,44660,44666,6,W
13262,44666,44668,2,W
13263,44671,44672,1,E
13264,44672,44672,0,W
13266,44678,44678,0,E
13267,44678,44678,0,W
13270,44684,44684,0,W
13271,44685,44686,1,E
13272,44690,44690,0,W
13273,44692,44692,0,E
13276,44696,44696,0,W
13277,44699,44760,61,E
13278,44702,44760,58,W
13280,44706,44762,56,E
13281,44708,44762,54,W
13283,44713,44764,51,E
13285,44714,44764,50,W
13286,44720,44766,46,E
13287,44720,44766,46,W
13291,44727,44768,41,E
13290,44726,44768,42,W
13294,44734,44770,36,E
13292,44732,44770,38,W
13297,44741,44772,31,E
13295,44738,44772,34,W
13300,44748,44774,26,E
13299,44744,44774,30,W
13304,44755,44776,21,E
13301,44750,44776,26,W
13306,44762,44778,16,E
13305,44756,44778,22,W
13310,44769,44780,11,E
13307,44762,44780,18,W
13314,44776,44782,6,E
13309,44768,44782,14,W
13316,44783,44784,1,E
13313,44774,44784,10,W
13315,44780,44786,6,W
13319,44786,44788,2,W
13320,44790,44790,0,E
13321,44792,44792,0,W
13323,44797,44798,1,E
13324,44798,44798,0,W
13327,44804,44804,0,E
13328,44804,44804,0,W
13329,44810,44810,0,W
13330,44811,44812,1,E
13333,44816,44816,0,W
13334,44818,44818,0,E
13337,44825,44880,55,E
13335,44822,44880,58,W
13340,44832,44882,50,E
13338,44828,44882,54,W
13343,44839,44884,45,E
13342,44834,44884,50,W
13347,44846,44886,40,E
13344,44840,44886,46,W
13350,44853,44888,35,E
13348,44846,44888,42,W
13354,44860,44890,30,E
13349,44852,44890,38,W
13357,44867,44892,25,E
13352,44858,44892,34,W
13360,44874,44894,20,E
13356,44864,44894,30,W
13363,44881,44896,15,E
13358,44870,44896,26,W
13366,44888,44898,10,E
13362,44876,44898,22,W
13371,44895,44900,5,E
13364,44882,44900,18,W
13373,44902,44902,0,E
13367,44888,44902,14,W
13370,44894,44904,10,W
13372,44900,44906,6,W
13376,44906,44908,2,W
13377,44909,44910,1,E
13378,44912,44912,0,W
13380,44916,44916,0,E
13381,44918,44918,0,W
13383,44923,44924,1,E
13385,44924,44924,0,W
13386,44930,44930,0,E
13387,44930,44930,0,W
13390,44936,44936,0,W
13391,44937,44938,1,E
13394,44944,45000,56,E
13392,44942,45000,58,W
13397,44951,45002,51,E
13395,44948,45002,54,W
13400,44958,45004,46,E
13399,44954,45004,50,W
13404,44965,45006,41,E
13401,44960,45006,46,W
13406,44972,45008,36,E
13405,44966,45008,42,W
13410,44979,45010,31,E
13407,44972,45010,38,W
13414,44986,45012,26,E
13409,44978,45012,34,W
13416,44993,45014,21,E
13413,44984,45014,30,W
13420,45000,45016,16,E
13415,44990,45016,26,W
13423,45007,45018,11,E
13419,44996,45018,22,W
13427,45014,45020,6,E
13421,45002,45020,18,W
13430,45021,45022,1,E
13424,45008,45022,14,W
13428,45014,45024,10,W
13429,45020,45026,6,W
13434,45028,45028,0,E
13433,45026,45028,2,W
13435,45032,45032,0,W
13437,45035,45036,1,E
13438,45038,45038,0,W
13440,45042,45042,0,E
13442,45044,45044,0,W
13443,45049,45050,1,E
13444,45050,45050,0,W
13447,45056,45056,0,E
13448,45056,45056,0,W
13450,45063,45120,57,E
13449,45062,45120,58,W
13454,45070,45122,52,E
13452,45068,45122,54,W
13457,45077,45124,47,E
13456,45074,45124,50,W
13460,45084,45126,42,E
13458,45080,45126,46,W
13463,45091,45128,37,E
13462,45086,45128,42,W
13466,45098,45130,32,E
13464,45092,45130,38,W
13471,45105,45132,27,E
13467,45098,45132,34,W
13473,45112,45134,22,E
13470,45104,45134,30,W
13477,45119,45136,17,E
13472,45110,45136,26,W
13480,45126,45138,12,E
13476,45116,45138,22,W
13483,45133,45140,7,E
13478,45122,45140,18,W
13486,45140,45142,2,E
13481,45128,45142,14,W
13485,45134,45144,10,W
13487,45140,45146,6,W
13491,45147,45148,1,E
13490,45146,45148,2,W
13492,45152,45152,0,W
13494,45154,45154,0,E
13495,45158,45158,0,W
13497,45161,45162,1,E
13499,45164,45164,0,W
13500,45168,45168,0,E
13501,45170,45170,0,W
13504,45175,45176,1,E
13505,45176,45176,0,W
13506,45182,45240,58,E
13507,45182,45240,58,W
13510,45189,45242,53,E
13509,45188,45242,54,W
13514,45196,45244,48,E
13513,45194,45244,50,W
13516,45203,45246,43,E
13515,45200,45246,46,W
13520,45210,45248,38,E
13519,45206,45248,42,W
13523,45217,45250,33,E
13521,45212,45250,38,W
13527,45224,45252,28,E
13524,45218,45252,34,W
13530,45231,45254,23,E
13528,45224,45254,30,W
13534,45238,45256,18,E
13529,45230,45256,26,W
13537,45245,45258,13,E
13533,45236,45258,22,W
13540,45252,45260,8,E
13535,45242,45260,18,W
13543,45259,45262,3,E
13538,45248,45262,14,W
13542,45254,45264,10,W
13547,45266,45266,0,E
13544,45260,45266,6,W
13548,45266,45268,2,W
13549,45272,45272,0,W
13550,45273,45274,1,E
13552,45278,45278,0,W
13554,45280,45280,0,E
13556,45284,45284,0,W
13557,45287,45288,1,E
13558,45290,45290,0,W
13560,45294,45294,0,E
13562,45296,45296,0,W
13563,45301,45360,59,E
13564,45302,45360,58,W
13566,45308,45362,54,E
13567,45308,45362,54,W
13571,45315,45364,49,E
13570,45314,45364,50,W
13573,45322,45366,44,E
13572,45320,45366,46,W
13577,45329,45368,39,E
13576,45326,45368,42,W
13580,45336,45370,34,E
13578,45332,45370,38,W
13583,45343,45372,29,E
13581,45338,45372,34,W
13586,45350,45374,24,E
13585,45344,45374,30,W
13591,45357,45376,19,E
13587,45350,45376,26,W
13594,45364,45378,14,E
13590,45356,45378,22,W
13597,45371,45380,9,E
13592,45362,45380,18,W
13600,45378,45382,4,E
13595,45368,45382,14,W
13599,45374,45384,10,W
13604,45385,45386,1,E
13601,45380,45386,6,W
13605,45386,45388,2,W
13606,45392,45392,0,E
13607,45392,45392,0,W
13609,45398,45398,0,W
13610,45399,45400,1,E
13613,45404,45404,0,W
13614,45406,45406,0,E
13615,45410,45410,0,W
13616,45413,45414,1,E
13619,45416,45416,0,W
13620,45420,45480,60,E
13621,45422,45480,58,W
13623,45427,45482,55,E
13624,45428,45482,54,W
13627,45434,45484,50,E
13628,45434,45484,50,W
13630,45441,45486,45,E
13629,45440,45486,46,W
13634,45448,45488,40,E
13633,45446,45488,42,W
13637,45455,45490,35,E
13635,45452,45490,38,W
13640,45462,45492,30,E
13638,45458,45492,34,W
13643,45469,45494,25,E
13642,45464,45494,30,W
13647,45476,45496,20,E
13644,45470,45496,26,W
13650,45483,45498,15,E
13648,45476,45498,22,W
13654,45490,45500,10,E
13649,45482,45500,18,W
13657,45497,45502,5,E
13652,45488,45502,14,W
13660,45504,45504,0,E
13656,45494,45504,10,W
13658,45500,45506,6,W
13662,45506,45508,2,W
13663,45511,45512,1,E
13664,45512,45512,0,W
13666,45518,45518,0,E
13667,45518,45518,0,W
13670,45524,45524,0,W
13671,45525,45526,1,E
13672,45530,45530,0,W
13673,45532,45532,0,E
13676,45536,45536,0,W
13677,45539,45600,61,E
13678,45542,45600,58,W
13680,45546,45602,56,E
13681,45548,45602,54,W
13683,45553,45604,51,E
13685,45554,45604,50,W
13686,45560,45606,46,E
13687,45560,45606,46,W
13691,45567,45608,41,E
13690,45566,45608,42,W
13694,45574,45610,36,E
13692,45572,45610,38,W
13697,45581,45612,31,E
13695,45578,45612,34,W
13700,45588,45614,26,E
13699,45584,45614,30,W
13704,45595,45616,21,E
13701,45590,45616,26,W
13706,45602,45618,16,E
13705,45596,45618,22,W
13710,45609,45620,11,E
13707,45602,45620,18,W
13714,45616,45622,6,E
13709,45608,45622,14,W
13716,45623,45624,1,E
13713,45614,45624,10,W
13715,45620,45626,6,W
13719,45626,45628,2,W
13720,45630,45630,0,E
13721,45632,45632,0,W
13723,45637,45638,1,E
13724,45638,45638,0,W
13727,45644,45644,0,E
13728,45644,45644,0,W
13729,45650,45650,0,W
13730,45651,45652,1,E
13733,45656,45656,0,W
13734,45658,45658,0,E
13737,45665,45720,55,E
13735,45662,45720,58,W
13740,45672,45722,50,E
13738,45668,45722,54,W
13743,45679,45724,45,E
13742,45674,45724,50,W
13747,45686,45726,40,E
13744,45680,45726,46,W
13750,45693,45728,35,E
13748,45686,45728,42,W
13754,45700,45730,30,E
13749,45692,45730,38,W
13757,45707,45732,25,E
13752,45698,45732,34,W
13760,45714,45734,20,E
13756,45704,45734,30,W
13763,45721,45736,15,E
13758,45710,45736,26,W
13766,45728,45738,10,E
13762,45716,45738,22,W
13771,45735,45740,5,E
13764,45722,45740,18,W
13773,45742,45742,0,E
13767,45728,45742,14,W
13770,45734,45744,10,W
13772,45740,45746,6,W
13776,45746,45748,2,W
13777,45749,45750,1,E
13778,45752,45752,0,W
13780,45756,45756,0,E
13781,45758,45758,0,W
13783,45763,45764,1,E
13785,45764,45764,0,W
13786,45770,45770,0,E
13787,45770,45770,0,W
13790,45776,45776,0,W
13791,45777,45778,1,E
13794,45784,45840,56,E
13792,45782,45840,58,W
13797,45791,45842,51,E
13795,45788,45842,54,W
13800,45798,45844,46,E
13799,45794,45844,50,W
13804,45805,45846,41,E
13801,45800,45846,46,W
13806,45812,45848,36,E
13805,45806,45848,42,W
13810,45819,45850,31,E
13807,45812,45850,38,W
13814,45826,45852,26,E
13809,45818,45852,34,W
13816,45833,45854,21,E
13813,45824,45854,30,W
13820,45840,45856,16,E
13815,45830,45856,26,W
13823,45847,45858,11,E
13819,45836,45858,22,W
13827,45854,45860,6,E
13821,45842,45860,18,W
13830,45861,45862,1,E
13824,45848,45862,14,W
13828,45854,45864,10,W
13829,45860,45866,6,W
13834,45868,45868,0,E
13833,45866,45868,2,W
13835,45872,45872,0,W
13837,45875,45876,1,E
13838,45878,45878,0,W
13840,45882,45882,0,E
13842,45884,45884,0,W
13843,45889,45890,1,E
13844,45890,45890,0,W
13847,45896,45896,0,E
13848,45896,45896,0,W
13850,45903,45960,57,E
13849,45902,45960,58,W
13854,45910,45962,52,E
13852,45908,45962,54,W
13857,45917,45964,47,E
13856,45914,45964,50,W
13860,45924,45966,42,E
13858,45920,45966,46,W
13863,45931,45968,37,E
13862,45926,45968,42,W
13866,45938,45970,32,E
13864,45932,45970,38,W
13871,45945,45972,27,E
13867,45938,45972,34,W
13873,45952,45974,22,E
13870,45944,45974,30,W
13877,45959,45976,17,E
13872,45950,45976,26,W
13880,45966,45978,12,E
13876,45956,45978,22,W
13883,45973,45980,7,E
13878,45962,45980,18,W
13886,45980,45982,2,E
13881,45968,45982,14,W
13885,45974,45984,10,W
13887,45980,45986,6,W
13891,45987,45988,1,E
13890,45986,45988,2,W
13892,45992,45992,0,W
13894,45994,45994,0,E
13895,45998,45998,0,W
13897,46001,46002,1,E
13899,46004,46004,0,W
13900,46008,46008,0,E
13901,46010,46010,0,W
13904,46015,46016,1,E
13905,46016,46016,0,W
13906,46022,46080,58,E
13907,46022,46080,58,W
13910,46029,46082,53,E
13909,46028,46082,54,W
13914,46036,46084,48,E
13913,46034,46084,50,W
13916,46043,46086,43,E
13915,46040,46086,46,W
13920,46050,46088,38,E
13919,46046,46088,42,W
13923,46057,46090,33,E
13921,46052,46090,38,W
13927,46064,46092,28,E
13924,46058,46092,34,W
13930,46071,46094,23,E
13928,46064,46094,30,W
13934,46078,46096,18,E
13929,46070,46096,26,W
13937,46085,46098,13,E
13933,46076,46098,22,W
13940,46092,46100,8,E
13935,46082,46100,18,W
13943,46099,46102,3,E
13938,46088,46102,14,W
13942,46094,46104,10,W
13947,46106,46106,0,E
13944,46100,46106,6,W
13948,46106,46108,2,W
13949,46112,46112,0,W
13950,46113,46114,1,E
13952,46118,46118,0,W
13954,46120,46120,0,E
13956,46124,46124,0,W
13957,46127,46128,1,E
13958,46130,46130,0,W
13960,46134,46134,0,E
13962,46136,46136,0,W
13963,46141,46200,59,E
13964,46142,46200,58,W
13966,46148,46202,54,E
13967,46148,46202,54,W
13971,46155,46204,49,E
13970,46154,46204,50,W
13973,46162,46206,44,E
13972,46160,46206,46,W
13977,46169,46208,39,E
13976,46166,46208,42,W
13980,46176,46210,34,E
13978,46172,46210,38,W
13983,46183,46212,29,E
13981,46178,46212,34,W
13986,46190,46214,24,E
13985,46184,46214,30,W
13991,46197,46216,19,E
13987,46190,46216,26,W
13994,46204,46218,14,E
13990,46196,46218,22,W
13997,46211,46220,9,E
13992,46202,46220,18,W
14000,46218,46222,4,E
13995,46208,46222,14,W
13999,46214,46224,10,W
14004,46225,46226,1,E
14001,46220,46226,6,W
14005,46226,46228,2,W
14006,46232,46232,0,E
14007,46232,46232,0,W
14009,46238,46238,0,W
14010,46239,46240,1,E
14013,46244,46244,0,W
14014,46246,46246,0,E
14015,46250,46250,0,W
14016,46253,46254,1,E
14019,46256,46256,0,W
14020,46260,46320,60,E
14021,46262,46320,58,W
14023,46267,46322,55,E
14024,46268,46322,54,W
14027,46274,46324,50,E
14028,46274,46324,50,W
14030,46281,46326,45,E
14029,46280,46326,46,W
14034,46288,46328,40,E
14033,46286,46328,42,W
14037,46295,46330,35,E
14035,46292,46330,38,W
14040,46302,46332,30,E
14038,46298,46332,34,W
14043,46309,46334,25,E
14042,46304,46334,30,W
14047,46316,46336,20,E
14044,46310,46336,26,W
14050,46323,46338,15,E
14048,46316,46338,22,W
14054,46330,46340,10,E
14049,46322,46340,18,W
14057,46337,46342,5,E
14052,46328,46342,14,W
14060,46344,46344,0,E
14056,46334,46344,10,W
14058,46340,46346,6,W
14062,46346,46348,2,W
14063,46351,46352,1,E
14064,46352,46352,0,W
14066,46358,46358,0,E
14067,46358,46358,0,W
14070,46364,46364,0,W
14071,46365,46366,1,E
14072,46370,46370,0,W
14073,46372,46372,0,E
14076,46376,46376,0,W
14077,46379,46440,61,E
14078,46382,46440,58,W
14080,46386,46442,56,E
14081,46388,46442,54,W
14083,46393,46444,51,E
14085,46394,46444,50,W
14086,46400,46446,46,E
14087,46400,46446,46,W
14091,46407,46448,41,E
14090,46406,46448,42,W
14094,46414,46450,36,E
14092,46412,46450,38,W
14097,46421,46452,31,E
14095,46418,46452,34,W
14100,46428,46454,26,E
14099,46424,46454,30,W
14104,46435,46456,21,E
14101,46430,46456,26,W
14106,46442,46458,16,E
14105,46436,46458,22,W
14110,46449,46460,11,E
14107,46442,46460,18,W
14114,46456,46462,6,E
14109,46448,46462,14,W
14116,46463,46464,1,E
14113,46454,46464,10,W
14115,46460,46466,6,W
14119,46466,46468,2,W
14120,46470,46470,0,E
14121,46472,46472,0,W
14123,46477,46478,1,E
14124,46478,46478,0,W
14127,46484,46484,0,E
14128,46484,46484,0,W
14129,46490,46490,0,W
14130,46491,46492,1,E
14133,46496,46496,0,W
14134,46498,46498,0,E
14137,46505,46560,55,E
14135,46502,46560,58,W
14140,46512,46562,50,E
14138,46508,46562,54,W
14143,46519,46564,45,E
14142,46514,46564,50,W
14147,46526,46566,40,E
14144,46520,46566,46,W
14150,46533,46568,35,E
14148,46526,46568,42,W
14154,46540,46570,30,E
14149,46532,46570,38,W
14157,46547,46572,25,E
14152,46538,46572,34,W
14160,46554,46574,20,E
14156,46544,46574,30,W
14163,46561,46576,15,E
14158,46550,46576,26,W
14166,46568,46578,10,E
14162,46556,46578,22,W
14171,46575,46580,5,E
14164,46562,46580,18,W
14173,46582,46582,0,E
14167,46568,46582,14,W
14170,46574,46584,10,W
14172,46580,46586,6,W
14176,46586,46588,2,W
14177,46589,46590,1,E
14178,46592,46592,0,W
14180,46596,46596,0,E
14181,46598,46598,0,W
14183,46603,46604,1,E
14185,46604,46604,0,W
14186,46610,46610,0,E
14187,46610,46610,0,W
14190,46616,46616,0,W
14191,46617,46618,1,E
14194,46624,46680,56,E
14192,46622,46680,58,W
14197,46631,46682,51,E
14195,46628,46682,54,W
14200,46638,46684,46,E
14199,46634,46684,50,W
14204,46645,46686,41,E
14201,46640,46686,46,W
14206,46652,46688,36,E
14205,46646,46688,42,W
14210,46659,46690,31,E
14207,46652,46690,38,W
14214,46666,46692,26,E
14209,46658,46692,34,W
14216,46673,46694,21,E
14213,46664,46694,30,W
14220,46680,46696,16,E
14215,46670,46696,26,W
14223,46687,46698,11,E
14219,46676,46698,22,W
14227,46694,46700,6,E
14221,46682,46700,18,W
14230,46701,46702,1,E
14224,46688,46702,14,W
14228,46694,46704,10,W
14229,46700,46706,6,W
14234,46708,46708,0,E
14233,46706,46708,2,W
14235,46712,46712,0,W
14237,46715,46716,1,E
14238,46718,46718,0,W
14240,46722,46722,0,E
14242,46724,46724,0,W
14243,46729,46730,1,E
14244,46730,46730,0,W
14247,46736,46736,0,E
14248,46736,46736,0,W
14250,46743,46800,57,E
14249,46742,46800,58,W
14254,46750,46802,52,E
14252,46748,46802,54,W
14257,46757,46804,47,E
14256,46754,46804,50,W
14260,46764,46806,42,E
14258,46760,46806,46,W
14263,46771,46808,37,E
14262,46766,46808,42,W
14266,46778,46810,32,E
14264,46772,46810,38,W
14271,46785,46812,27,E
14267,46778,46812,34,W
14273,46792,46814,22,E
14270,46784,46814,30,W
14277,46799,46816,17,E
14272,46790,46816,26,W
14280,46806,46818,12,E
14276,46796,46818,22,W
14285,46813,46820,7,E
14278,46802,46820,18,W
14287,46820,46822,2,E
14281,46807,46822,15,W
14283,46812,46824,12,W
14286,46817,46826,9,W
14291,46827,46828,1,E
14289,46822,46828,6,W
14292,46827,46830,3,W
14294,46832,46832,0,W
14295,46834,46834,0,E
14296,46837,46838,1,W
14299,46841,46842,1,E
14300,46842,46842,0,W
14302,46848,46848,0,E
14301,46847,46848,1,W
14305,46852,46852,0,W
14306,46855,46856,1,E
14307,46857,46858,1,W
14309,46862,46920,58,E
14310,46862,46920,58,W
14314,46869,46922,53,E
14313,46867,46922,55,W
14317,46876,46924,48,E
14315,46872,46924,52,W
14321,46883,46926,43,E
14318,46877,46926,49,W
14324,46890,46928,38,E
14320,46882,46928,46,W
14328,46897,46930,33,E
14323,46887,46930,43,W
14332,46904,46932,28,E
14325,46892,46932,40,W
14335,46911,46934,23,E
14329,46897,46934,37,W
14339,46918,46936,18,E
14330,46902,46936,34,W
14343,46925,46938,13,E
14333,46907,46938,31,W
14346,46932,46940,8,E
14337,46912,46940,28,W
14351,46939,46942,3,E
14338,46917,46942,25,W
14342,46922,46944,22,W
14353,46946,46946,0,E
14344,46927,46946,19,W
14347,46932,46948,16,W
14349,46937,46950,13,W
14352,46942,46952,10,W
14358,46953,46954,1,E
14354,46947,46954,7,W
14357,46952,46956,4,W
14360,46957,46958,1,W
14361,46960,46960,0,E
14362,46962,46962,0,W
14365,46967,46968,1,E
14366,46967,46968,1,W
14367,46972,46972,0,W
14368,46974,46974,0,E
14370,46977,46978,1,W
14372,46981,47040,59,E
14373,46982,47040,58,W
14376,46988,47042,54,E
14375,46987,47042,55,W
14380,46995,47044,49,E
14378,46992,47044,52,W
14383,47002,47046,44,E
14381,46997,47046,49,W
14387,47009,47048,39,E
14384,47002,47048,46,W
14390,47016,47050,34,E
14386,47007,47050,43,W
14395,47023,47052,29,E
14389,47012,47052,40,W
14398,47030,47054,24,E
14391,47017,47054,37,W
14401,47037,47056,19,E
14394,47022,47056,34,W
14405,47044,47058,14,E
14396,47027,47058,31,W
14409,47051,47060,9,E
14399,47032,47060,28,W
14413,47058,47062,4,E
14402,47037,47062,25,W
14404,47042,47064,22,W
14417,47065,47066,1,E
14407,47047,47066,19,W
14410,47052,47068,16,W
14412,47057,47070,13,W
14419,47072,47072,0,E
14415,47062,47072,10,W
14418,47067,47074,7,W
14420,47072,47076,4,W
14423,47077,47078,1,W
14424,47079,47080,1,E
14425,47082,47082,0,W
14427,47086,47086,0,E
14428,47087,47088,1,W
14431,47092,47092,0,W
14432,47093,47094,1,E
14433,47097,47098,1,W
14434,47100,47160,60,E
14436,47102,47160,58,W
14438,47107,47162,55,E
14439,47107,47162,55,W
14442,47114,47164,50,E
14441,47112,47164,52,W
14446,47121,47166,45,E
14443,47117,47166,49,W
14450,47128,47168,40,E
14447,47122,47168,46,W
14453,47135,47170,35,E
14448,47127,47170,43,W
14456,47142,47172,30,E
14452,47132,47172,40,W
14461,47149,47174,25,E
14455,47137,47174,37,W
14464,47156,47176,20,E
14457,47142,47176,34,W
14468,47163,47178,15,E
14460,47147,47178,31,W
14471,47170,47180,10,E
14462,47152,47180,28,W
14475,47177,47182,5,E
14465,47157,47182,25,W
14479,47184,47184,0,E
14467,47162,47184,22,W
14470,47167,47186,19,W
14472,47172,47188,16,W
14476,47177,47190,13,W
14483,47191,47192,1,E
14478,47182,47192,10,W
14480,47187,47194,7,W
14484,47192,47196,4,W
14486,47198,47198,0,E
14485,47197,47198,1,W
14489,47202,47202,0,W
14490,47205,47206,1,E
14491,47207,47208,1,W
14493,47212,47212,0,E
14494,47212,47212,0,W
14496,47217,47218,1,W
14498,47219,47280,61,E
14499,47222,47280,58,W
14500,47226,47282,56,E
14502,47227,47282,55,W
14505,47233,47284,51,E
14504,47232,47284,52,W
14508,47240,47286,46,E
14507,47237,47286,49,W
14512,47247,47288,41,E
14509,47242,47288,46,W
14516,47254,47290,36,E
14513,47247,47290,43,W
14519,47261,47292,31,E
14514,47252,47292,40,W
14523,47268,47294,26,E
14517,47257,47294,37,W
14527,47275,47296,21,E
14520,47262,47296,34,W
14530,47282,47298,16,E
14522,47267,47298,31,W
14534,47289,47300,11,E
14526,47272,47300,28,W
14537,47296,47302,6,E
14528,47277,47302,25,W
14542,47303,47304,1,E
14531,47282,47304,22,W
14533,47287,47306,19,W
14536,47292,47308,16,W
14545,47310,47310,0,E
14538,47297,47310,13,W
14541,47302,47312,10,W
14543,47307,47314,7,W
14546,47312,47316,4,W
14549,47317,47318,1,E
14550,47317,47318,1,W
14551,47322,47322,0,W
14552,47324,47324,0,E
14554,47327,47328,1,W
14556,47331,47332,1,E
14557,47332,47332,0,W
14560,47338,47338,0,E
14559,47337,47338,1,W
14564,47345,47400,55,E
14562,47342,47400,58,W
14566,47352,47402,50,E
14565,47347,47402,55,W
14571,47359,47404,45,E
14567,47352,47404,52,W
14574,47366,47406,40,E
14570,47357,47406,49,W
14579,47373,47408,35,E
14573,47362,47408,46,W
14582,47380,47410,30,E
14575,47367,47410,43,W
14585,47387,47412,25,E
14578,47372,47412,40,W
14589,47394,47414,20,E
14580,47377,47414,37,W
14593,47401,47416,15,E
14583,47382,47416,34,W
14597,47408,47418,10,E
14586,47387,47418,31,W
14600,47415,47420,5,E
14588,47392,47420,28,W
14603,47422,47422,0,E
14590,47397,47422,25,W
14594,47402,47424,22,W
14596,47407,47426,19,W
14599,47412,47428,16,W
14608,47429,47430,1,E
14602,47417,47430,13,W
14604,47422,47432,10,W
14607,47427,47434,7,W
14611,47436,47436,0,E
14609,47432,47436,4,W
14612,47437,47438,1,W
14614,47442,47442,0,W
14616,47443,47444,1,E
14617,47447,47448,1,W
14618,47450,47450,0,E
14620,47452,47452,0,W
14622,47457,47458,1,E
14623,47457,47458,1,W
14626,47464,47520,56,E
14625,47462,47520,58,W
14630,47471,47522,51,E
14627,47467,47522,55,W
14633,47478,47524,46,E
14631,47472,47524,52,W
14637,47485,47526,41,E
14632,47477,47526,49,W
14640,47492,47528,36,E
14636,47482,47528,46,W
14645,47499,47530,31,E
14638,47487,47530,43,W
14648,47506,47532,26,E
14641,47492,47532,40,W
14652,47513,47534,21,E
14644,47497,47534,37,W
14655,47520,47536,16,E
14646,47502,47536,34,W
14659,47527,47538,11,E
14649,47507,47538,31,W
14663,47534,47540,6,E
14651,47512,47540,28,W
14666,47541,47542,1,E
14654,47517,47542,25,W
14656,47522,47544,22,W
14660,47527,47546,19,W
14670,47548,47548,0,E
14661,47532,47548,16,W
14664,47537,47550,13,W
14668,47542,47552,10,W
14669,47547,47554,7,W
14674,47555,47556,1,E
14673,47552,47556,4,W
14675,47557,47558,1,W
14677,47562,47562,0,E
14678,47562,47562,0,W
14680,47567,47568,1,W
14682,47569,47570,1,E
14683,47572,47572,0,W
14684,47576,47576,0,E
14685,47577,47578,1,W
14689,47583,47640,57,E
14688,47582,47640,58,W
14692,47590,47642,52,E
14691,47587,47642,55,W
14696,47597,47644,47,E
14693,47592,47644,52,W
14699,47604,47646,42,E
14697,47597,47646,49,W
14703,47611,47648,37,E
14698,47602,47648,46,W
14707,47618,47650,32,E
14701,47607,47650,43,W
14711,47625,47652,27,E
14704,47612,47652,40,W
14714,47632,47654,22,E
14706,47617,47654,37,W
14718,47639,47656,17,E
14709,47622,47656,34,W
14721,47646,47658,12,E
14712,47627,47658,31,W
14726,47653,47660,7,E
14715,47632,47660,28,W
14729,47660,47662,2,E
14717,47637,47662,25,W
14720,47642,47664,22,W
14722,47647,47666,19,W
14732,47667,47668,1,E
14725,47652,47668,16,W
14727,47657,47670,13,W
14730,47662,47672,10,W
14736,47674,47674,0,E
14733,47667,47674,7,W
14735,47672,47676,4,W
14738,47677,47678,1,W
14740,47681,47682,1,E
14741,47682,47682,0,W
14744,47688,47688,0,E
14743,47687,47688,1,W
14746,47692,47692,0,W
14748,47695,47696,1,E
14749,47697,47698,1,W
14750,47702,47760,58,E
14751,47702,47760,58,W
14755,47709,47762,53,E
14754,47707,47762,55,W
14758,47716,47764,48,E
14756,47712,47764,52,W
14763,47723,47766,43,E
14759,47717,47766,49,W
14765,47730,47768,38,E
14762,47722,47768,46,W
14769,47737,47770,33,E
14764,47727,47770,43,W
14773,47744,47772,28,E
14767,47732,47772,40,W
14777,47751,47774,23,E
14770,47737,47774,37,W
14781,47758,47776,18,E
14772,47742,47776,34,W
14784,47765,47778,13,E
14774,47747,47778,31,W
14787,47772,47780,8,E
14778,47752,47780,28,W
14792,47779,47782,3,E
14779,47757,47782,25,W
14783,47762,47784,22,W
14795,47786,47786,0,E
14786,47767,47786,19,W
14788,47772,47788,16,W
14791,47777,47790,13,W
14793,47782,47792,10,W
14799,47793,47794,1,E
14796,47787,47794,7,W
14798,47792,47796,4,W
14801,47797,47798,1,W
14802,47800,47800,0,E
14803,47802,47802,0,W
14806,47807,47808,1,E
14807,47807,47808,1,W
14809,47812,47812,0,W
14810,47814,47814,0,E
14811,47817,47818,1,W
14814,47821,47880,59,E
14815,47822,47880,58,W
14817,47828,47882,54,E
14816,47827,47882,55,W
14821,47835,47884,49,E
14820,47832,47884,52,W
14824,47842,47886,44,E
14822,47837,47886,49,W
14829,47849,47888,39,E
14825,47842,47888,46,W
14831,47856,47890,34,E
14827,47847,47890,43,W
14836,47863,47892,29,E
14830,47852,47892,40,W
14839,47870,47894,24,E
14833,47857,47894,37,W
14843,47877,47896,19,E
14835,47862,47896,34,W
14847,47884,47898,14,E
14838,47867,47898,31,W
14850,47891,47900,9,E
14840,47872,47900,28,W
14854,47898,47902,4,E
14844,47877,47902,25,W
14845,47882,47904,22,W
14858,47905,47906,1,E
14848,47887,47906,19,W
14851,47892,47908,16,W
14853,47897,47910,13,W
14861,47912,47912,0,E
14857,47902,47912,10,W
14859,47907,47914,7,W
14862,47912,47916,4,W
14864,47917,47918,1,W
14865,47919,47920,1,E
14867,47922,47922,0,W
14868,47926,47926,0,E
14869,47927,47928,1,W
14872,47932,47932,0,W
14873,47933,47934,1,E
14874,47937,47938,1,W
14876,47940,48000,60,E
14877,47942,48000,58,W
14880,47947,48002,55,E
14881,47947,48002,55,W
14883,47954,48004,50,E
14882,47952,48004,52,W
14887,47961,48006,45,E
14885,47957,48006,49,W
14891,47968,48008,40,E
14888,47962,48008,46,W
14895,47975,48010,35,E
14890,47967,48010,43,W
14897,47982,48012,30,E
14893,47972,48012,40,W
14902,47989,48014,25,E
14896,47977,48014,37,W
14905,47996,48016,20,E
14898,47982,48016,34,W
14910,48003,48018,15,E
14901,47987,48018,31,W
14913,48010,48020,10,E
14904,47992,48020,28,W
14916,48017,48022,5,E
14906,47997,48022,25,W
14920,48024,48024,0,E
14909,48002,48024,22,W
14911,48007,48026,19,W
14914,48012,48028,16,W
14917,48017,48030,13,W
14924,48031,48032,1,E
14919,48022,48032,10,W
14921,48027,48034,7,W
14925,48032,48036,4,W
14928,48038,48038,0,E
14927,48037,48038,1,W
14930,48042,48042,0,W
14931,48045,48046,1,E
14933,48047,48048,1,W
14934,48052,48052,0,E
14935,48052,48052,0,W
14938,48057,48058,1,W
14939,48059,48120,61,E
14940,48062,48120,58,W
14942,48066,48122,56,E
14943,48067,48122,55,W
14947,48073,48124,51,E
14945,48072,48124,52,W
14949,48080,48126,46,E
14948,48077,48126,49,W
14953,48087,48128,41,E
14951,48082,48128,46,W
14957,48094,48130,36,E
14954,48087,48130,43,W
14961,48101,48132,31,E
14956,48092,48132,40,W
14964,48108,48134,26,E
14958,48097,48134,37,W
14968,48115,48136,21,E
14962,48102,48136,34,W
14971,48122,48138,16,E
14963,48107,48138,31,W
14976,48129,48140,11,E
14967,48112,48140,28,W
14979,48136,48142,6,E
14969,48117,48142,25,W
14983,48143,48144,1,E
14972,48122,48144,22,W
14975,48127,48146,19,W
14977,48132,48148,16,W
14986,48150,48150,0,E
14980,48137,48150,13,W
14982,48142,48152,10,W
14985,48147,48154,7,W
14987,48152,48156,4,W
14990,48157,48158,1,E
14991,48157,48158,1,W
14992,48162,48162,0,W
14994,48164,48164,0,E
14995,48167,48168,1,W
14997,48171,48172,1,E
14999,48172,48172,0,W
15001,48178,48178,0,E
15000,48177,48178,1,W
15005,48185,48240,55,E
15004,48182,48240,58,W
15008,48192,48242,50,E
15006,48187,48242,55,W
15013,48199,48244,45,E
15009,48192,48244,52,W
15015,48206,48246,40,E
15011,48197,48246,49,W
15020,48213,48248,35,E
15014,48202,48248,46,W
15023,48220,48250,30,E
15016,48207,48250,43,W
15027,48227,48252,25,E
15019,48212,48252,40,W
15030,48234,48254,20,E
15022,48217,48254,37,W
15034,48241,48256,15,E
15024,48222,48256,34,W
15038,48248,48258,10,E
15028,48227,48258,31,W
15042,48255,48260,5,E
15029,48232,48260,28,W
15045,48262,48262,0,E
15032,48237,48262,25,W
15035,48242,48264,22,W
15037,48247,48266,19,W
15040,48252,48268,16,W
15049,48269,48270,1,E
15043,48257,48270,13,W
15046,48262,48272,10,W
15048,48267,48274,7,W
15052,48276,48276,0,E
15051,48272,48276,4,W
15053,48277,48278,1,W
15056,48282,48282,0,W
15057,48283,48284,1,E
15058,48287,48288,1,W
15060,48290,48290,0,E
15061,48292,48292,0,W
15063,48297,48298,1,E
15064,48297,48298,1,W
15067,48304,48360,56,E
15066,48302,48360,58,W
15071,48311,48362,51,E
15069,48307,48362,55,W
15075,48318,48364,46,E
15072,48312,48364,52,W
15079,48325,48366,41,E
15074,48317,48366,49,W
15081,48332,48368,36,E
15077,48322,48368,46,W
15086,48339,48370,31,E
15080,48327,48370,43,W
15089,48346,48372,26,E
15082,48332,48372,40,W
15094,48353,48374,21,E
15085,48337,48374,37,W
15096,48360,48376,16,E
15087,48342,48376,34,W
15100,48367,48378,11,E
15090,48347,48378,31,W
15104,48374,48380,6,E
15093,48352,48380,28,W
15108,48381,48382,1,E
15095,48357,48382,25,W
15098,48362,48384,22,W
15101,48367,48386,19,W
15112,48388,48388,0,E
15103,48372,48388,16,W
15105,48377,48390,13,W
15109,48382,48392,10,W
15110,48387,48394,7,W
15115,48395,48396,1,E
15114,48392,48396,4,W
15117,48397,48398,1,W
15118,48402,48402,0,E
15119,48402,48402,0,W
15122,48407,48408,1,W
15123,48409,48410,1,E
15124,48412,48412,0,W
15126,48416,48416,0,E
15127,48417,48418,1,W
15130,48423,48480,57,E
15129,48422,48480,58,W
15133,48430,48482,52,E
15132,48427,48482,55,W
15137,48437,48484,47,E
15134,48432,48484,52,W
15141,48444,48486,42,E
15138,48437,48486,49,W
15145,48451,48488,37,E
15140,48442,48488,46,W
15148,48458,48490,32,E
15142,48447,48490,43,W
15152,48465,48492,27,E
15146,48452,48492,40,W
15155,48472,48494,22,E
15147,48457,48494,37,W
15160,48479,48496,17,E
15151,48462,48496,34,W
15162,48486,48498,12,E
15153,48467,48498,31,W
15167,48493,48500,7,E
15156,48472,48500,28,W
15170,48500,48502,2,E
15158,48477,48502,25,W
15161,48482,48504,22,W
15164,48487,48506,19,W
15174,48507,48508,1,E
15166,48492,48508,16,W
15169,48497,48510,13,W
15171,48502,48512,10,W
15178,48514,48514,0,E
15175,48507,48514,7,W
15176,48512,48516,4,W
15179,48517,48518,1,W
15181,48521,48522,1,E
15182,48522,48522,0,W
15185,48528,48528,0,E
15184,48527,48528,1,W
15188,48532,48532,0,W
15189,48535,48536,1,E
15190,48537,48538,1,W
15192,48542,48600,58,E
15193,48542,48600,58,W
15196,48549,48602,53,E
15195,48547,48602,55,W
15199,48556,48604,48,E
15198,48552,48604,52,W
15204,48563,48606,43,E
15200,48557,48606,49,W
15207,48570,48608,38,E
15203,48562,48608,46,W
15211,48577,48610,33,E
15205,48567,48610,43,W
15214,48584,48612,28,E
15208,48572,48612,40,W
15218,48591,48614,23,E
15212,48577,48614,37,W
15222,48598,48616,18,E
15213,48582,48616,34,W
15226,48605,48618,13,E
15216,48587,48618,31,W
15228,48612,48620,8,E
15219,48592,48620,28,W
15233,48619,48622,3,E
15221,48597,48622,25,W
15224,48602,48624,22,W
15236,48626,48626,0,E
15227,48607,48626,19,W
15229,48612,48628,16,W
15232,48617,48630,13,W
15235,48622,48632,10,W
15241,48633,48634,1,E
15237,48627,48634,7,W
15240,48632,48636,4,W
15242,48637,48638,1,W
15244,48640,48640,0,E
15245,48642,48642,0,W
15247,48647,48648,1,E
15248,48647,48648,1,W
15250,48652,48652,0,W
15251,48654,48654,0,E
15252,48657,48658,1,W
15255,48661,48720,59,E
15256,48662,48720,58,W
15259,48668,48722,54,E
15258,48667,48722,55,W
15262,48675,48724,49,E
15261,48672,48724,52,W
15265,48682,48726,44,E
15264,48677,48726,49,W
15270,48689,48728,39,E
15266,48682,48728,46,W
15273,48696,48730,34,E
15269,48687,48730,43,W
15278,48703,48732,29,E
15271,48692,48732,40,W
15280,48710,48734,24,E
15274,48697,48734,37,W
15284,48717,48736,19,E
15276,48702,48736,34,W
15288,48724,48738,14,E
15279,48707,48738,31,W
15292,48731,48740,9,E
15282,48712,48740,28,W
15295,48738,48742,4,E
15285,48717,48742,25,W
15287,48722,48744,22,W
15299,48745,48746,1,E
15289,48727,48746,19,W
15293,48732,48748,16,W
15294,48737,48750,13,W
15302,48752,48752,0,E
15298,48742,48752,10,W
15300,48747,48754,7,W
15303,48752,48756,4,W
15306,48757,48758,1,W
15307,48759,48760,1,E
15308,48762,48762,0,W
15310,48766,48766,0,E
15311,48767,48768,1,W
15313,48772,48772,0,W
15314,48773,48774,1,E
15316,48777,48778,1,W
15317,48780,48840,60,E
15318,48782,48840,58,W
15321,48787,48842,55,E
15322,48787,48842,55,W
15325,48794,48844,50,E
15323,48792,48844,52,W
15328,48801,48846,45,E
15326,48797,48846,49,W
15332,48808,48848,40,E
15330,48802,48848,46,W
15336,48815,48850,35,E
15331,48807,48850,43,W
15339,48822,48852,30,E
15335,48812,48852,40,W
15344,48829,48854,25,E
15337,48817,48854,37,W
15346,48836,48856,20,E
15340,48822,48856,34,W
15351,48843,48858,15,E
15342,48827,48858,31,W
15354,48850,48860,10,E
15345,48832,48860,28,W
15358,48857,48862,5,E
15347,48837,48862,25,W
15361,48864,48864,0,E
15350,48842,48864,22,W
15353,48847,48866,19,W
15355,48852,48868,16,W
15359,48857,48870,13,W
15365,48871,48872,1,E
15360,48862,48872,10,W
15363,48867,48874,7,W
15366,48872,48876,4,W
15369,48878,48878,0,E
15368,48877,48878,1,W
15371,48882,48882,0,W
15373,48885,48886,1,E
15374,48887,48888,1,W
15376,48892,48892,0,E
15377,48892,48892,0,W
15379,48897,48898,1,W
15380,48899,48960,61,E
15382,48902,48960,58,W
15383,48906,48962,56,E
15384,48907,48962,55,W
15388,48913,48964,51,E
15387,48912,48964,52,W
15391,48920,48966,46,E
15389,48917,48966,49,W
15394,48927,48968,41,E
15392,48922,48968,46,W
15398,48934,48970,36,E
15395,48927,48970,43,W
15402,48941,48972,31,E
15397,48932,48972,40,W
15406,48948,48974,26,E
15400,48937,48974,37,W
15410,48955,48976,21,E
15403,48942,48976,34,W
15412,48962,48978,16,E
15405,48947,48978,31,W
15417,48969,48980,11,E
15408,48952,48980,28,W
15420,48976,48982,6,E
15411,48957,48982,25,W
15425,48983,48984,1,E
15413,48962,48984,22,W
15416,48967,48986,19,W
15418,48972,48988,16,W
15427,48990,48990,0,E
15421,48977,48990,13,W
15424,48982,48992,10,W
15426,48987,48994,7,W
15429,48992,48996,4,W
15431,48997,48998,1,E
15432,48997,48998,1,W
15434,49002,49002,0,W
15435,49004,49004,0,E
15436,49007,49008,1,W
15439,49011,49012,1,E
15440,49012,49012,0,W
15443,49018,49018,0,E
15441,49017,49018,1,W
15446,49025,49080,55,E
15445,49022,49080,58,W
15449,49032,49082,50,E
15448,49027,49082,55,W
15454,49039,49084,45,E
15450,49032,49084,52,W
15457,49046,49086,40,E
15453,49037,49086,49,W
15461,49053,49088,35,E
15455,49042,49088,46,W
15464,49060,49090,30,E
15458,49047,49090,43,W
15468,49067,49092,25,E
15460,49052,49092,40,W
15472,49074,49094,20,E
15463,49057,49094,37,W
15476,49081,49096,15,E
15465,49062,49096,34,W
15479,49088,49098,10,E
15469,49067,49098,31,W
15483,49095,49100,5,E
15471,49072,49100,28,W
15486,49102,49102,0,E
15473,49077,49102,25,W
15477,49082,49104,22,W
15478,49087,49106,19,W
15482,49092,49108,16,W
15491,49109,49110,1,E
15484,49097,49110,13,W
15487,49102,49112,10,W
15489,49107,49114,7,W
15493,49116,49116,0,E
15492,49112,49116,4,W
15495,49117,49118,1,W
15497,49122,49122,0,W
15498,49123,49124,1,E
15500,49127,49128,1,W
15501,49130,49130,0,E
15502,49132,49132,0,W
15505,49137,49138,1,E
15506,49137,49138,1,W
15509,49144,49200,56,E
15507,49142,49200,58,W
15512,49151,49202,51,E
15510,49147,49202,55,W
15516,49158,49204,46,E
15513,49152,49204,52,W
15520,49165,49206,41,E
15515,49157,49206,49,W
15523,49172,49208,36,E
15519,49162,49208,46,W
15527,49179,49210,31,E
15521,49167,49210,43,W
15530,49186,49212,26,E
15524,49172,49212,40,W
15535,49193,49214,21,E
15526,49177,49214,37,W
15538,49200,49216,16,E
15529,49182,49216,34,W
15542,49207,49218,11,E
15531,49187,49218,31,W
15545,49214,49220,6,E
15534,49192,49220,28,W
15549,49221,49222,1,E
15536,49197,49222,25,W
15539,49202,49224,22,W
15543,49207,49226,19,W
15553,49228,49228,0,E
15544,49212,49228,16,W
15547,49217,49230,13,W
15550,49222,49232,10,W
15552,49227,49234,7,W
15557,49235,49236,1,E
15555,49232,49236,4,W
15558,49237,49238,1,W
15559,49242,49242,0,E
15560,49242,49242,0,W
15563,49247,49248,1,W
15564,49249,49250,1,E
15566,49252,49252,0,W
15567,49256,49256,0,E
15568,49257,49258,1,W
15572,49263,49320,57,E
15571,49262,49320,58,W
15575,49270,49322,52,E
15573,49267,49322,55,W
15578,49277,49324,47,E
15576,49272,49324,52,W
15582,49284,49326,42,E
15579,49277,49326,49,W
15586,49291,49328,37,E
15581,49282,49328,46,W
15590,49298,49330,32,E
15583,49287,49330,43,W
15593,49305,49332,27,E
15587,49292,49332,40,W
15596,49312,49334,22,E
15589,49297,49334,37,W
15601,49319,49336,17,E
15592,49302,49336,34,W
15604,49326,49338,12,E
15595,49307,49338,31,W
15609,49333,49340,7,E
15597,49312,49340,28,W
15611,49340,49342,2,E
15600,49317,49342,25,W
15602,49322,49344,22,W
15605,49327,49346,19,W
15615,49347,49348,1,E
15607,49332,49348,16,W
15610,49337,49350,13,W
15613,49342,49352,10,W
15619,49354,49354,0,E
15616,49347,49354,7,W
15618,49352,49356,4,W
15620,49357,49358,1,W
15623,49361,49362,1,E
15624,49362,49362,0,W
15626,49368,49368,0,E
15625,49367,49368,1,W
15629,49372,49372,0,W
15630,49375,49376,1,E
15631,49377,49378,1,W
15633,49382,49440,58,E
15634,49382,49440,58,W
15638,49389,49442,53,E
15637,49387,49442,55,W
15641,49396,49444,48,E
15639,49392,49444,52,W
15645,49403,49446,43,E
15642,49397,49446,49,W
15648,49410,49448,38,E
15644,49402,49448,46,W
15652,49417,49450,33,E
15647,49407,49450,43,W
15656,49424,49452,28,E
15649,49412,49452,40,W
15659,49431,49454,23,E
15653,49417,49454,37,W
15663,49438,49456,18,E
15654,49422,49456,34,W
15667,49445,49458,13,E
15657,49427,49458,31,W
15670,49452,49460,8,E
15661,49432,49460,28,W
15675,49459,49462,3,E
15662,49437,49462,25,W
15666,49442,49464,22,W
15677,49466,49466,0,E
15668,49447,49466,19,W
15671,49452,49468,16,W
15673,49457,49470,13,W
15676,49462,49472,10,W
15682,49473,49474,1,E
15678,49467,49474,7,W
15681,49472,49476,4,W
15684,49477,49478,1,W
15685,49480,49480,0,E
15686,49482,49482,0,W
15689,49487,49488,1,E
15690,49487,49488,1,W
15691,49492,49492,0,W
15692,49494,49494,0,E
15694,49497,49498,1,W
15696,49501,49560,59,E
15697,49502,49560,58,W
15700,49508,49562,54,E
15699,49507,49562,55,W
15704,49515,49564,49,E
15702,49512,49564,52,W
15707,49522,49566,44,E
15705,49517,49566,49,W
15711,49529,49568,39,E
15708,49522,49568,46,W
15714,49536,49570,34,E
15710,49527,49570,43,W
15719,49543,49572,29,E
15713,49532,49572,40,W
15722,49550,49574,24,E
15715,49537,49574,37,W
15725,49557,49576,19,E
15718,49542,49576,34,W
15729,49564,49578,14,E
15720,49547,49578,31,W
15733,49571,49580,9,E
15723,49552,49580,28,W
15737,49578,49582,4,E
15726,49557,49582,25,W
15728,49562,49584,22,W
15741,49585,49586,1,E
15731,49567,49586,19,W
15734,49572,49588,16,W
15736,49577,49590,13,W
15743,49592,49592,0,E
15739,49582,49592,10,W
15742,49587,49594,7,W
15744,49592,49596,4,W
15747,49597,49598,1,W
15748,49599,49600,1,E
15749,49602,49602,0,W
15751,49606,49606,0,E
15752,49607,49608,1,W
15755,49612,49612,0,W
15756,49613,49614,1,E
15757,49617,49618,1,W
15758,49620,49680,60,E
15760,49622,49680,58,W
15762,49627,49682,55,E
15763,49627,49682,55,W
15766,49634,49684,50,E
15765,49632,49684,52,W
15770,49641,49686,45,E
15767,49637,49686,49,W
15774,49648,49688,40,E
15771,49642,49688,46,W
15777,49655,49690,35,E
15772,49647,49690,43,W
15780,49662,49692,30,E
15776,49652,49692,40,W
15785,49669,49694,25,E
15779,49657,49694,37,W
15788,49676,49696,20,E
15781,49662,49696,34,W
15792,49683,49698,15,E
15784,49667,49698,31,W
15795,49690,49700,10,E
15786,49672,49700,28,W
15799,49697,49702,5,E
15789,49677,49702,25,W
15803,49704,49704,0,E
15791,49682,49704,22,W
15794,49687,49706,19,W
15796,49692,49708,16,W
15800,49697,49710,13,W
15807,49711,49712,1,E
15802,49702,49712,10,W
15804,49707,49714,7,W
15808,49712,49716,4,W
15810,49718,49718,0,E
15809,49717,49718,1,W
15813,49722,49722,0,W
15814,49725,49726,1,E
15815,49727,49728,1,W
15817,49732,49732,0,E
15818,49732,49732,0,W
15820,49737,49738,1,W
15822,49739,49800,61,E
15823,49742,49800,58,W
15824,49746,49802,56,E
15826,49747,49802,55,W
15829,49753,49804,51,E
15828,49752,49804,52,W
15832,49760,49806,46,E
15831,49757,49806,49,W
15836,49767,49808,41,E
15833,49762,49808,46,W
15840,49774,49810,36,E
15837,49767,49810,43,W
15843,49781,49812,31,E
15838,49772,49812,40,W
15847,49788,49814,26,E
15841,49777,49814,37,W
15851,49795,49816,21,E
15844,49782,49816,34,W
15854,49802,49818,16,E
15846,49787,49818,31,W
15858,49809,49820,11,E
15850,49792,49820,28,W
15861,49816,49822,6,E
15852,49797,49822,25,W
15866,49823,49824,1,E
15855,49802,49824,22,W
15857,49807,49826,19,W
15860,49812,49828,16,W
15869,49830,49830,0,E
15862,49817,49830,13,W
15865,49822,49832,10,W
15867,49827,49834,7,W
15870,49832,49836,4,W
15873,49837,49838,1,E
15874,49837,49838,1,W
15875,49842,49842,0,W
15876,49844,49844,0,E
15878,49847,49848,1,W
15880,49851,49852,1,E
15881,49852,49852,0,W
15884,49858,49858,0,E
15883,49857,49858,1,W
15888,49865,49920,55,E
15886,49862,49920,58,W
15890,49872,49922,50,E
15889,49867,49922,55,W
15895,49879,49924,45,E
15891,49872,49924,52,W
15898,49886,49926,40,E
15894,49877,49926,49,W
15903,49893,49928,35,E
15897,49882,49928,46,W
15906,49900,49930,30,E
15899,49887,49930,43,W
15909,49907,49932,25,E
15902,49892,49932,40,W
15913,49914,49934,20,E
15904,49897,49934,37,W
15917,49921,49936,15,E
15907,49902,49936,34,W
15921,49928,49938,10,E
15910,49907,49938,31,W
15924,49935,49940,5,E
15912,49912,49940,28,W
15927,49942,49942,0,E
15914,49917,49942,25,W
15918,49922,49944,22,W
15920,49927,49946,19,W
15923,49932,49948,16,W
15932,49949,49950,1,E
15926,49937,49950,13,W
15928,49942,49952,10,W
15931,49947,49954,7,W
15935,49956,49956,0,E
15933,49952,49956,4,W
15936,49957,49958,1,W
15938,49962,49962,0,W
15940,49963,49964,1,E
15941,49967,49968,1,W
15942,49970,49970,0,E
15944,49972,49972,0,W
15946,49977,49978,1,E
15947,49977,49978,1,W
15950,49984,50040,56,E
15949,49982,50040,58,W
15954,49991,50042,51,E
15951,49987,50042,55,W
15957,49998,50044,46,E
15955,49992,50044,52,W
15961,50005,50046,41,E
15956,49997,50046,49,W
15964,50012,50048,36,E
15960,50002,50048,46,W
15969,50019,50050,31,E
15962,50007,50050,43,W
15972,50026,50052,26,E
15965,50012,50052,40,W
15976,50033,50054,21,E
15968,50017,50054,37,W
15979,50040,50056,16,E
15970,50022,50056,34,W
15983,50047,50058,11,E
15973,50027,50058,31,W
15987,50054,50060,6,E
15975,50032,50060,28,W
15990,50061,50062,1,E
15978,50037,50062,25,W
15980,50042,50064,22,W
15984,50047,50066,19,W
15994,50068,50068,0,E
15985,50052,50068,16,W
15988,50057,50070,13,W
15992,50062,50072,10,W
15993,50067,50074,7,W
15998,50075,50076,1,E
15997,50072,50076,4,W
15999,50077,50078,1,W
16001,50082,50082,0,E
16002,50082,50082,0,W
16004,50087,50088,1,W
16006,50089,50090,1,E
16007,50092,50092,0,W
16008,50096,50096,0,E
16009,50097,50098,1,W
16013,50103,50160,57,E
16012,50102,50160,58,W
16016,50110,50162,52,E
16015,50107,50162,55,W
16020,50117,50164,47,E
16017,50112,50164,52,W
16023,50124,50166,42,E
16021,50117,50166,49,W
16027,50131,50168,37,E
16022,50122,50168,46,W
16031,50138,50170,32,E
16025,50127,50170,43,W
16035,50145,50172,27,E
16028,50132,50172,40,W
16038,50152,50174,22,E
16030,50137,50174,37,W
16042,50159,50176,17,E
16033,50142,50176,34,W
16045,50166,50178,12,E
16036,50147,50178,31,W
16050,50173,50180,7,E
16039,50152,50180,28,W
16053,50180,50182,2,E
16041,50157,50182,25,W
16044,50162,50184,22,W
16046,50167,50186,19,W
16056,50187,50188,1,E
16049,50172,50188,16,W
16051,50177,50190,13,W
16054,50182,50192,10,W
16060,50194,50194,0,E
16057,50187,50194,7,W
16059,50192,50196,4,W
16062,50197,50198,1,W
16064,50201,50202,1,E
16065,50202,50202,0,W
16068,50208,50208,0,E
16067,50207,50208,1,W
16070,50212,50212,0,W
16072,50215,50216,1,E
16073,50217,50218,1,W
16074,50222,50280,58,E
16075,50222,50280,58,W
16079,50229,50282,53,E
16078,50227,50282,55,W
16082,50236,50284,48,E
16080,50232,50284,52,W
16087,50243,50286,43,E
16083,50237,50286,49,W
16089,50250,50288,38,E
16086,50242,50288,46,W
16093,50257,50290,33,E
16088,50247,50290,43,W
16097,50264,50292,28,E
16091,50252,50292,40,W
16101,50271,50294,23,E
16094,50257,50294,37,W
16105,50278,50296,18,E
16096,50262,50296,34,W
16108,50285,50298,13,E
16098,50267,50298,31,W
16111,50292,50300,8,E
16102,50272,50300,28,W
16116,50299,50302,3,E
16103,50277,50302,25,W
16107,50282,50304,22,W
16119,50306,50306,0,E
16110,50287,50306,19,W
16112,50292,50308,16,W
16115,50297,50310,13,W
16117,50302,50312,10,W
16123,50313,50314,1,E
16120,50307,50314,7,W
16122,50312,50316,4,W
16125,50317,50318,1,W
16126,50320,50320,0,E
16127,50322,50322,0,W
16130,50327,50328,1,E
16131,50327,50328,1,W
16133,50332,50332,0,W
16134,50334,50334,0,E
16135,50337,50338,1,W
16138,50341,50400,59,E
16139,50342,50400,58,W
16141,50348,50402,54,E
16140,50347,50402,55,W
16145,50355,50404,49,E
16144,50352,50404,52,W
16148,50362,50406,44,E
16146,50357,50406,49,W
16153,50369,50408,39,E
16149,50362,50408,46,W
16155,50376,50410,34,E
16151,50367,50410,43,W
16160,50383,50412,29,E
16154,50372,50412,40,W
16163,50390,50414,24,E
16157,50377,50414,37,W
16167,50397,50416,19,E
16159,50382,50416,34,W
16171,50404,50418,14,E
16162,50387,50418,31,W
16174,50410,50420,10,E
16164,50392,50420,28,W
16177,50416,50422,6,E
16168,50397,50422,25,W
16181,50422,50424,2,E
16169,50402,50424,22,W
16172,50407,50426,19,W
16185,50428,50428,0,E
16176,50412,50428,16,W
16178,50417,50430,13,W
16182,50422,50432,10,W
16188,50434,50434,0,E
16183,50427,50434,7,W
16186,50432,50436,4,W
16190,50437,50438,1,W
16191,50440,50440,0,E
16192,50442,50442,0,W
16194,50446,50446,0,E
16196,50447,50448,1,W
16198,50452,50452,0,E
16199,50452,50452,0,W
16201,50458,50458,0,E
16200,50457,50458,1,W
16205,50464,50520,56,E
16204,50462,50520,58,W
16208,50470,50522,52,E
16206,50467,50522,55,W
16212,50476,50524,48,E
16209,50472,50524,52,W
16214,50482,50526,44,E
16213,50477,50526,49,W
16219,50488,50528,40,E
16215,50482,50528,46,W
16222,50494,50530,36,E
16218,50487,50530,43,W
16226,50500,50532,32,E
16221,50492,50532,40,W
16228,50506,50534,28,E
16223,50497,50534,37,W
16232,50512,50536,24,E
16227,50502,50536,34,W
16236,50518,50538,20,E
16229,50507,50538,31,W
16239,50524,50540,16,E
16233,50512,50540,28,W
16242,50530,50542,12,E
16235,50517,50542,25,W
16245,50536,50544,8,E
16237,50522,50544,22,W
16249,50542,50546,4,E
16241,50527,50546,19,W
16253,50548,50548,0,E
16244,50532,50548,16,W
16246,50537,50550,13,W
16250,50542,50552,10,W
16256,50554,50554,0,E
16251,50547,50554,7,W
16255,50552,50556,4,W
16258,50557,50558,1,W
16259,50560,50560,0,E
16260,50562,50562,0,W
16263,50566,50566,0,E
16264,50567,50568,1,W
16266,50572,50572,0,E
16267,50572,50572,0,W
16270,50578,50578,0,E
16269,50577,50578,1,W
16273,50584,50640,56,E
16272,50582,50640,58,W
16277,50590,50642,52,E
16274,50587,50642,55,W
16280,50596,50644,48,E
16278,50592,50644,52,W
16282,50602,50646,44,E
16281,50597,50646,49,W
16287,50608,50648,40,E
16283,50602,50648,46,W
16290,50614,50650,36,E
16286,50607,50650,43,W
16294,50620,50652,32,E
16289,50612,50652,40,W
16296,50626,50654,28,E
16292,50617,50654,37,W
16300,50632,50656,24,E
16295,50622,50656,34,W
16304,50638,50658,20,E
16297,50627,50658,31,W
16308,50644,50660,16,E
16301,50632,50660,28,W
16310,50650,50662,12,E
16303,50637,50662,25,W
16314,50656,50664,8,E
16306,50642,50664,22,W
16317,50662,50666,4,E
16309,50647,50666,19,W
16322,50668,50668,0,E
16312,50652,50668,16,W
16315,50657,50670,13,W
16318,50662,50672,10,W
16324,50674,50674,0,E
16319,50667,50674,7,W
16323,50672,50676,4,W
16326,50677,50678,1,W
16327,50680,50680,0,E
16329,50682,50682,0,W
16331,50686,50686,0,E
16332,50687,50688,1,W
16334,50692,50692,0,E
16335,50692,50692,0,W
16338,50698,50698,0,E
16337,50697,50698,1,W
16341,50704,50760,56,E
16340,50702,50760,58,W
16345,50710,50762,52,E
16343,50707,50762,55,W
16348,50716,50764,48,E
16346,50712,50764,52,W
16351,50722,50766,44,E
16349,50717,50766,49,W
16355,50728,50768,40,E
16352,50722,50768,46,W
16359,50734,50770,36,E
16354,50727,50770,43,W
16362,50740,50772,32,E
16357,50732,50772,40,W
16365,50746,50774,28,E
16360,50737,50774,37,W
16368,50752,50776,24,E
16363,50742,50776,34,W
16372,50758,50778,20,E
16366,50747,50778,31,W
16376,50764,50780,16,E
16369,50752,50780,28,W
16378,50770,50782,12,E
16371,50757,50782,25,W
16382,50776,50784,8,E
16374,50762,50784,22,W
16385,50782,50786,4,E
16377,50767,50786,19,W
16390,50788,50788,0,E
16381,50772,50788,16,W
16383,50777,50790,13,W
16386,50782,50792,10,W
16392,50794,50794,0,E
16388,50787,50794,7,W
16391,50792,50796,4,W
16394,50797,50798,1,W
16396,50800,50800,0,E
16397,50802,50802,0,W
16399,50806,50806,0,E
16400,50807,50808,1,W
16403,50812,50812,0,E
16404,50812,50812,0,W
16406,50818,50818,0,E
16405,50817,50818,1,W
16410,50824,50880,56,E
16408,50822,50880,58,W
16413,50830,50882,52,E
16411,50827,50882,55,W
16416,50836,50884,48,E
16414,50832,50884,52,W
16419,50842,50886,44,E
16418,50837,50886,49,W
16423,50848,50888,40,E
16420,50842,50888,46,W
16427,50854,50890,36,E
16422,50847,50890,43,W
16430,50860,50892,32,E
16426,50852,50892,40,W
16433,50866,50894,28,E
16428,50857,50894,37,W
16436,50872,50896,24,E
16431,50862,50896,34,W
16441,50878,50898,20,E
16434,50867,50898,31,W
16444,50884,50900,16,E
16437,50872,50900,28,W
16447,50890,50902,12,E
16440,50877,50902,25,W
16450,50896,50904,8,E
16442,50882,50904,22,W
16454,50902,50906,4,E
16445,50887,50906,19,W
16458,50908,50908,0,E
16449,50892,50908,16,W
16451,50897,50910,13,W
16455,50902,50912,10,W
16460,50914,50914,0,E
16456,50907,50914,7,W
16459,50912,50916,4,W
16463,50917,50918,1,W
16464,50920,50920,0,E
16465,50922,50922,0,W
16467,50926,50926,0,E
16468,50927,50928,1,W
16471,50932,50932,0,E
16472,50932,50932,0,W
16474,50938,50938,0,E
16473,50937,50938,1,W
16478,50944,51000,56,E
16477,50942,51000,58,W
16481,50950,51002,52,E
16479,50947,51002,55,W
16485,50956,51004,48,E
16482,50952,51004,52,W
16487,50962,51006,44,E
16486,50957,51006,49,W
16492,50968,51008,40,E
16488,50962,51008,46,W
16495,50974,51010,36,E
16491,50967,51010,43,W
16499,50980,51012,32,E
16494,50972,51012,40,W
16501,50986,51014,28,E
16496,50977,51014,37,W
16504,50992,51016,24,E
16500,50982,51016,34,W
16509,50998,51018,20,E
16502,50987,51018,31,W
16512,51004,51020,16,E
16505,50992,51020,28,W
16515,51010,51022,12,E
16508,50997,51022,25,W
16518,51016,51024,8,E
16510,51002,51024,22,W
16522,51022,51026,4,E
16514,51007,51026,19,W
16526,51028,51028,0,E
16517,51012,51028,16,W
16519,51017,51030,13,W
16523,51022,51032,10,W
16529,51034,51034,0,E
16524,51027,51034,7,W
16528,51032,51036,4,W
16531,51037,51038,1,W
16532,51040,51040,0,E
16533,51042,51042,0,W
16536,51046,51046,0,E
16537,51047,51048,1,W
16539,51052,51052,0,E
16540,51052,51052,0,W
16543,51058,51058,0,E
16541,51057,51058,1,W
16546,51064,51120,56,E
16545,51062,51120,58,W
16549,51070,51122,52,E
16547,51067,51122,55,W
16553,51076,51124,48,E
16551,51072,51124,52,W
16555,51082,51126,44,E
16554,51077,51126,49,W
16560,51088,51128,40,E
16556,51082,51128,46,W
16563,51094,51130,36,E
16559,51087,51130,43,W
16567,51100,51132,32,E
16562,51092,51132,40,W
16569,51106,51134,28,E
16565,51097,51134,37,W
16573,51112,51136,24,E
16568,51102,51136,34,W
16577,51118,51138,20,E
16570,51107,51138,31,W
16581,51124,51140,16,E
16574,51112,51140,28,W
16583,51130,51142,12,E
16576,51117,51142,25,W
16587,51136,51144,8,E
16578,51122,51144,22,W
16590,51142,51146,4,E
16582,51127,51146,19,W
16594,51148,51148,0,E
16585,51132,51148,16,W
16588,51137,51150,13,W
16591,51142,51152,10,W
16597,51154,51154,0,E
16592,51147,51154,7,W
16596,51152,51156,4,W
16599,51157,51158,1,W
16600,51160,51160,0,E
16602,51162,51162,0,W
16604,51166,51166,0,E
16605,51167,51168,1,W
16607,51172,51172,0,E
16608,51172,51172,0,W
16611,51178,51178,0,E
16610,51177,51178,1,W
16614,51184,51240,56,E
16613,51182,51240,58,W
16618,51190,51242,52,E
16615,51187,51242,55,W
16621,51196,51244,48,E
16619,51192,51244,52,W
16624,51202,51246,44,E
16622,51197,51246,49,W
16628,51208,51248,40,E
16625,51202,51248,46,W
16632,51214,51250,36,E
16627,51207,51250,43,W
16635,51220,51252,32,E
16630,51212,51252,40,W
16637,51226,51254,28,E
16633,51217,51254,37,W
16641,51232,51256,24,E
16636,51222,51256,34,W
16645,51238,51258,20,E
16639,51227,51258,31,W
16649,51244,51260,16,E
16642,51232,51260,28,W
16651,51250,51262,12,E
16644,51237,51262,25,W
16655,51256,51264,8,E
16647,51242,51264,22,W
16658,51262,51266,4,E
16650,51247,51266,19,W
16663,51268,51268,0,E
16653,51252,51268,16,W
16656,51257,51270,13,W
16659,51262,51272,10,W
16665,51274,51274,0,E
16661,51267,51274,7,W
16664,51272,51276,4,W
16667,51277,51278,1,W
16669,51280,51280,0,E
16670,51282,51282,0,W
16672,51286,51286,0,E
16673,51287,51288,1,W
16676,51292,51292,0,E
16677,51292,51292,0,W
16679,51298,51298,0,E
16678,51297,51298,1,W
16682,51304,51360,56,E
16681,51302,51360,58,W
16686,51310,51362,52,E
16684,51307,51362,55,W
16689,51316,51364,48,E
16687,51312,51364,52,W
16692,51322,51366,44,E
16690,51317,51366,49,W
16696,51328,51368,40,E
16693,51322,51368,46,W
16700,51334,51370,36,E
16695,51327,51370,43,W
16703,51340,51372,32,E
16699,51332,51372,40,W
16706,51346,51374,28,E
16701,51337,51374,37,W
16709,51352,51376,24,E
16704,51342,51376,34,W
16714,51358,51378,20,E
16707,51347,51378,31,W
16717,51364,51380,16,E
16710,51352,51380,28,W
16720,51370,51382,12,E
16713,51357,51382,25,W
16723,51376,51384,8,E
16715,51362,51384,22,W
16726,51382,51386,4,E
16718,51367,51386,19,W
16731,51388,51388,0,E
16722,51372,51388,16,W
16724,51377,51390,13,W
16727,51382,51392,10,W
16733,51394,51394,0,E
16729,51387,51394,7,W
16732,51392,51396,4,W
16736,51397,51398,1,W
16737,51400,51400,0,E
16738,51402,51402,0,W
16740,51406,51406,0,E
16741,51407,51408,1,W
16744,51412,51412,0,E
16745,51412,51412,0,W
16747,51418,51418,0,E
16746,51417,51418,1,W
16751,51424,51480,56,E
16750,51422,51480,58,W
16754,51430,51482,52,E
16752,51427,51482,55,W
16758,51436,51484,48,E
16755,51432,51484,52,W
16760,51442,51486,44,E
16759,51437,51486,49,W
16765,51448,51488,40,E
16761,51442,51488,46,W
16768,51454,51490,36,E
16763,51447,51490,43,W
16771,51460,51492,32,E
16767,51452,51492,40,W
16774,51466,51494,28,E
16769,51457,51494,37,W
16777,51472,51496,24,E
16773,51462,51496,34,W
16782,51478,51498,20,E
16775,51467,51498,31,W
16785,51484,51500,16,E
16778,51472,51500,28,W
16788,51490,51502,12,E
16781,51477,51502,25,W
16791,51496,51504,8,E
16783,51482,51504,22,W
16795,51502,51506,4,E
16787,51487,51506,19,W
16799,51508,51508,0,E
16790,51492,51508,16,W
16792,51497,51510,13,W
16796,51502,51512,10,W
16802,51514,51514,0,E
16797,51507,51514,7,W
16800,51512,51516,4,W
16804,51517,51518,1,W
16805,51520,51520,0,E
16806,51522,51522,0,W
16809,51526,51526,0,E
16810,51527,51528,1,W
16812,51532,51532,0,E
16813,51532,51532,0,W
16815,51538,51538,0,E
16814,51537,51538,1,W
16819,51544,51600,56,E
16818,51542,51600,58,W
16822,51550,51602,52,E
16820,51547,51602,55,W
16826,51556,51604,48,E
16824,51552,51604,52,W
16828,51562,51606,44,E
16827,51557,51606,49,W
16833,51568,51608,40,E
16829,51562,51608,46,W
16836,51574,51610,36,E
16832,51567,51610,43,W
16840,51580,51612,32,E
16835,51572,51612,40,W
16842,51586,51614,28,E
16837,51577,51614,37,W
16846,51592,51616,24,E
16841,51582,51616,34,W
16850,51598,51618,20,E
16843,51587,51618,31,W
16854,51604,51620,16,E
16847,51592,51620,28,W
16856,51610,51622,12,E
16849,51597,51622,25,W
16859,51616,51624,8,E
16851,51602,51624,22,W
16863,51622,51626,4,E
16855,51607,51626,19,W
16867,51628,51628,0,E
16858,51612,51628,16,W
16861,51617,51630,13,W
16864,51622,51632,10,W
16870,51634,51634,0,E
16865,51627,51634,7,W
16869,51632,51636,4,W
16872,51637,51638,1,W
16873,51640,51640,0,E
16874,51642,51642,0,W
16877,51646,51646,0,E
16878,51647,51648,1,W
16880,51652,51652,0,E
16881,51652,51652,0,W
16884,51658,51658,0,E
16883,51657,51658,1,W
16887,51664,51720,56,E
16886,51662,51720,58,W
16891,51670,51722,52,E
16888,51667,51722,55,W
16894,51676,51724,48,E
16892,51672,51724,52,W
16897,51682,51726,44,E
16895,51677,51726,49,W
16901,51688,51728,40,E
16898,51682,51728,46,W
16904,51694,51730,36,E
16900,51687,51730,43,W
16908,51700,51732,32,E
16903,51692,51732,40,W
16910,51706,51734,28,E
16906,51697,51734,37,W
16914,51712,51736,24,E
16909,51702,51736,34,W
16918,51718,51738,20,E
16911,51707,51738,31,W
16922,51724,51740,16,E
16915,51712,51740,28,W
16924,51730,51742,12,E
16917,51717,51742,25,W
16928,51736,51744,8,E
16920,51722,51744,22,W
16931,51742,51746,4,E
16923,51727,51746,19,W
16936,51748,51748,0,E
16926,51732,51748,16,W
16929,51737,51750,13,W
16932,51742,51752,10,W
16938,51754,51754,0,E
16934,51747,51754,7,W
16937,51752,51756,4,W
16940,51757,51758,1,W
16942,51760,51760,0,E
16943,51762,51762,0,W
16945,51766,51766,0,E
16946,51767,51768,1,W
16948,51772,51772,0,E
16949,51772,51772,0,W
16952,51778,51778,0,E
16951,51777,51778,1,W
16955,51784,51840,56,E
16954,51782,51840,58,W
16959,51790,51842,52,E
16957,51787,51842,55,W
16962,51796,51844,48,E
16960,51792,51844,52,W
16965,51802,51846,44,E
16963,51797,51846,49,W
16969,51808,51848,40,E
16966,51802,51848,46,W
16973,51814,51850,36,E
16968,51807,51850,43,W
16976,51820,51852,32,E
16972,51812,51852,40,W
16979,51826,51854,28,E
16974,51817,51854,37,W
16982,51832,51856,24,E
16977,51822,51856,34,W
16987,51838,51858,20,E
16980,51827,51858,31,W
16990,51844,51860,16,E
16983,51832,51860,28,W
16992,51850,51862,12,E
16985,51837,51862,25,W
16996,51856,51864,8,E
16988,51842,51864,22,W
16999,51862,51866,4,E
16991,51847,51866,19,W
17004,51868,51868,0,E
16995,51852,51868,16,W
16997,51857,51870,13,W
17000,51862,51872,10,W
17006,51874,51874,0,E
17002,51867,51874,7,W
17005,51872,51876,4,W
17009,51877,51878,1,W
17010,51880,51880,0,E
17011,51882,51882,0,W
17013,51886,51886,0,E
17014,51887,51888,1,W
17017,51892,51892,0,E
17018,51892,51892,0,W
17020,51898,51898,0,E
17019,51897,51898,1,W
17024,51904,51960,56,E
17022,51902,51960,58,W
17027,51910,51962,52,E
17025,51907,51962,55,W
17031,51916,51964,48,E
17028,51912,51964,52,W
17033,51922,51966,44,E
17032,51917,51966,49,W
17037,51928,51968,40,E
17034,51922,51968,46,W
17041,51934,51970,36,E
17036,51927,51970,43,W
17044,51940,51972,32,E
17040,51932,51972,40,W
17047,51946,51974,28,E
17042,51937,51974,37,W
17050,51952,51976,24,E
17046,51942,51976,34,W
17055,51958,51978,20,E
17048,51947,51978,31,W
17058,51964,51980,16,E
17051,51952,51980,28,W
17061,51970,51982,12,E
17054,51957,51982,25,W
17064,51976,51984,8,E
17056,51962,51984,22,W
17068,51982,51986,4,E
17059,51967,51986,19,W
17072,51988,51988,0,E
17063,51972,51988,16,W
17065,51977,51990,13,W
17069,51982,51992,10,W
17075,51994,51994,0,E
17070,51987,51994,7,W
17073,51992,51996,4,W
17077,51997,51998,1,W
17078,52000,52000,0,E
17079,52002,52002,0,W
17081,52006,52006,0,E
17083,52007,52008,1,W
17085,52012,52012,0,E
17086,52012,52012,0,W
17088,52018,52018,0,E
17087,52017,52018,1,W
17092,52024,52080,56,E
17091,52022,52080,58,W
17095,52030,52082,52,E
17093,52027,52082,55,W
17099,52036,52084,48,E
17096,52032,52084,52,W
17101,52042,52086,44,E
17100,52037,52086,49,W
17106,52048,52088,40,E
17102,52042,52088,46,W
17109,52054,52090,36,E
17105,52047,52090,43,W
17113,52060,52092,32,E
17108,52052,52092,40,W
17115,52066,52094,28,E
17110,52057,52094,37,W
17119,52072,52096,24,E
17114,52062,52096,34,W
17123,52078,52098,20,E
17116,52067,52098,31,W
17126,52084,52100,16,E
17120,52072,52100,28,W
17129,52090,52102,12,E
17122,52077,52102,25,W
17132,52096,52104,8,E
17124,52082,52104,22,W
17136,52102,52106,4,E
17128,52087,52106,19,W
17140,52108,52108,0,E
17131,52092,52108,16,W
17133,52097,52110,13,W
17137,52102,52112,10,W
17143,52114,52114,0,E
17138,52107,52114,7,W
17142,52112,52116,4,W
17145,52117,52118,1,W
17146,52120,52120,0,E
17147,52122,52122,0,W
17150,52126,52126,0,E
17151,52127,52128,1,W
17153,52132,52132,0,E
17154,52132,52132,0,W
17157,52138,52138,0,E
17156,52137,52138,1,W
17160,52144,52200,56,E
17159,52142,52200,58,W
17164,52150,52202,52,E
17161,52147,52202,55,W
17167,52156,52204,48,E
17165,52152,52204,52,W
17169,52162,52206,44,E
17168,52157,52206,49,W
17174,52168,52208,40,E
17170,52162,52208,46,W
17177,52174,52210,36,E
17173,52167,52210,43,W
17181,52180,52212,32,E
17176,52172,52212,40,W
17183,52186,52214,28,E
17179,52177,52214,37,W
17187,52192,52216,24,E
17182,52182,52216,34,W
17191,52198,52218,20,E
17184,52187,52218,31,W
17195,52204,52220,16,E
17188,52192,52220,28,W
17197,52210,52222,12,E
17190,52197,52222,25,W
17201,52216,52224,8,E
17193,52202,52224,22,W
17204,52222,52226,4,E
17196,52207,52226,19,W
17209,52228,52228,0,E
17199,52212,52228,16,W
17202,52217,52230,13,W
17205,52222,52232,10,W
17211,52234,52234,0,E
17206,52227,52234,7,W
17210,52232,52236,4,W
17213,52237,52238,1,W
17214,52240,52240,0,E
17216,52242,52242,0,W
17218,52246,52246,0,E
17219,52247,52248,1,W
17221,52252,52252,0,E
17222,52252,52252,0,W
17225,52258,52258,0,E
17224,52257,52258,1,W
17228,52264,52320,56,E
17227,52262,52320,58,W
17232,52270,52322,52,E
17230,52267,52322,55,W
17235,52276,52324,48,E
17233,52272,52324,52,W
17238,52282,52326,44,E
17236,52277,52326,49,W
17242,52288,52328,40,E
17239,52282,52328,46,W
17246,52294,52330,36,E
17241,52287,52330,43,W
17249,52300,52332,32,E
17244,52292,52332,40,W
17252,52306,52334,28,E
17247,52297,52334,37,W
17255,52312,52336,24,E
17250,52302,52336,34,W
17259,52318,52338,20,E
17253,52307,52338,31,W
17263,52324,52340,16,E
17256,52312,52340,28,W
17265,52330,52342,12,E
17258,52317,52342,25,W
17269,52336,52344,8,E
17261,52322,52344,22,W
17272,52342,52346,4,E
17264,52327,52346,19,W
17277,52348,52348,0,E
17268,52332,52348,16,W
17270,52337,52350,13,W
17273,52342,52352,10,W
17279,52354,52354,0,E
17275,52347,52354,7,W
17278,52352,52356,4,W
17281,52357,52358,1,W
17283,52360,52360,0,E
17284,52362,52362,0,W
17286,52366,52366,0,E
17287,52367,52368,1,W
17290,52372,52372,0,E
17291,52372,52372,0,W
17293,52378,52378,0,E
17292,52377,52378,1,W
17297,52384,52440,56,E
17295,52382,52440,58,W
17300,52390,52442,52,E
17298,52387,52442,55,W
17303,52396,52444,48,E
17301,52392,52444,52,W
17306,52402,52446,44,E
17305,52397,52446,49,W
17310,52408,52448,40,E
17307,52402,52448,46,W
17314,52414,52450,36,E
17309,52407,52450,43,W
17317,52420,52452,32,E
17313,52412,52452,40,W
17320,52426,52454,28,E
17315,52417,52454,37,W
17323,52432,52456,24,E
17318,52422,52456,34,W
17328,52438,52458,20,E
17321,52427,52458,31,W
17331,52444,52460,16,E
17324,52432,52460,28,W
17334,52450,52462,12,E
17327,52437,52462,25,W
17337,52456,52464,8,E
17329,52442,52464,22,W
17341,52462,52466,4,E
17332,52447,52466,19,W
17345,52468,52468,0,E
17336,52452,52468,16,W
17338,52457,52470,13,W
17342,52462,52472,10,W
17347,52474,52474,0,E
17343,52467,52474,7,W
17346,52472,52476,4,W
17350,52477,52478,1,W
17351,52480,52480,0,E
17352,52482,52482,0,W
17354,52486,52486,0,E
17355,52487,52488,1,W
17358,52492,52492,0,E
17359,52492,52492,0,W
17361,52498,52498,0,E
17360,52497,52498,1,W
17365,52504,52560,56,E
17364,52502,52560,58,W
17368,52510,52562,52,E
17366,52507,52562,55,W
17372,52516,52564,48,E
17369,52512,52564,52,W
17374,52522,52566,44,E
17373,52517,52566,49,W
17379,52528,52568,40,E
17375,52522,52568,46,W
17382,52534,52570,36,E
17378,52527,52570,43,W
17386,52540,52572,32,E
17381,52532,52572,40,W
17388,52546,52574,28,E
17383,52537,52574,37,W
17391,52552,52576,24,E
17387,52542,52576,34,W
17396,52558,52578,20,E
17389,52547,52578,31,W
17399,52564,52580,16,E
17392,52552,52580,28,W
17402,52570,52582,12,E
17395,52557,52582,25,W
17405,52576,52584,8,E
17397,52562,52584,22,W
17409,52582,52586,4,E
17401,52567,52586,19,W
17413,52588,52588,0,E
17404,52572,52588,16,W
17406,52577,52590,13,W
17410,52582,52592,10,W
17416,52594,52594,0,E
17411,52587,52594,7,W
17415,52592,52596,4,W
17418,52597,52598,1,W
17419,52600,52600,0,E
17420,52602,52602,0,W
17423,52606,52606,0,E
17424,52607,52608,1,W
17426,52612,52612,0,E
17427,52612,52612,0,W
17430,52618,52618,0,E
17428,52617,52618,1,W
17433,52624,52680,56,E
17432,52622,52680,58,W
17436,52630,52682,52,E
17434,52627,52682,55,W
17440,52636,52684,48,E
17438,52632,52684,52,W
17442,52642,52686,44,E
17441,52637,52686,49,W
17447,52648,52688,40,E
17443,52642,52688,46,W
17450,52654,52690,36,E
17446,52647,52690,43,W
17454,52660,52692,32,E
17449,52652,52692,40,W
17456,52666,52694,28,E
17452,52657,52694,37,W
17460,52672,52696,24,E
17455,52662,52696,34,W
17464,52678,52698,20,E
17457,52667,52698,31,W
17468,52684,52700,16,E
17461,52672,52700,28,W
17470,52690,52702,12,E
17463,52677,52702,25,W
17474,52696,52704,8,E
17465,52682,52704,22,W
17477,52702,52706,4,E
17469,52687,52706,19,W
17481,52708,52708,0,E
17472,52692,52708,16,W
17475,52697,52710,13,W
17478,52702,52712,10,W
17484,52714,52714,0,E
17479,52707,52714,7,W
17483,52712,52716,4,W
17486,52717,52718,1,W
17487,52720,52720,0,E
17489,52722,52722,0,W
17491,52726,52726,0,E
17492,52727,52728,1,W
17494,52732,52732,0,E
17495,52732,52732,0,W
17498,52738,52738,0,E
17497,52737,52738,1,W
17501,52744,52800,56,E
17500,52742,52800,58,W
17505,52750,52802,52,E
17502,52747,52802,55,W
17508,52756,52804,48,E
17506,52752,52804,52,W
17511,52762,52806,44,E
17509,52757,52806,49,W
17515,52768,52808,40,E
17512,52762,52808,46,W
17519,52774,52810,36,E
17514,52767,52810,43,W
17522,52780,52812,32,E
17517,52772,52812,40,W
17524,52786,52814,28,E
17520,52777,52814,37,W
17528,52792,52816,24,E
17523,52782,52816,34,W
17532,52798,52818,20,E
17526,52787,52818,31,W
17536,52804,52820,16,E
17529,52792,52820,28,W
17538,52810,52822,12,E
17531,52797,52822,25,W
17542,52816,52824,8,E
17534,52802,52824,22,W
17545,52822,52826,4,E
17537,52807,52826,19,W
17550,52828,52828,0,E
17540,52812,52828,16,W
17543,52817,52830,13,W
17546,52822,52832,10,W
17552,52834,52834,0,E
17548,52827,52834,7,W
17551,52832,52836,4,W
17554,52837,52838,1,W
17556,52840,52840,0,E
17557,52842,52842,0,W
17559,52846,52846,0,E
17560,52847,52848,1,W
17563,52852,52852,0,E
17564,52852,52852,0,W
17566,52858,52858,0,E
17565,52857,52858,1,W
17569,52864,52920,56,E
17568,52862,52920,58,W
17573,52870,52922,52,E
17571,52867,52922,55,W
17576,52876,52924,48,E
17574,52872,52924,52,W
17579,52882,52926,44,E
17577,52877,52926,49,W
17583,52888,52928,40,E
17580,52882,52928,46,W
17587,52894,52930,36,E
17582,52887,52930,43,W
17590,52900,52932,32,E
17586,52892,52932,40,W
17593,52906,52934,28,E
17588,52897,52934,37,W
17596,52912,52936,24,E
17591,52902,52936,34,W
17601,52918,52938,20,E
17594,52907,52938,31,W
17604,52924,52940,16,E
17597,52912,52940,28,W
17607,52930,52942,12,E
17600,52917,52942,25,W
17610,52936,52944,8,E
17602,52922,52944,22,W
17613,52942,52946,4,E
17605,52927,52946,19,W
17618,52948,52948,0,E
17609,52932,52948,16,W
17611,52937,52950,13,W
17614,52942,52952,10,W
17620,52954,52954,0,E
17616,52947,52954,7,W
17619,52952,52956,4,W
17623,52957,52958,1,W
17624,52960,52960,0,E
17625,52962,52962,0,W
17627,52966,52966,0,E
17628,52967,52968,1,W
17631,52972,52972,0,E
17632,52972,52972,0,W
17634,52978,52978,0,E
17633,52977,52978,1,W
17638,52984,53040,56,E
17637,52982,53040,58,W
17641,52990,53042,52,E
17639,52987,53042,55,W
17645,52996,53044,48,E
17642,52992,53044,52,W
17647,53002,53046,44,E
17646,52997,53046,49,W
17652,53008,53048,40,E
17648,53002,53048,46,W
17655,53014,53050,36,E
17650,53007,53050,43,W
17658,53020,53052,32,E
17654,53012,53052,40,W
17661,53026,53054,28,E
17656,53017,53054,37,W
17664,53032,53056,24,E
17660,53022,53056,34,W
17669,53038,53058,20,E
17662,53027,53058,31,W
17672,53044,53060,16,E
17665,53032,53060,28,W
17675,53050,53062,12,E
17668,53037,53062,25,W
17678,53056,53064,8,E
17670,53042,53064,22,W
17682,53062,53066,4,E
17674,53047,53066,19,W
17686,53068,53068,0,E
17677,53052,53068,16,W
17679,53057,53070,13,W
17683,53062,53072,10,W
17689,53074,53074,0,E
17684,53067,53074,7,W
17687,53072,53076,4,W
17691,53077,53078,1,W
17692,53080,53080,0,E
17693,53082,53082,0,W
17696,53086,53086,0,E
17697,53087,53088,1,W
17699,53092,53092,0,E
17700,53092,53092,0,W
17702,53098,53098,0,E
17701,53097,53098,1,W
17706,53104,53160,56,E
17705,53102,53160,58,W
17709,53110,53162,52,E
17707,53107,53162,55,W
17713,53116,53164,48,E
17711,53112,53164,52,W
17715,53122,53166,44,E
17714,53117,53166,49,W
17720,53128,53168,40,E
17716,53122,53168,46,W
17723,53134,53170,36,E
17719,53127,53170,43,W
17727,53140,53172,32,E
17722,53132,53172,40,W
17729,53146,53174,28,E
17724,53137,53174,37,W
17733,53152,53176,24,E
17728,53142,53176,34,W
17737,53158,53178,20,E
17730,53147,53178,31,W
17741,53164,53180,16,E
17734,53152,53180,28,W
17743,53170,53182,12,E
17736,53157,53182,25,W
17746,53176,53184,8,E
17738,53162,53184,22,W
17750,53182,53186,4,E
17742,53167,53186,19,W
17754,53188,53188,0,E
17745,53172,53188,16,W
17748,53177,53190,13,W
17751,53182,53192,10,W
17757,53194,53194,0,E
17752,53187,53194,7,W
17756,53192,53196,4,W
17759,53197,53198,1,W
17760,53200,53200,0,E
17761,53202,53202,0,W
17764,53206,53206,0,E
17765,53207,53208,1,W
17767,53212,53212,0,E
17768,53212,53212,0,W
17771,53218,53218,0,E
17770,53217,53218,1,W
17774,53224,53280,56,E
17773,53222,53280,58,W
17778,53230,53282,52,E
17775,53227,53282,55,W
17781,53236,53284,48,E
17779,53232,53284,52,W
17784,53242,53286,44,E
17782,53237,53286,49,W
17788,53248,53288,40,E
17785,53242,53288,46,W
17791,53254,53290,36,E
17787,53247,53290,43,W
17795,53260,53292,32,E
17790,53252,53292,40,W
17797,53266,53294,28,E
17793,53257,53294,37,W
17801,53272,53296,24,E
17796,53262,53296,34,W
17805,53278,53298,20,E
17798,53267,53298,31,W
17809,53284,53300,16,E
17802,53272,53300,28,W
17811,53290,53302,12,E
17804,53277,53302,25,W
17815,53296,53304,8,E
17807,53282,53304,22,W
17818,53302,53306,4,E
17810,53287,53306,19,W
17823,53308,53308,0,E
17813,53292,53308,16,W
17816,53297,53310,13,W
17819,53302,53312,10,W
17825,53314,53314,0,E
17821,53307,53314,7,W
17824,53312,53316,4,W
17827,53317,53318,1,W
17829,53320,53320,0,E
17830,53322,53322,0,W
17832,53326,53326,0,E
17833,53327,53328,1,W
17835,53332,53332,0,E
17836,53332,53332,0,W
17839,53338,53338,0,E
17838,53337,53338,1,W
17842,53344,53400,56,E
17841,53342,53400,58,W
17846,53350,53402,52,E
17844,53347,53402,55,W
17849,53356,53404,48,E
17847,53352,53404,52,W
17852,53362,53406,44,E
17850,53357,53406,49,W
17856,53368,53408,40,E
17853,53362,53408,46,W
17860,53374,53410,36,E
17855,53367,53410,43,W
17863,53380,53412,32,E
17859,53372,53412,40,W
17866,53386,53414,28,E
17861,53377,53414,37,W
17869,53392,53416,24,E
17864,53382,53416,34,W
17874,53398,53418,20,E
17867,53387,53418,31,W
17877,53404,53420,16,E
17870,53392,53420,28,W
17879,53410,53422,12,E
17872,53397,53422,25,W
17883,53416,53424,8,E
17875,53402,53424,22,W
17886,53422,53426,4,E
17878,53407,53426,19,W
17891,53428,53428,0,E
17882,53412,53428,16,W
17884,53417,53430,13,W
17887,53422,53432,10,W
17893,53434,53434,0,E
17889,53427,53434,7,W
17892,53432,53436,4,W
17896,53437,53438,1,W
17897,53440,53440,0,E
17898,53442,53442,0,W
17900,53446,53446,0,E
17901,53447,53448,1,W
17904,53452,53452,0,E
17905,53452,53452,0,W
17907,53458,53458,0,E
17906,53457,53458,1,W
17911,53464,53520,56,E
17909,53462,53520,58,W
17914,53470,53522,52,E
17912,53467,53522,55,W
17918,53476,53524,48,E
17915,53472,53524,52,W
17920,53482,53526,44,E
17919,53477,53526,49,W
17924,53488,53528,40,E
17921,53482,53528,46,W
17928,53494,53530,36,E
17923,53487,53530,43,W
17931,53500,53532,32,E
17927,53492,53532,40,W
17934,53506,53534,28,E
17929,53497,53534,37,W
17937,53512,53536,24,E
17933,53502,53536,34,W
17942,53518,53538,20,E
17935,53507,53538,31,W
17945,53524,53540,16,E
17938,53512,53540,28,W
17948,53530,53542,12,E
17941,53517,53542,25,W
17951,53536,53544,8,E
17943,53522,53544,22,W
17955,53542,53546,4,E
17946,53527,53546,19,W
17959,53548,53548,0,E
17950,53532,53548,16,W
17952,53537,53550,13,W
17956,53542,53552,10,W
17962,53554,53554,0,E
17957,53547,53554,7,W
17960,53552,53556,4,W
17964,53557,53558,1,W
17965,53560,53560,0,E
17966,53562,53562,0,W
17968,53566,53566,0,E
17970,53567,53568,1,W
17972,53572,53572,0,E
17973,53572,53572,0,W
17975,53578,53578,0,E
17974,53577,53578,1,W
17979,53584,53640,56,E
17978,53582,53640,58,W
17982,53590,53642,52,E
17980,53587,53642,55,W
17986,53596,53644,48,E
17983,53592,53644,52,W
17988,53602,53646,44,E
17987,53597,53646,49,W
17993,53608,53648,40,E
17989,53602,53648,46,W
17996,53614,53650,36,E
17992,53607,53650,43,W
18000,53620,53652,32,E
17995,53612,53652,40,W
18002,53626,53654,28,E
17997,53617,53654,37,W
18006,53632,53656,24,E
18001,53622,53656,34,W
18010,53638,53658,20,E
18003,53627,53658,31,W
18013,53644,53660,16,E
18007,53632,53660,28,W
18016,53650,53662,12,E
18009,53637,53662,25,W
18019,53656,53664,8,E
18011,53642,53664,22,W
18023,53662,53666,4,E
18015,53647,53666,19,W
18027,53668,53668,0,E
18018,53652,53668,16,W
18020,53657,53670,13,W
18024,53662,53672,10,W
18030,53674,53674,0,E
18025,53667,53674,7,W
18029,53672,53676,4,W
18032,53677,53678,1,W
18033,53680,53680,0,E
18034,53682,53682,0,W
18037,53686,53686,0,E
18038,53687,53688,1,W
18040,53692,53692,0,E
18041,53692,53692,0,W
18044,53698,53698,0,E
18043,53697,53698,1,W
18047,53704,53760,56,E
18046,53702,53760,58,W
18051,53710,53762,52,E
18048,53707,53762,55,W
18054,53716,53764,48,E
18052,53712,53764,52,W
18056,53722,53766,44,E
18055,53717,53766,49,W
18061,53728,53768,40,E
18057,53722,53768,46,W
18064,53734,53770,36,E
18060,53727,53770,43,W
18068,53740,53772,32,E
18063,53732,53772,40,W
18070,53746,53774,28,E
18066,53737,53774,37,W
18074,53752,53776,24,E
18069,53742,53776,34,W
18078,53758,53778,20,E
18071,53747,53778,31,W
18082,53764,53780,16,E
18075,53752,53780,28,W
18084,53770,53782,12,E
18077,53757,53782,25,W
18088,53776,53784,8,E
18080,53762,53784,22,W
18091,53782,53786,4,E
18083,53767,53786,19,W
18096,53788,53788,0,E
18086,53772,53788,16,W
18089,53777,53790,13,W
18092,53782,53792,10,W
18098,53794,53794,0,E
18093,53787,53794,7,W
18097,53792,53796,4,W
18100,53797,53798,1,W
18101,53800,53800,0,E
18103,53802,53802,0,W
18105,53806,53806,0,E
18106,53807,53808,1,W
18108,53812,53812,0,E
18109,53812,53812,0,W
18112,53818,53818,0,E
18111,53817,53818,1,W
18115,53824,53880,56,E
18114,53822,53880,58,W
18119,53830,53882,52,E
18117,53827,53882,55,W
18122,53836,53884,48,E
18120,53832,53884,52,W
18125,53842,53886,44,E
18123,53837,53886,49,W
18129,53848,53888,40,E
18126,53842,53888,46,W
18133,53854,53890,36,E
18128,53847,53890,43,W
18136,53860,53892,32,E
18131,53852,53892,40,W
18139,53866,53894,28,E
18134,53857,53894,37,W
18142,53872,53896,24,E
18137,53862,53896,34,W
18146,53878,53898,20,E
18140,53867,53898,31,W
18150,53884,53900,16,E
18143,53872,53900,28,W
18152,53890,53902,12,E
18145,53877,53902,25,W
18156,53896,53904,8,E
18148,53882,53904,22,W
18159,53902,53906,4,E
18151,53887,53906,19,W
18164,53908,53908,0,E
18155,53892,53908,16,W
18157,53897,53910,13,W
18160,53902,53912,10,W
18166,53914,53914,0,E
18162,53907,53914,7,W
18165,53912,53916,4,W
18168,53917,53918,1,W
18170,53920,53920,0,E
18171,53922,53922,0,W
18173,53926,53926,0,E
18174,53927,53928,1,W
18177,53932,53932,0,E
18178,53932,53932,0,W
18180,53938,53938,0,E
18179,53937,53938,1,W
18184,53944,54000,56,E
18182,53942,54000,58,W
18187,53950,54002,52,E
18185,53947,54002,55,W
18190,53956,54004,48,E
18188,53952,54004,52,W
18193,53962,54006,44,E
18192,53957,54006,49,W
18197,53968,54008,40,E
18194,53962,54008,46,W
18201,53974,54010,36,E
18196,53967,54010,43,W
18204,53980,54012,32,E
18200,53972,54012,40,W
18207,53986,54014,28,E
18202,53977,54014,37,W
18210,53992,54016,24,E
18205,53982,54016,34,W
18215,53998,54018,20,E
18208,53987,54018,31,W
18218,54004,54020,16,E
18211,53992,54020,28,W
18221,54009,54022,13,E
18214,53997,54022,25,W
18224,54014,54024,10,E
18216,54002,54024,22,W
18228,54019,54026,7,E
18219,54006,54026,20,W
18231,54024,54028,4,E
18222,54010,54028,18,W
18234,54029,54030,1,E
18225,54014,54030,16,W
18227,54018,54032,14,W
18238,54034,54034,0,E
18230,54022,54034,12,W
18233,54026,54036,10,W
18235,54030,54038,8,W
18242,54039,54040,1,E
18239,54034,54040,6,W
18240,54038,54042,4,W
18245,54044,54044,0,E
18244,54042,54044,2,W
18247,54046,54046,0,W
18248,54049,54050,1,E
18249,54050,54050,0,W
18252,54054,54054,0,E
18253,54054,54054,0,W
18254,54058,54058,0,W
18255,54059,54120,61,E
18257,54062,54120,58,W
18259,54064,54122,58,E
18260,54066,54122,56,W
18262,54069,54124,55,E
18263,54070,54124,54,W
18265,54074,54126,52,E
18266,54074,54126,52,W
18269,54079,54128,49,E
18268,54078,54128,50,W
18272,54084,54130,46,E
18271,54082,54130,48,W
18276,54089,54132,43,E
18274,54086,54132,46,W
18278,54094,54134,40,E
18277,54090,54134,44,W
18283,54099,54136,37,E
18279,54094,54136,42,W
18286,54104,54138,34,E
18282,54098,54138,40,W
18290,54109,54140,31,E
18285,54102,54140,38,W
18292,54114,54142,28,E
18287,54106,54142,36,W
18297,54119,54144,25,E
18291,54110,54144,34,W
18300,54124,54146,22,E
18293,54114,54146,32,W
18302,54129,54148,19,E
18295,54118,54148,30,W
18306,54134,54150,16,E
18298,54122,54150,28,W
18310,54139,54152,13,E
18301,54126,54152,26,W
18314,54144,54154,10,E
18305,54130,54154,24,W
18316,54149,54156,7,E
18307,54134,54156,22,W
18320,54154,54158,4,E
18309,54138,54158,20,W
18324,54159,54160,1,E
18312,54142,54160,18,W
18315,54146,54162,16,W
18327,54164,54164,0,E
18317,54150,54164,14,W
18321,54154,54166,12,W
18323,54158,54168,10,W
18330,54169,54170,1,E
18325,54162,54170,8,W
18329,54166,54172,6,W
18334,54174,54174,0,E
18331,54170,54174,4,W
18335,54174,54176,2,W
18336,54178,54178,0,W
18338,54179,54240,61,E
18339,54182,54240,58,W
18340,54184,54242,58,E
18343,54186,54242,56,W
18344,54189,54244,55,E
18345,54190,54244,54,W
18347,54194,54246,52,E
18348,54194,54246,52,W
18351,54199,54248,49,E
18350,54198,54248,50,W
18354,54204,54250,46,E
18353,54202,54250,48,W
18358,54209,54252,43,E
18355,54206,54252,46,W
18361,54214,54254,40,E
18359,54210,54254,44,W
18365,54219,54256,37,E
18362,54214,54256,42,W
18368,54224,54258,34,E
18364,54218,54258,40,W
18372,54229,54260,31,E
18367,54222,54260,38,W
18374,54234,54262,28,E
18369,54226,54262,36,W
18378,54239,54264,25,E
18373,54230,54264,34,W
18382,54244,54266,22,E
18375,54234,54266,32,W
18385,54249,54268,19,E
18377,54238,54268,30,W
18388,54254,54270,16,E
18381,54242,54270,28,W
18392,54259,54272,13,E
18383,54246,54272,26,W
18396,54264,54274,10,E
18386,54250,54274,24,W
18398,54269,54276,7,E
18389,54254,54276,22,W
18402,54274,54278,4,E
18391,54258,54278,20,W
18406,54279,54280,1,E
18394,54262,54280,18,W
18397,54266,54282,16,W
18410,54284,54284,0,E
18400,54270,54284,14,W
18403,54274,54286,12,W
18405,54278,54288,10,W
18412,54289,54290,1,E
18407,54282,54290,8,W
18411,54286,54292,6,W
18415,54294,54294,0,E
18413,54290,54294,4,W
18416,54294,54296,2,W
18419,54298,54298,0,W
18420,54299,54360,61,E
18421,54302,54360,58,W
18422,54304,54362,58,E
18425,54306,54362,56,W
18426,54309,54364,55,E
18427,54310,54364,54,W
18429,54314,54366,52,E
18430,54314,54366,52,W
18434,54319,54368,49,E
18432,54318,54368,50,W
18436,54324,54370,46,E
18435,54322,54370,48,W
18440,54329,54372,43,E
18438,54326,54372,46,W
18443,54334,54374,40,E
18441,54330,54374,44,W
18447,54339,54376,37,E
18444,54334,54376,42,W
18450,54344,54378,34,E
18445,54338,54378,40,W
18453,54349,54380,31,E
18449,54342,54380,38,W
18457,54354,54382,28,E
18451,54346,54382,36,W
18460,54359,54384,25,E
18455,54350,54384,34,W
18464,54364,54386,22,E
18458,54354,54386,32,W
18467,54369,54388,19,E
18459,54358,54388,30,W
18470,54374,54390,16,E
18463,54362,54390,28,W
18474,54379,54392,13,E
18465,54366,54392,26,W
18478,54384,54394,10,E
18468,54370,54394,24,W
18481,54389,54396,7,E
18471,54374,54396,22,W
18484,54394,54398,4,E
18473,54378,54398,20,W
18488,54399,54400,1,E
18476,54382,54400,18,W
18479,54386,54402,16,W
18491,54404,54404,0,E
18482,54390,54404,14,W
18485,54394,54406,12,W
18487,54398,54408,10,W
18494,54409,54410,1,E
18489,54402,54410,8,W
18493,54406,54412,6,W
18497,54414,54414,0,E
18496,54410,54414,4,W
18498,54414,54416,2,W
18501,54418,54418,0,W
18502,54419,54480,61,E
18503,54422,54480,58,W
18505,54424,54482,58,E
18506,54426,54482,56,W
18508,54429,54484,55,E
18509,54430,54484,54,W
18511,54434,54486,52,E
18512,54434,54486,52,W
18516,54439,54488,49,E
18515,54438,54488,50,W
18518,54444,54490,46,E
18517,54442,54490,48,W
18522,54449,54492,43,E
18520,54446,54492,46,W
18525,54454,54494,40,E
18523,54450,54494,44,W
18529,54459,54496,37,E
18526,54454,54496,42,W
18532,54464,54498,34,E
18527,54458,54498,40,W
18535,54469,54500,31,E
18531,54462,54500,38,W
18539,54474,54502,28,E
18534,54466,54502,36,W
18542,54479,54504,25,E
18536,54470,54504,34,W
18546,54484,54506,22,E
18540,54474,54506,32,W
18549,54489,54508,19,E
18541,54478,54508,30,W
18553,54494,54510,16,E
18545,54482,54510,28,W
18556,54499,54512,13,E
18547,54486,54512,26,W
18560,54504,54514,10,E
18550,54490,54514,24,W
18563,54509,54516,7,E
18554,54494,54516,22,W
18565,54514,54518,4,E
18555,54498,54518,20,W
18570,54519,54520,1,E
18558,54502,54520,18,W
18561,54506,54522,16,W
18573,54524,54524,0,E
18564,54510,54524,14,W
18566,54514,54526,12,W
18569,54518,54528,10,W
18577,54529,54530,1,E
18572,54522,54530,8,W
18575,54526,54532,6,W
18579,54534,54534,0,E
18578,54530,54534,4,W
18580,54534,54536,2,W
18583,54538,54538,0,W
18584,54539,54600,61,E
18585,54542,54600,58,W
18587,54544,54602,58,E
18588,54546,54602,56,W
18590,54549,54604,55,E
18592,54550,54604,54,W
18593,54554,54606,52,E
18594,54554,54606,52,W
18598,54559,54608,49,E
18596,54558,54608,50,W
18601,54564,54610,46,E
18599,54562,54610,48,W
18603,54569,54612,43,E
18602,54566,54612,46,W
18607,54574,54614,40,E
18605,54570,54614,44,W
18611,54579,54616,37,E
18608,54574,54616,42,W
18614,54584,54618,34,E
18610,54578,54618,40,W
18617,54589,54620,31,E
18613,54582,54620,38,W
18621,54594,54622,28,E
18616,54586,54622,36,W
18625,54599,54624,25,E
18618,54590,54624,34,W
18628,54604,54626,22,E
18622,54594,54626,32,W
18631,54609,54628,19,E
18623,54598,54628,30,W
18635,54614,54630,16,E
18626,54602,54630,28,W
18638,54619,54632,13,E
18630,54606,54632,26,W
18641,54624,54634,10,E
18632,54610,54634,24,W
18645,54629,54636,7,E
18636,54614,54636,22,W
18648,54634,54638,4,E
18637,54618,54638,20,W
18652,54639,54640,1,E
18640,54622,54640,18,W
18643,54626,54642,16,W
18655,54644,54644,0,E
18646,54630,54644,14,W
18649,54634,54646,12,W
18651,54638,54648,10,W
18659,54649,54650,1,E
18654,54642,54650,8,W
18656,54646,54652,6,W
18661,54654,54654,0,E
18660,54650,54654,4,W
18662,54654,54656,2,W
18665,54658,54658,0,W
18666,54659,54720,61,E
18668,54662,54720,58,W
18669,54664,54722,58,E
18670,54666,54722,56,W
18673,54669,54724,55,E
18674,54670,54724,54,W
18675,54674,54726,52,E
18676,54674,54726,52,W
18679,54679,54728,49,E
18678,54678,54728,50,W
18683,54684,54730,46,E
18681,54682,54730,48,W
18685,54689,54732,43,E
18684,54686,54732,46,W
18689,54694,54734,40,E
18687,54690,54734,44,W
18693,54699,54736,37,E
18690,54694,54736,42,W
18697,54704,54738,34,E
18692,54698,54738,40,W
18699,54709,54740,31,E
18695,54702,54740,38,W
18703,54714,54742,28,E
18698,54706,54742,36,W
18707,54719,54744,25,E
18700,54710,54744,34,W
18710,54724,54746,22,E
18704,54714,54746,32,W
18713,54729,54748,19,E
18706,54718,54748,30,W
18716,54734,54750,16,E
18708,54722,54750,28,W
18721,54739,54752,13,E
18712,54726,54752,26,W
18723,54744,54754,10,E
18714,54730,54754,24,W
18727,54749,54756,7,E
18717,54734,54756,22,W
18730,54754,54758,4,E
18719,54738,54758,20,W
18734,54759,54760,1,E
18722,54742,54760,18,W
18726,54746,54762,16,W
18737,54764,54764,0,E
18728,54750,54764,14,W
18731,54754,54766,12,W
18733,54758,54768,10,W
18741,54769,54770,1,E
18736,54762,54770,8,W
18738,54766,54772,6,W
18744,54774,54774,0,E
18742,54770,54774,4,W
18745,54774,54776,2,W
18746,54778,54778,0,W
18748,54779,54840,61,E
18750,54782,54840,58,W
18751,54784,54842,58,E
18752,54786,54842,56,W
18754,54789,54844,55,E
18756,54790,54844,54,W
18757,54794,54846,52,E
18758,54794,54846,52,W
18761,54799,54848,49,E
18760,54798,54848,50,W
18765,54804,54850,46,E
18764,54802,54850,48,W
18768,54809,54852,43,E
18766,54806,54852,46,W
18771,54814,54854,40,E
18769,54810,54854,44,W
18775,54819,54856,37,E
18772,54814,54856,42,W
18779,54824,54858,34,E
18774,54818,54858,40,W
18781,54829,54860,31,E
18776,54822,54860,38,W
18785,54834,54862,28,E
18780,54826,54862,36,W
18789,54839,54864,25,E
18783,54830,54864,34,W
18792,54844,54866,22,E
18786,54834,54866,32,W
18795,54849,54868,19,E
18788,54838,54868,30,W
18798,54854,54870,16,E
18790,54842,54870,28,W
18803,54859,54872,13,E
18794,54846,54872,26,W
18805,54864,54874,10,E
18796,54850,54874,24,W
18809,54869,54876,7,E
18799,54854,54876,22,W
18812,54874,54878,4,E
18802,54858,54878,20,W
18817,54879,54880,1,E
18804,54862,54880,18,W
18807,54866,54882,16,W
18819,54884,54884,0,E
18810,54870,54884,14,W
18813,54874,54886,12,W
18815,54878,54888,10,W
18823,54889,54890,1,E
18818,54882,54890,8,W
18821,54886,54892,6,W
18826,54894,54894,0,E
18824,54890,54894,4,W
18827,54894,54896,2,W
18828,54898,54898,0,W
18829,54899,54960,61,E
18832,54902,54960,58,W
18833,54904,54962,58,E
18834,54906,54962,56,W
18836,54909,54964,55,E
18837,54910,54964,54,W
18840,54914,54966,52,E
18841,54914,54966,52,W
18843,54919,54968,49,E
18842,54918,54968,50,W
18847,54924,54970,46,E
18846,54922,54970,48,W
18850,54929,54972,43,E
18848,54926,54972,46,W
18853,54934,54974,40,E
18851,54930,54974,44,W
18857,54939,54976,37,E
18854,54934,54976,42,W
18861,54944,54978,34,E
18856,54938,54978,40,W
18864,54949,54980,31,E
18859,54942,54980,38,W
18866,54954,54982,28,E
18862,54946,54982,36,W
18871,54959,54984,25,E
18865,54950,54984,34,W
18874,54964,54986,22,E
18867,54954,54986,32,W
18877,54969,54988,19,E
18870,54958,54988,30,W
18880,54974,54990,16,E
18872,54962,54990,28,W
18885,54979,54992,13,E
18876,54966,54992,26,W
18888,54984,54994,10,E
18879,54970,54994,24,W
18891,54989,54996,7,E
18881,54974,54996,22,W
18894,54994,54998,4,E
18884,54978,54998,20,W
18899,54999,55000,1,E
18886,54982,55000,18,W
18889,54986,55002,16,W
18901,55004,55004,0,E
18892,54990,55004,14,W
18895,54994,55006,12,W
18897,54998,55008,10,W
18904,55009,55010,1,E
18900,55002,55010,8,W
18903,55006,55012,6,W
18908,55014,55014,0,E
18906,55010,55014,4,W
18909,55014,55016,2,W
18910,55018,55018,0,W
18912,55019,55080,61,E
18914,55022,55080,58,W
18915,55024,55082,58,E
18917,55026,55082,56,W
18918,55029,55084,55,E
18919,55030,55084,54,W
18922,55034,55086,52,E
18923,55034,55086,52,W
18925,55039,55088,49,E
18924,55038,55088,50,W
18929,55044,55090,46,E
18927,55042,55090,48,W
18932,55049,55092,43,E
18930,55046,55092,46,W
18936,55054,55094,40,E
18933,55050,55094,44,W
18939,55059,55096,37,E
18937,55054,55096,42,W
18942,55064,55098,34,E
18938,55058,55098,40,W
18946,55069,55100,31,E
18941,55062,55100,38,W
18948,55074,55102,28,E
18944,55066,55102,36,W
18953,55079,55104,25,E
18947,55070,55104,34,W
18956,55084,55106,22,E
18949,55074,55106,32,W
18960,55089,55108,19,E
18952,55078,55108,30,W
18962,55094,55110,16,E
18955,55082,55110,28,W
18967,55099,55112,13,E
18957,55086,55112,26,W
18970,55104,55114,10,E
18961,55090,55114,24,W
18973,55109,55116,7,E
18963,55094,55116,22,W
18976,55114,55118,4,E
18966,55098,55118,20,W
18980,55119,55120,1,E
18968,55102,55120,18,W
18971,55106,55122,16,W
18984,55124,55124,0,E
18975,55110,55124,14,W
18977,55114,55126,12,W
18979,55118,55128,10,W
18986,55129,55130,1,E
18982,55122,55130,8,W
18985,55126,55132,6,W
18990,55134,55134,0,E
18987,55130,55134,4,W
18991,55134,55136,2,W
18993,55138,55138,0,W
18994,55139,55200,61,E
18996,55142,55200,58,W
18997,55144,55202,58,E
18999,55146,55202,56,W
19000,55149,55204,55,E
19001,55150,55204,54,W
19004,55154,55206,52,E
19005,55154,55206,52,W
19008,55159,55208,49,E
19006,55158,55208,50,W
19011,55164,55210,46,E
19009,55162,55210,48,W
19014,55169,55212,43,E
19013,55166,55212,46,W
19017,55174,55214,40,E
19015,55170,55214,44,W
19021,55179,55216,37,E
19018,55174,55216,42,W
19024,55184,55218,34,E
19020,55178,55218,40,W
19028,55189,55220,31,E
19023,55182,55220,38,W
19031,55194,55222,28,E
19026,55186,55222,36,W
19035,55199,55224,25,E
19029,55190,55224,34,W
19038,55204,55226,22,E
19032,55194,55226,32,W
19042,55209,55228,19,E
19034,55198,55228,30,W
19044,55214,55230,16,E
19037,55202,55230,28,W
19049,55219,55232,13,E
19039,55206,55232,26,W
19052,55224,55234,10,E
19043,55210,55234,24,W
19055,55229,55236,7,E
19045,55214,55236,22,W
19058,55234,55238,4,E
19047,55218,55238,20,W
19062,55239,55240,1,E
19051,55222,55240,18,W
19053,55226,55242,16,W
19066,55244,55244,0,E
19057,55230,55244,14,W
19059,55234,55246,12,W
19061,55238,55248,10,W
19068,55249,55250,1,E
19064,55242,55250,8,W
19067,55246,55252,6,W
19072,55254,55254,0,E
19070,55250,55254,4,W
19073,55254,55256,2,W
19075,55258,55258,0,W
19076,55259,55320,61,E
19077,55262,55320,58,W
19080,55264,55322,58,E
19081,55266,55322,56,W
19082,55269,55324,55,E
19083,55270,55324,54,W
19086,55274,55326,52,E
19087,55274,55326,52,W
19090,55279,55328,49,E
19089,55278,55328,50,W
19092,55284,55330,46,E
19091,55282,55330,48,W
19096,55289,55332,43,E
19095,55286,55332,46,W
19099,55294,55334,40,E
19097,55290,55334,44,W
19104,55299,55336,37,E
19100,55294,55336,42,W
19106,55304,55338,34,E
19102,55298,55338,40,W
19110,55309,55340,31,E
19105,55302,55340,38,W
19113,55314,55342,28,E
19108,55306,55342,36,W
19117,55319,55344,25,E
19111,55310,55344,34,W
19120,55324,55346,22,E
19114,55314,55346,32,W
19124,55329,55348,19,E
19116,55318,55348,30,W
19127,55334,55350,16,E
19119,55322,55350,28,W
19130,55339,55352,13,E
19121,55326,55352,26,W
19134,55344,55354,10,E
19125,55330,55354,24,W
19137,55349,55356,7,E
19128,55334,55356,22,W
19140,55354,55358,4,E
19129,55338,55358,20,W
19144,55359,55360,1,E
19133,55342,55360,18,W
19135,55346,55362,16,W
19148,55364,55364,0,E
19138,55350,55364,14,W
19141,55354,55366,12,W
19143,55358,55368,10,W
19151,55369,55370,1,E
19147,55362,55370,8,W
19149,55366,55372,6,W
19154,55374,55374,0,E
19152,55370,55374,4,W
19155,55374,55376,2,W
19157,55378,55378,0,W
19158,55379,55440,61,E
19159,55382,55440,58,W
19162,55384,55442,58,E
19163,55386,55442,56,W
19164,55389,55444,55,E
19166,55390,55444,54,W
19167,55394,55446,52,E
19168,55394,55446,52,W
19172,55399,55448,49,E
19171,55398,55448,50,W
19175,55404,55450,46,E
19173,55402,55450,48,W
19178,55409,55452,43,E
19177,55406,55452,46,W
19181,55414,55454,40,E
19179,55410,55454,44,W
19186,55419,55456,37,E
19182,55414,55456,42,W
19188,55424,55458,34,E
19185,55418,55458,40,W
19192,55429,55460,31,E
19187,55422,55460,38,W
19195,55434,55462,28,E
19190,55426,55462,36,W
19200,55439,55464,25,E
19193,55430,55464,34,W
19202,55444,55466,22,E
19196,55434,55466,32,W
19205,55449,55468,19,E
19197,55438,55468,30,W
19209,55454,55470,16,E
19201,55442,55470,28,W
19212,55459,55472,13,E
19204,55446,55472,26,W
19216,55464,55474,10,E
19207,55450,55474,24,W
19219,55469,55476,7,E
19210,55454,55476,22,W
19223,55474,55478,4,E
19211,55458,55478,20,W
19226,55479,55480,1,E
19215,55462,55480,18,W
19217,55466,55482,16,W
19230,55484,55484,0,E
19220,55470,55484,14,W
19224,55474,55486,12,W
19225,55478,55488,10,W
19233,55489,55490,1,E
19228,55482,55490,8,W
19231,55486,55492,6,W
19236,55494,55494,0,E
19234,55490,55494,4,W
19237,55494,55496,2,W
19239,55498,55498,0,W
19240,55499,55560,61,E
19242,55502,55560,58,W
19243,55504,55562,58,E
19245,55506,55562,56,W
19247,55509,55564,55,E
19248,55510,55564,54,W
19249,55514,55566,52,E
19250,55514,55566,52,W
19254,55519,55568,49,E
19253,55518,55568,50,W
19257,55524,55570,46,E
19255,55522,55570,48,W
19260,55529,55572,43,E
19258,55526,55572,46,W
19263,55534,55574,40,E
19262,55530,55574,44,W
19268,55539,55576,37,E
19264,55534,55576,42,W
19271,55544,55578,34,E
19267,55538,55578,40,W
19274,55549,55580,31,E
19269,55542,55580,38,W
19277,55554,55582,28,E
19272,55546,55582,36,W
19281,55559,55584,25,E
19275,55550,55584,34,W
19284,55564,55586,22,E
19278,55554,55586,32,W
19287,55569,55588,19,E
19280,55558,55588,30,W
19291,55574,55590,16,E
19283,55562,55590,28,W
19295,55579,55592,13,E
19286,55566,55592,26,W
19298,55584,55594,10,E
19288,55570,55594,24,W
19301,55589,55596,7,E
19292,55574,55596,22,W
19305,55594,55598,4,E
19293,55578,55598,20,W
19308,55599,55600,1,E
19297,55582,55600,18,W
19300,55586,55602,16,W
19312,55604,55604,0,E
19302,55590,55604,14,W
19306,55594,55606,12,W
19307,55598,55608,10,W
19315,55609,55610,1,E
19310,55602,55610,8,W
19313,55606,55612,6,W
19318,55614,55614,0,E
19316,55610,55614,4,W
19319,55614,55616,2,W
19321,55618,55618,0,W
19322,55619,55680,61,E
19324,55622,55680,58,W
19325,55624,55682,58,E
19327,55626,55682,56,W
19329,55629,55684,55,E
19330,55630,55684,54,W
19331,55634,55686,52,E
19332,55634,55686,52,W
19336,55639,55688,49,E
19335,55638,55688,50,W
19339,55644,55690,46,E
19338,55642,55690,48,W
19343,55649,55692,43,E
19340,55646,55692,46,W
19345,55654,55694,40,E
19344,55650,55694,44,W
19350,55659,55696,37,E
19346,55654,55696,42,W
19353,55664,55698,34,E
19348,55658,55698,40,W
19355,55669,55700,31,E
19351,55662,55700,38,W
19359,55674,55702,28,E
19354,55666,55702,36,W
19363,55679,55704,25,E
19358,55670,55704,34,W
19367,55684,55706,22,E
19360,55674,55706,32,W
19369,55689,55708,19,E
19362,55678,55708,30,W
19373,55694,55710,16,E
19365,55682,55710,28,W
19377,55699,55712,13,E
19368,55686,55712,26,W
19380,55704,55714,10,E
19370,55690,55714,24,W
19383,55709,55716,7,E
19374,55694,55716,22,W
19387,55714,55718,4,E
19376,55698,55718,20,W
19391,55719,55720,1,E
19378,55702,55720,18,W
19382,55706,55722,16,W
19393,55724,55724,0,E
19384,55710,55724,14,W
19388,55714,55726,12,W
19389,55718,55728,10,W
19397,55729,55730,1,E
19392,55722,55730,8,W
19396,55726,55732,6,W
19400,55734,55734,0,E
19398,55730,55734,4,W
19401,55734,55736,2,W
19403,55738,55738,0,W
19404,55739,55800,61,E
19406,55742,55800,58,W
19407,55744,55802,58,E
19408,55746,55802,56,W
19411,55749,55804,55,E
19412,55750,55804,54,W
19414,55754,55806,52,E
19415,55754,55806,52,W
19418,55759,55808,49,E
19417,55758,55808,50,W
19421,55764,55810,46,E
19420,55762,55810,48,W
19425,55769,55812,43,E
19422,55766,55812,46,W
19427,55774,55814,40,E
19426,55770,55814,44,W
19431,55779,55816,37,E
19428,55774,55816,42,W
19435,55784,55818,34,E
19430,55778,55818,40,W
19438,55789,55820,31,E
19434,55782,55820,38,W
19441,55794,55822,28,E
19436,55786,55822,36,W
19445,55799,55824,25,E
19439,55790,55824,34,W
19449,55804,55826,22,E
19442,55794,55826,32,W
19451,55809,55828,19,E
19444,55798,55828,30,W
19455,55814,55830,16,E
19447,55802,55830,28,W
19459,55819,55832,13,E
19450,55806,55832,26,W
19463,55824,55834,10,E
19453,55810,55834,24,W
19465,55829,55836,7,E
19456,55814,55836,22,W
19468,55834,55838,4,E
19458,55818,55838,20,W
19473,55839,55840,1,E
19460,55822,55840,18,W
19464,55826,55842,16,W
19475,55844,55844,0,E
19466,55830,55844,14,W
19469,55834,55846,12,W
19472,55838,55848,10,W
19479,55849,55850,1,E
19474,55842,55850,8,W
19478,55846,55852,6,W
19482,55854,55854,0,E
19480,55850,55854,4,W
19483,55854,55856,2,W
19485,55858,55858,0,W
19487,55859,55920,61,E
19488,55862,55920,58,W
19489,55864,55922,58,E
19491,55866,55922,56,W
19493,55869,55924,55,E
19494,55870,55924,54,W
19496,55874,55926,52,E
19497,55874,55926,52,W
19500,55879,55928,49,E
19498,55878,55928,50,W
19503,55884,55930,46,E
19502,55882,55930,48,W
19506,55889,55932,43,E
19504,55886,55932,46,W
19510,55894,55934,40,E
19508,55890,55934,44,W
19513,55899,55936,37,E
19511,55894,55936,42,W
19517,55904,55938,34,E
19512,55898,55938,40,W
19520,55909,55940,31,E
19516,55902,55940,38,W
19523,55914,55942,28,E
19518,55906,55942,36,W
19527,55919,55944,25,E
19521,55910,55944,34,W
19531,55924,55946,22,E
19524,55914,55946,32,W
19534,55929,55948,19,E
19526,55918,55948,30,W
19537,55934,55950,16,E
19529,55922,55950,28,W
19541,55939,55952,13,E
19532,55926,55952,26,W
19544,55944,55954,10,E
19535,55930,55954,24,W
19547,55949,55956,7,E
19538,55934,55956,22,W
19550,55954,55958,4,E
19540,55938,55958,20,W
19555,55959,55960,1,E
19542,55942,55960,18,W
19546,55946,55962,16,W
19558,55964,55964,0,E
19549,55950,55964,14,W
19551,55954,55966,12,W
19554,55958,55968,10,W
19561,55969,55970,1,E
19556,55962,55970,8,W
19559,55966,55972,6,W
19564,55974,55974,0,E
19562,55970,55974,4,W
19565,55974,55976,2,W
19568,55978,55978,0,W
19569,55979,56040,61,E
19570,55982,56040,58,W
19571,55984,56042,58,E
19573,55986,56042,56,W
19575,55989,56044,55,E
19576,55990,56044,54,W
19578,55994,56046,52,E
19579,55994,56046,52,W
19582,55999,56048,49,E
19580,55998,56048,50,W
19585,56004,56050,46,E
19584,56002,56050,48,W
19588,56009,56052,43,E
19587,56006,56052,46,W
19592,56014,56054,40,E
19589,56010,56054,44,W
19595,56019,56056,37,E
19593,56014,56056,42,W
19599,56024,56058,34,E
19594,56018,56058,40,W
19602,56029,56060,31,E
19598,56022,56060,38,W
19606,56034,56062,28,E
19600,56026,56062,36,W
19609,56039,56064,25,E
19603,56030,56064,34,W
19613,56044,56066,22,E
19607,56034,56066,32,W
19616,56049,56068,19,E
19608,56038,56068,30,W
19618,56054,56070,16,E
19611,56042,56070,28,W
19623,56059,56072,13,E
19614,56046,56072,26,W
19626,56064,56074,10,E
19617,56050,56074,24,W
19630,56069,56076,7,E
19619,56054,56076,22,W
19632,56074,56078,4,E
19622,56058,56078,20,W
19637,56079,56080,1,E
19625,56062,56080,18,W
19628,56066,56082,16,W
19640,56084,56084,0,E
19631,56070,56084,14,W
19633,56074,56086,12,W
19636,56078,56088,10,W
19643,56089,56090,1,E
19638,56082,56090,8,W
19641,56086,56092,6,W
19646,56094,56094,0,E
19645,56090,56094,4,W
19647,56094,56096,2,W
19649,56098,56098,0,W
19651,56099,56160,61,E
19652,56102,56160,58,W
19654,56104,56162,58,E
19655,56106,56162,56,W
19656,56109,56164,55,E
19658,56110,56164,54,W
19660,56114,56166,52,E
19661,56114,56166,52,W
19664,56119,56168,49,E
19663,56118,56168,50,W
19667,56124,56170,46,E
19666,56122,56170,48,W
19670,56129,56172,43,E
19669,56126,56172,46,W
19674,56134,56174,40,E
19671,56130,56174,44,W
19678,56139,56176,37,E
19675,56134,56176,42,W
19681,56144,56178,34,E
19676,56138,56178,40,W
19684,56149,56180,31,E
19679,56142,56180,38,W
19688,56154,56182,28,E
19683,56146,56182,36,W
19691,56159,56184,25,E
19685,56150,56184,34,W
19694,56164,56186,22,E
19689,56154,56186,32,W
19698,56169,56188,19,E
19690,56158,56188,30,W
19701,56174,56190,16,E
19693,56162,56190,28,W
19705,56179,56192,13,E
19696,56166,56192,26,W
19708,56184,56194,10,E
19699,56170,56194,24,W
19712,56189,56196,7,E
19702,56174,56196,22,W
19714,56194,56198,4,E
19704,56178,56198,20,W
19719,56199,56200,1,E
19707,56182,56200,18,W
19709,56186,56202,16,W
19722,56204,56204,0,E
19713,56190,56204,14,W
19715,56194,56206,12,W
19718,56198,56208,10,W
19726,56209,56210,1,E
19721,56202,56210,8,W
19723,56206,56212,6,W
19728,56214,56214,0,E
19727,56210,56214,4,W
19729,56214,56216,2,W
19731,56218,56218,0,W
19732,56219,56280,61,E
19734,56222,56280,58,W
19736,56224,56282,58,E
19737,56226,56282,56,W
19738,56229,56284,55,E
19740,56230,56284,54,W
19742,56234,56286,52,E
19743,56234,56286,52,W
19746,56239,56288,49,E
19745,56238,56288,50,W
19750,56244,56290,46,E
19748,56242,56290,48,W
19752,56249,56292,43,E
19751,56246,56292,46,W
19756,56254,56294,40,E
19753,56250,56294,44,W
19760,56259,56296,37,E
19757,56254,56296,42,W
19763,56264,56298,34,E
19759,56258,56298,40,W
19766,56269,56300,31,E
19761,56262,56300,38,W
19769,56274,56302,28,E
19765,56266,56302,36,W
19774,56279,56304,25,E
19767,56270,56304,34,W
19776,56284,56306,22,E
19770,56274,56306,32,W
19780,56289,56308,19,E
19772,56278,56308,30,W
19783,56294,56310,16,E
19775,56282,56310,28,W
19787,56299,56312,13,E
19779,56286,56312,26,W
19790,56304,56314,10,E
19781,56290,56314,24,W
19794,56309,56316,7,E
19784,56294,56316,22,W
19797,56314,56318,4,E
19786,56298,56318,20,W
19801,56319,56320,1,E
19789,56302,56320,18,W
19791,56306,56322,16,W
19804,56324,56324,0,E
19795,56310,56324,14,W
19798,56314,56326,12,W
19799,56318,56328,10,W
19807,56329,56330,1,E
19803,56322,56330,8,W
19805,56326,56332,6,W
19810,56334,56334,0,E
19809,56330,56334,4,W
19811,56334,56336,2,W
19813,56338,56338,0,W
19814,56339,56400,61,E
19817,56342,56400,58,W
19818,56344,56402,58,E
19819,56346,56402,56,W
19821,56349,56404,55,E
19822,56350,56404,54,W
19824,56354,56406,52,E
19825,56354,56406,52,W
19828,56359,56408,49,E
19827,56358,56408,50,W
19832,56364,56410,46,E
19829,56362,56410,48,W
19834,56369,56412,43,E
19833,56366,56412,46,W
19838,56374,56414,40,E
19836,56370,56414,44,W
19842,56379,56416,37,E
19839,56374,56416,42,W
19845,56384,56418,34,E
19841,56378,56418,40,W
19848,56389,56420,31,E
19843,56382,56420,38,W
19851,56394,56422,28,E
19847,56386,56422,36,W
19856,56399,56424,25,E
19849,56390,56424,34,W
19858,56404,56426,22,E
19852,56394,56426,32,W
19862,56409,56428,19,E
19855,56398,56428,30,W
19865,56414,56430,16,E
19857,56402,56430,28,W
19870,56419,56432,13,E
19860,56406,56432,26,W
19872,56424,56434,10,E
19863,56410,56434,24,W
19876,56429,56436,7,E
19866,56414,56436,22,W
19879,56434,56438,4,E
19868,56418,56438,20,W
19882,56439,56440,1,E
19871,56422,56440,18,W
19874,56426,56442,16,W
19886,56444,56444,0,E
19877,56430,56444,14,W
19880,56434,56446,12,W
19881,56438,56448,10,W
19889,56449,56450,1,E
19885,56442,56450,8,W
19887,56446,56452,6,W
19893,56454,56454,0,E
19890,56450,56454,4,W
19894,56454,56456,2,W
19895,56458,56458,0,W
19896,56459,56520,61,E
19899,56462,56520,58,W
19900,56464,56522,58,E
19901,56466,56522,56,W
19903,56469,56524,55,E
19904,56470,56524,54,W
19906,56474,56526,52,E
19907,56474,56526,52,W
19910,56479,56528,49,E
19909,56478,56528,50,W
19914,56484,56530,46,E
19912,56482,56530,48,W
19917,56489,56532,43,E
19915,56486,56532,46,W
19919,56494,56534,40,E
19918,56490,56534,44,W
19924,56499,56536,37,E
19920,56494,56536,42,W
19927,56504,56538,34,E
19923,56498,56538,40,W
19930,56509,56540,31,E
19925,56502,56540,38,W
19933,56514,56542,28,E
19929,56506,56542,36,W
19938,56519,56544,25,E
19932,56510,56544,34,W
19941,56524,56546,22,E
19934,56514,56546,32,W
19944,56529,56548,19,E
19937,56518,56548,30,W
19947,56534,56550,16,E
19939,56522,56550,28,W
19952,56539,56552,13,E
19942,56526,56552,26,W
19954,56544,56554,10,E
19945,56530,56554,24,W
19957,56549,56556,7,E
19948,56534,56556,22,W
19961,56554,56558,4,E
19950,56538,56558,20,W
19965,56559,56560,1,E
19953,56542,56560,18,W
19956,56546,56562,16,W
19968,56564,56564,0,E
19959,56550,56564,14,W
19962,56554,56566,12,W
19963,56558,56568,10,W
19971,56569,56570,1,E
19967,56562,56570,8,W
19970,56566,56572,6,W
19975,56574,56574,0,E
19972,56570,56574,4,W
19976,56574,56576,2,W
19977,56578,56578,0,W
19978,56579,56640,61,E
19980,56582,56640,58,W
19982,56584,56642,58,E
19983,56586,56642,56,W
19985,56589,56644,55,E
19986,56590,56644,54,W
19989,56594,56646,52,E
19990,56594,56646,52,W
19992,56599,56648,49,E
19991,56598,56648,50,W
19995,56604,56650,46,E
19994,56602,56650,48,W
19999,56609,56652,43,E
19997,56606,56652,46,W
20001,56614,56654,40,E
20000,56610,56654,44,W
20006,56619,56656,37,E
20002,56614,56656,42,W
20009,56624,56658,34,E
20005,56618,56658,40,W
20013,56629,56660,31,E
20008,56622,56660,38,W
20015,56634,56662,28,E
20010,56626,56662,36,W
20020,56639,56664,25,E
20014,56630,56664,34,W
20023,56644,56666,22,E
20016,56634,56666,32,W
20026,56649,56668,19,E
20019,56638,56668,30,W
20029,56654,56670,16,E
20021,56642,56670,28,W
20033,56659,56672,13,E
20024,56646,56672,26,W
20037,56664,56674,10,E
20028,56650,56674,24,W
20039,56669,56676,7,E
20030,56654,56676,22,W
20043,56674,56678,4,E
20032,56658,56678,20,W
20047,56679,56680,1,E
20035,56662,56680,18,W
20038,56666,56682,16,W
20050,56684,56684,0,E
20040,56670,56684,14,W
20044,56674,56686,12,W
20046,56678,56688,10,W
20053,56689,56690,1,E
20049,56682,56690,8,W
20052,56686,56692,6,W
20057,56694,56694,0,E
20054,56690,56694,4,W
20058,56694,56696,2,W
20059,56698,56698,0,W
20061,56699,56760,61,E
20062,56702,56760,58,W
20064,56704,56762,58,E
20066,56706,56762,56,W
20067,56709,56764,55,E
20068,56710,56764,54,W
20070,56714,56766,52,E
20071,56714,56766,52,W
20074,56719,56768,49,E
20073,56718,56768,50,W
20077,56724,56770,46,E
20076,56722,56770,48,W
20081,56729,56772,43,E
20079,56726,56772,46,W
20084,56734,56774,40,E
20082,56730,56774,44,W
20088,56739,56776,37,E
20085,56734,56776,42,W
20091,56744,56778,34,E
20087,56738,56778,40,W
20095,56749,56780,31,E
20090,56742,56780,38,W
20097,56754,56782,28,E
20092,56746,56782,36,W
20102,56759,56784,25,E
20096,56750,56784,34,W
20105,56764,56786,22,E
20098,56754,56786,32,W
20108,56769,56788,19,E
20100,56758,56788,30,W
20111,56774,56790,16,E
20104,56762,56790,28,W
20115,56779,56792,13,E
20106,56766,56792,26,W
20119,56784,56794,10,E
20110,56770,56794,24,W
20121,56789,56796,7,E
20112,56774,56796,22,W
20125,56794,56798,4,E
20114,56778,56798,20,W
20129,56799,56800,1,E
20117,56782,56800,18,W
20120,56786,56802,16,W
20133,56804,56804,0,E
20123,56790,56804,14,W
20126,56794,56806,12,W
20128,56798,56808,10,W
20135,56809,56810,1,E
20130,56802,56810,8,W
20134,56806,56812,6,W
20139,56814,56814,0,E
20136,56810,56814,4,W
20140,56814,56816,2,W
20142,56818,56818,0,W
20143,56819,56880,61,E
20144,56822,56880,58,W
20145,56824,56882,58,E
20148,56826,56882,56,W
20149,56829,56884,55,E
20150,56830,56884,54,W
20152,56834,56886,52,E
20153,56834,56886,52,W
20157,56839,56888,49,E
20155,56838,56888,50,W
20159,56844,56890,46,E
20158,56842,56890,48,W
20163,56849,56892,43,E
20161,56846,56892,46,W
20166,56854,56894,40,E
20164,56850,56894,44,W
20170,56859,56896,37,E
20167,56854,56896,42,W
20173,56864,56898,34,E
20169,56858,56898,40,W
20177,56869,56900,31,E
20172,56862,56900,38,W
20180,56874,56902,28,E
20174,56866,56902,36,W
20183,56879,56904,25,E
20178,56870,56904,34,W
20187,56884,56906,22,E
20181,56874,56906,32,W
20190,56889,56908,19,E
20182,56878,56908,30,W
20193,56894,56910,16,E
20186,56882,56910,28,W
20197,56899,56912,13,E
20188,56886,56912,26,W
20201,56904,56914,10,E
20191,56890,56914,24,W
20204,56909,56916,7,E
20194,56894,56916,22,W
20207,56914,56918,4,E
20196,56898,56918,20,W
20211,56919,56920,1,E
20200,56902,56920,18,W
20202,56906,56922,16,W
20215,56924,56924,0,E
20205,56910,56924,14,W
20208,56914,56926,12,W
20210,56918,56928,10,W
20217,56929,56930,1,E
20212,56922,56930,8,W
20216,56926,56932,6,W
20220,56934,56934,0,E
20219,56930,56934,4,W
20221,56934,56936,2,W
20224,56938,56938,0,W
20225,56939,57000,61,E
20226,56942,57000,58,W
20228,56944,57002,58,E
20230,56946,57002,56,W
20231,56949,57004,55,E
20232,56950,57004,54,W
20234,56954,57006,52,E
20235,56954,57006,52,W
20239,56959,57008,49,E
20238,56958,57008,50,W
20241,56964,57010,46,E
20240,56962,57010,48,W
20245,56969,57012,43,E
20243,56966,57012,46,W
20248,56974,57014,40,E
20246,56970,57014,44,W
20253,56979,57016,37,E
20249,56974,57016,42,W
20255,56984,57018,34,E
20250,56978,57018,40,W
20258,56989,57020,31,E
20254,56982,57020,38,W
20262,56994,57022,28,E
20257,56986,57022,36,W
20265,56999,57024,25,E
20260,56990,57024,34,W
20269,57004,57026,22,E
20263,56994,57026,32,W
20272,57009,57028,19,E
20264,56998,57028,30,W
20276,57014,57030,16,E
20268,57002,57030,28,W
20279,57019,57032,13,E
20270,57006,57032,26,W
20283,57024,57034,10,E
20273,57010,57034,24,W
20286,57029,57036,7,E
20277,57014,57036,22,W
20289,57034,57038,4,E
20278,57018,57038,20,W
20293,57039,57040,1,E
20281,57022,57040,18,W
20284,57026,57042,16,W
20296,57044,57044,0,E
20287,57030,57044,14,W
20290,57034,57046,12,W
20292,57038,57048,10,W
20300,57049,57050,1,E
20295,57042,57050,8,W
20298,57046,57052,6,W
20302,57054,57054,0,E
20301,57050,57054,4,W
20303,57054,57056,2,W
20306,57058,57058,0,W
20307,57059,57120,61,E
20308,57062,57120,58,W
20310,57064,57122,58,E
20311,57066,57122,56,W
20313,57069,57124,55,E
20315,57070,57124,54,W
20316,57074,57126,52,E
20317,57074,57126,52,W
20321,57079,57128,49,E
20320,57078,57128,50,W
20324,57084,57130,46,E
20322,57082,57130,48,W
20327,57089,57132,43,E
20325,57086,57132,46,W
20330,57094,57134,40,E
20328,57090,57134,44,W
20334,57099,57136,37,E
20331,57094,57136,42,W
20337,57104,57138,34,E
20333,57098,57138,40,W
20340,57109,57140,31,E
20336,57102,57140,38,W
20344,57114,57142,28,E
20339,57106,57142,36,W
20348,57119,57144,25,E
20341,57110,57144,34,W
20351,57124,57146,22,E
20345,57114,57146,32,W
20354,57129,57148,19,E
20346,57118,57148,30,W
20358,57134,57150,16,E
20350,57122,57150,28,W
20361,57139,57152,13,E
20353,57126,57152,26,W
20365,57144,57154,10,E
20355,57130,57154,24,W
20368,57149,57156,7,E
20359,57134,57156,22,W
20371,57154,57158,4,E
20360,57138,57158,20,W
20375,57159,57160,1,E
20363,57142,57160,18,W
20366,57146,57162,16,W
20378,57164,57164,0,E
20369,57150,57164,14,W
20372,57154,57166,12,W
20374,57158,57168,10,W
20382,57169,57170,1,E
20377,57162,57170,8,W
20380,57166,57172,6,W
20384,57174,57174,0,E
20383,57170,57174,4,W
20385,57174,57176,2,W
20388,57178,57178,0,W
20389,57179,57240,61,E
20391,57182,57240,58,W
20392,57184,57242,58,E
20393,57186,57242,56,W
20396,57189,57244,55,E
20397,57190,57244,54,W
20398,57194,57246,52,E
20399,57194,57246,52,W
20403,57199,57248,49,E
20401,57198,57248,50,W
20406,57204,57250,46,E
20404,57202,57250,48,W
20408,57209,57252,43,E
20407,57206,57252,46,W
20412,57214,57254,40,E
20411,57210,57254,44,W
20416,57219,57256,37,E
20413,57214,57256,42,W
20420,57224,57258,34,E
20415,57218,57258,40,W
20422,57229,57260,31,E
20418,57222,57260,38,W
20426,57234,57262,28,E
20421,57226,57262,36,W
20430,57239,57264,25,E
20423,57230,57264,34,W
20433,57244,57266,22,E
20427,57234,57266,32,W
20436,57249,57268,19,E
20429,57238,57268,30,W
20440,57254,57270,16,E
20431,57242,57270,28,W
20444,57259,57272,13,E
20435,57246,57272,26,W
20446,57264,57274,10,E
20437,57250,57274,24,W
20450,57269,57276,7,E
20441,57254,57276,22,W
20453,57274,57278,4,E
20442,57258,57278,20,W
20457,57279,57280,1,E
20445,57262,57280,18,W
20449,57266,57282,16,W
20460,57284,57284,0,E
20451,57270,57284,14,W
20454,57274,57286,12,W
20456,57278,57288,10,W
20464,57289,57290,1,E
20459,57282,57290,8,W
20461,57286,57292,6,W
20467,57294,57294,0,E
20465,57290,57294,4,W
20468,57294,57296,2,W
20470,57298,57298,0,W
20471,57299,57360,61,E
20473,57302,57360,58,W
20474,57304,57362,58,E
20475,57306,57362,56,W
20478,57309,57364,55,E
20479,57310,57364,54,W
20480,57314,57366,52,E
20481,57314,57366,52,W
20484,57319,57368,49,E
20483,57318,57368,50,W
20488,57324,57370,46,E
20487,57322,57370,48,W
20491,57329,57372,43,E
20489,57326,57372,46,W
20494,57334,57374,40,E
20492,57330,57374,44,W
20498,57339,57376,37,E
20495,57334,57376,42,W
20502,57344,57378,34,E
20497,57338,57378,40,W
20504,57349,57380,31,E
20500,57342,57380,38,W
20508,57354,57382,28,E
20503,57346,57382,36,W
20512,57359,57384,25,E
20506,57350,57384,34,W
20516,57364,57386,22,E
20509,57354,57386,32,W
20518,57369,57388,19,E
20511,57358,57388,30,W
20521,57374,57390,16,E
20513,57362,57390,28,W
20526,57379,57392,13,E
20517,57366,57392,26,W
20528,57384,57394,10,E
20519,57370,57394,24,W
20532,57389,57396,7,E
20522,57374,57396,22,W
20535,57394,57398,4,E
20525,57378,57398,20,W
20540,57399,57400,1,E
20527,57382,57400,18,W
20531,57386,57402,16,W
20542,57404,57404,0,E
20533,57390,57404,14,W
20536,57394,57406,12,W
20538,57398,57408,10,W
20546,57409,57410,1,E
20541,57402,57410,8,W
20544,57406,57412,6,W
20549,57414,57414,0,E
20547,57410,57414,4,W
20550,57414,57416,2,W
20551,57418,57418,0,W
20553,57419,57480,61,E
20555,57422,57480,58,W
20556,57424,57482,58,E
20557,57426,57482,56,W
20559,57429,57484,55,E
20561,57430,57484,54,W
20563,57434,57486,52,E
20564,57434,57486,52,W
20566,57439,57488,49,E
20565,57438,57488,50,W
20570,57444,57490,46,E
20569,57442,57490,48,W
20573,57449,57492,43,E
20571,57446,57492,46,W
20576,57454,57494,40,E
20574,57450,57494,44,W
20580,57459,57496,37,E
20577,57454,57496,42,W
20584,57464,57498,34,E
20579,57458,57498,40,W
20587,57469,57500,31,E
20582,57462,57500,38,W
20590,57474,57502,28,E
20585,57466,57502,36,W
20594,57479,57504,25,E
20588,57470,57504,34,W
20597,57484,57506,22,E
20591,57474,57506,32,W
20600,57489,57508,19,E
20593,57478,57508,30,W
20603,57494,57510,16,E
20595,57482,57510,28,W
20608,57499,57512,13,E
20599,57486,57512,26,W
20611,57504,57514,10,E
20602,57490,57514,24,W
20614,57509,57516,7,E
20604,57494,57516,22,W
20617,57514,57518,4,E
20607,57498,57518,20,W
20622,57519,57520,1,E
20609,57502,57520,18,W
20612,57506,57522,16,W
20624,57524,57524,0,E
20615,57510,57524,14,W
20618,57514,57526,12,W
20621,57518,57528,10,W
20628,57529,57530,1,E
20623,57522,57530,8,W
20626,57526,57532,6,W
20631,57534,57534,0,E
20629,57530,57534,4,W
20632,57534,57536,2,W
20633,57538,57538,0,W
20635,57539,57600,61,E
20637,57542,57600,58,W
20638,57544,57602,58,E
20640,57546,57602,56,W
20641,57549,57604,55,E
20642,57550,57604,54,W
20645,57554,57606,52,E
20646,57554,57606,52,W
20648,57559,57608,49,E
20647,57558,57608,50,W
20652,57564,57610,46,E
20651,57562,57610,48,W
20655,57569,57612,43,E
20653,57566,57612,46,W
20659,57574,57614,40,E
20656,57570,57614,44,W
20662,57579,57616,37,E
20660,57574,57616,42,W
20666,57584,57618,34,E
20661,57578,57618,40,W
20669,57589,57620,31,E
20664,57582,57620,38,W
20671,57594,57622,28,E
20667,57586,57622,36,W
20676,57599,57624,25,E
20670,57590,57624,34,W
20679,57604,57626,22,E
20672,57594,57626,32,W
20683,57609,57628,19,E
20675,57598,57628,30,W
20685,57614,57630,16,E
20678,57602,57630,28,W
20690,57619,57632,13,E
20681,57606,57632,26,W
20693,57624,57634,10,E
20684,57610,57634,24,W
20696,57629,57636,7,E
20686,57614,57636,22,W
20699,57634,57638,4,E
20689,57618,57638,20,W
20704,57639,57640,1,E
20691,57622,57640,18,W
20695,57626,57642,16,W
20707,57644,57644,0,E
20698,57630,57644,14,W
20700,57634,57646,12,W
20703,57638,57648,10,W
20710,57649,57650,1,E
20705,57642,57650,8,W
20709,57646,57652,6,W
20713,57654,57654,0,E
20711,57650,57654,4,W
20714,57654,57656,2,W
20717,57658,57658,0,W
20718,57659,57720,61,E
20719,57662,57720,58,W
20720,57664,57722,58,E
20723,57666,57722,56,W
20724,57669,57724,55,E
20725,57670,57724,54,W
20727,57674,57726,52,E
20728,57674,57726,52,W
20732,57679,57728,49,E
20730,57678,57728,50,W
20734,57684,57730,46,E
20733,57682,57730,48,W
20738,57689,57732,43,E
20737,57686,57732,46,W
20741,57694,57734,40,E
20739,57690,57734,44,W
20745,57699,57736,37,E
20742,57694,57736,42,W
20748,57704,57738,34,E
20744,57698,57738,40,W
20752,57709,57740,31,E
20747,57702,57740,38,W
20755,57714,57742,28,E
20750,57706,57742,36,W
20759,57719,57744,25,E
20753,57710,57744,34,W
20762,57724,57746,22,E
20756,57714,57746,32,W
20766,57729,57748,19,E
20758,57718,57748,30,W
20768,57734,57750,16,E
20761,57722,57750,28,W
20773,57739,57752,13,E
20764,57726,57752,26,W
20776,57744,57754,10,E
20767,57730,57754,24,W
20780,57749,57756,7,E
20769,57734,57756,22,W
20782,57754,57758,4,E
20772,57738,57758,20,W
20787,57759,57760,1,E
20775,57742,57760,18,W
20778,57746,57762,16,W
20790,57764,57764,0,E
20781,57750,57764,14,W
20783,57754,57766,12,W
20786,57758,57768,10,W
20793,57769,57770,1,E
20788,57762,57770,8,W
20792,57766,57772,6,W
20796,57774,57774,0,E
20795,57770,57774,4,W
20797,57774,57776,2,W
20800,57778,57778,0,W
20801,57779,57840,61,E
20802,57782,57840,58,W
20804,57784,57842,58,E
20806,57786,57842,56,W
20807,57789,57844,55,E
20808,57790,57844,54,W
20810,57794,57846,52,E
20811,57794,57846,52,W
20815,57799,57848,49,E
20814,57798,57848,50,W
20817,57804,57850,46,E
20816,57802,57850,48,W
20821,57809,57852,43,E
20820,57806,57852,46,W
20824,57814,57854,40,E
20822,57810,57854,44,W
20829,57819,57856,37,E
20825,57814,57856,42,W
20831,57824,57858,34,E
20827,57818,57858,40,W
20835,57829,57860,31,E
20830,57822,57860,38,W
20838,57834,57862,28,E
20834,57826,57862,36,W
20842,57839,57864,25,E
20836,57830,57864,34,W
20845,57844,57866,22,E
20839,57834,57866,32,W
20849,57849,57868,19,E
20841,57838,57868,30,W
20852,57854,57870,16,E
20844,57842,57870,28,W
20856,57859,57872,13,E
20847,57846,57872,26,W
20859,57864,57874,10,E
20850,57850,57874,24,W
20863,57869,57876,7,E
20853,57854,57876,22,W
20865,57874,57878,4,E
20855,57858,57878,20,W
20870,57879,57880,1,E
20858,57862,57880,18,W
20861,57866,57882,16,W
20873,57884,57884,0,E
20864,57870,57884,14,W
20866,57874,57886,12,W
20869,57878,57888,10,W
20877,57889,57890,1,E
20872,57882,57890,8,W
20875,57886,57892,6,W
20879,57894,57894,0,E
20878,57890,57894,4,W
20880,57894,57896,2,W
20883,57898,57898,0,W
20884,57899,57960,61,E
20885,57902,57960,58,W
20887,57904,57962,58,E
20889,57906,57962,56,W
20890,57909,57964,55,E
20892,57910,57964,54,W
20893,57914,57966,52,E
20894,57914,57966,52,W
20898,57919,57968,49,E
20897,57918,57968,50,W
20901,57924,57970,46,E
20899,57922,57970,48,W
20904,57929,57972,43,E
20903,57926,57972,46,W
20907,57934,57974,40,E
20905,57930,57974,44,W
20912,57939,57976,37,E
20908,57934,57976,42,W
20914,57944,57978,34,E
20911,57938,57978,40,W
20918,57949,57980,31,E
20913,57942,57980,38,W
20921,57954,57982,28,E
20917,57946,57982,36,W
20926,57959,57984,25,E
20919,57950,57984,34,W
20928,57964,57986,22,E
20922,57954,57986,32,W
20932,57969,57988,19,E
20924,57958,57988,30,W
20935,57974,57990,16,E
20927,57962,57990,28,W
20939,57979,57992,13,E
20931,57966,57992,26,W
20942,57984,57994,10,E
20933,57970,57994,24,W
20946,57989,57996,7,E
20936,57974,57996,22,W
20949,57994,57998,4,E
20938,57978,57998,20,W
20953,57999,58000,1,E
20941,57982,58000,18,W
20944,57986,58002,16,W
20956,58004,58004,0,E
20947,57990,58004,14,W
20950,57994,58006,12,W
20952,57998,58008,10,W
20960,58009,58010,1,E
20955,58002,58010,8,W
20958,58006,58012,6,W
20962,58014,58014,0,E
20961,58010,58014,4,W
20963,58014,58016,2,W
20966,58018,58018,0,W
20967,58019,58080,61,E
20969,58022,58080,58,W
20970,58024,58082,58,E
20972,58026,58082,56,W
20974,58029,58084,55,E
20975,58030,58084,54,W
20976,58034,58086,52,E
20977,58034,58086,52,W
20981,58039,58088,49,E
20980,58038,58088,50,W
20984,58044,58090,46,E
20982,58042,58090,48,W
20987,58049,58092,43,E
20986,58046,58092,46,W
20990,58054,58094,40,E
20989,58050,58094,44,W
20995,58059,58096,37,E
20991,58054,58096,42,W
20998,58064,58098,34,E
20994,58058,58098,40,W
21001,58069,58100,31,E
20996,58062,58100,38,W
21004,58074,58102,28,E
21000,58066,58102,36,W
21009,58079,58104,25,E
21002,58070,58104,34,W
21011,58084,58106,22,E
21005,58074,58106,32,W
21015,58089,58108,19,E
21008,58078,58108,30,W
21018,58094,58110,16,E
21010,58082,58110,28,W
21023,58099,58112,13,E
21014,58086,58112,26,W
21025,58104,58114,10,E
21016,58090,58114,24,W
21029,58109,58116,7,E
21019,58094,58116,22,W
21032,58114,58118,4,E
21021,58098,58118,20,W
21036,58119,58120,1,E
21024,58102,58120,18,W
21028,58106,58122,16,W
21039,58124,58124,0,E
21030,58110,58124,14,W
21033,58114,58126,12,W
21035,58118,58128,10,W
21043,58129,58130,1,E
21038,58122,58130,8,W
21041,58126,58132,6,W
21046,58134,58134,0,E
21044,58130,58134,4,W
21047,58134,58136,2,W
21049,58138,58138,0,W
21050,58139,58200,61,E
21052,58142,58200,58,W
21053,58144,58202,58,E
21055,58146,58202,56,W
21057,58149,58204,55,E
21058,58150,58204,54,W
21059,58154,58206,52,E
21060,58154,58206,52,W
21064,58159,58208,49,E
21063,58158,58208,50,W
21067,58164,58210,46,E
21066,58162,58210,48,W
21071,58169,58212,43,E
21069,58166,58212,46,W
21073,58174,58214,40,E
21072,58170,58214,44,W
21078,58179,58216,37,E
21074,58174,58216,42,W
21081,58184,58218,34,E
21077,58178,58218,40,W
21084,58189,58220,31,E
21079,58182,58220,38,W
21087,58194,58222,28,E
21083,58186,58222,36,W
21092,58199,58224,25,E
21086,58190,58224,34,W
21095,58204,58226,22,E
21088,58194,58226,32,W
21098,58209,58228,19,E
21091,58198,58228,30,W
21101,58214,58230,16,E
21093,58202,58230,28,W
21106,58219,58232,13,E
21097,58206,58232,26,W
21108,58224,58234,10,E
21099,58210,58234,24,W
21112,58229,58236,7,E
21102,58214,58236,22,W
21115,58234,58238,4,E
21105,58218,58238,20,W
21120,58239,58240,1,E
21107,58222,58240,18,W
21111,58226,58242,16,W
21122,58244,58244,0,E
21113,58230,58244,14,W
21116,58234,58246,12,W
21118,58238,58248,10,W
21126,58249,58250,1,E
21121,58242,58250,8,W
21125,58246,58252,6,W
21129,58254,58254,0,E
21127,58250,58254,4,W
21130,58254,58256,2,W
21132,58258,58258,0,W
21133,58259,58320,61,E
21135,58262,58320,58,W
21136,58264,58322,58,E
21138,58266,58322,56,W
21140,58269,58324,55,E
21141,58270,58324,54,W
21143,58274,58326,52,E
21144,58274,58326,52,W
21147,58279,58328,49,E
21146,58278,58328,50,W
21150,58284,58330,46,E
21149,58282,58330,48,W
21154,58289,58332,43,E
21152,58286,58332,46,W
21156,58294,58334,40,E
21155,58290,58334,44,W
21161,58299,58336,37,E
21157,58294,58336,42,W
21164,58304,58338,34,E
21160,58298,58338,40,W
21168,58309,58340,31,E
21163,58302,58340,38,W
21170,58314,58342,28,E
21166,58306,58342,36,W
21175,58319,58344,25,E
21169,58310,58344,34,W
21178,58324,58346,22,E
21171,58314,58346,32,W
21181,58329,58348,19,E
21174,58318,58348,30,W
21184,58334,58350,16,E
21176,58322,58350,28,W
21189,58339,58352,13,E
21180,58326,58352,26,W
21192,58344,58354,10,E
21183,58330,58354,24,W
21195,58349,58356,7,E
21185,58334,58356,22,W
21198,58354,58358,4,E
21188,58338,58358,20,W
21203,58359,58360,1,E
21190,58342,58360,18,W
21194,58346,58362,16,W
21205,58364,58364,0,E
21196,58350,58364,14,W
21199,58354,58366,12,W
21202,58358,58368,10,W
21209,58369,58370,1,E
21204,58362,58370,8,W
21208,58366,58372,6,W
21212,58374,58374,0,E
21210,58370,58374,4,W
21213,58374,58376,2,W
21215,58378,58378,0,W
21217,58379,58440,61,E
21218,58382,58440,58,W
21219,58384,58442,58,E
21222,58386,58442,56,W
21223,58389,58444,55,E
21224,58390,58444,54,W
21226,58394,58446,52,E
21227,58394,58446,52,W
21230,58399,58448,49,E
21229,58398,58448,50,W
21233,58404,58450,46,E
21232,58402,58450,48,W
21237,58409,58452,43,E
21235,58406,58452,46,W
21240,58414,58454,40,E
21238,58410,58454,44,W
21244,58419,58456,37,E
21241,58414,58456,42,W
21247,58424,58458,34,E
21243,58418,58458,40,W
21251,58429,58460,31,E
21246,58422,58460,38,W
21253,58434,58462,28,E
21249,58426,58462,36,W
21258,58439,58464,25,E
21252,58430,58464,34,W
21261,58444,58466,22,E
21254,58434,58466,32,W
21265,58449,58468,19,E
21257,58438,58468,30,W
21267,58454,58470,16,E
21260,58442,58470,28,W
21272,58459,58472,13,E
21263,58446,58472,26,W
21275,58464,58474,10,E
21266,58450,58474,24,W
21278,58469,58476,7,E
21268,58454,58476,22,W
21281,58474,58478,4,E
21271,58458,58478,20,W
21286,58479,58480,1,E
21273,58462,58480,18,W
21277,58466,58482,16,W
21289,58484,58484,0,E
21280,58470,58484,14,W
21282,58474,58486,12,W
21285,58478,58488,10,W
21292,58489,58490,1,E
21287,58482,58490,8,W
21291,58486,58492,6,W
21295,58494,58494,0,E
21293,58490,58494,4,W
21296,58494,58496,2,W
21299,58498,58498,0,W
21300,58499,58560,61,E
21301,58502,58560,58,W
21302,58504,58562,58,E
21305,58506,58562,56,W
21306,58509,58564,55,E
21307,58510,58564,54,W
21309,58514,58566,52,E
21310,58514,58566,52,W
21314,58519,58568,49,E
21312,58518,58568,50,W
21316,58524,58570,46,E
21315,58522,58570,48,W
21320,58529,58572,43,E
21319,58526,58572,46,W
21323,58534,58574,40,E
21321,58530,58574,44,W
21327,58539,58576,37,E
21324,58534,58576,42,W
21330,58544,58578,34,E
21326,58538,58578,40,W
21334,58549,58580,31,E
21329,58542,58580,38,W
21337,58554,58582,28,E
21332,58546,58582,36,W
21341,58559,58584,25,E
21335,58550,58584,34,W
21344,58564,58586,22,E
21338,58554,58586,32,W
21348,58569,58588,19,E
21340,58558,58588,30,W
21350,58574,58590,16,E
21343,58562,58590,28,W
21355,58579,58592,13,E
21346,58566,58592,26,W
21358,58584,58594,10,E
21349,58570,58594,24,W
21362,58589,58596,7,E
21351,58574,58596,22,W
21364,58594,58598,4,E
21354,58578,58598,20,W
21369,58599,58600,1,E
21357,58582,58600,18,W
21360,58586,58602,16,W
21372,58604,58604,0,E
21363,58590,58604,14,W
21365,58594,58606,12,W
21368,58598,58608,10,W
21375,58609,58610,1,E
21370,58602,58610,8,W
21374,58606,58612,6,W
21378,58614,58614,0,E
21377,58610,58614,4,W
21379,58614,58616,2,W
21382,58618,58618,0,W
21383,58619,58680,61,E
21384,58622,58680,58,W
21386,58624,58682,58,E
21388,58626,58682,56,W
21389,58629,58684,55,E
21390,58630,58684,54,W
21392,58634,58686,52,E
21393,58634,58686,52,W
21397,58639,58688,49,E
21396,58638,58688,50,W
21399,58644,58690,46,E
21398,58642,58690,48,W
21403,58649,58692,43,E
21402,58646,58692,46,W
21406,58654,58694,40,E
21404,58650,58694,44,W
21411,58659,58696,37,E
21407,58654,58696,42,W
21413,58664,58698,34,E
21409,58658,58698,40,W
21417,58669,58700,31,E
21412,58662,58700,38,W
21420,58674,58702,28,E
21416,58666,58702,36,W
21424,58679,58704,25,E
21418,58670,58704,34,W
21427,58684,58706,22,E
21421,58674,58706,32,W
21431,58689,58708,19,E
21423,58678,58708,30,W
21434,58694,58710,16,E
21426,58682,58710,28,W
21438,58699,58712,13,E
21429,58686,58712,26,W
21441,58704,58714,10,E
21432,58690,58714,24,W
21445,58709,58716,7,E
21435,58694,58716,22,W
21447,58714,58718,4,E
21437,58698,58718,20,W
21452,58719,58720,1,E
21440,58702,58720,18,W
21443,58706,58722,16,W
21455,58724,58724,0,E
21446,58710,58724,14,W
21448,58714,58726,12,W
21451,58718,58728,10,W
21459,58729,58730,1,E
21454,58722,58730,8,W
21457,58726,58732,6,W
21461,58734,58734,0,E
21460,58730,58734,4,W
21462,58734,58736,2,W
21465,58738,58738,0,W
21466,58739,58800,61,E
21467,58742,58800,58,W
21469,58744,58802,58,E
21471,58746,58802,56,W
21472,58749,58804,55,E
21474,58750,58804,54,W
21475,58754,58806,52,E
21476,58754,58806,52,W
21480,58759,58808,49,E
21479,58758,58808,50,W
21483,58764,58810,46,E
21481,58762,58810,48,W
21486,58769,58812,43,E
21485,58766,58812,46,W
21489,58774,58814,40,E
21487,58770,58814,44,W
21494,58779,58816,37,E
21490,58774,58816,42,W
21496,58784,58818,34,E
21493,58778,58818,40,W
21500,58789,58820,31,E
21495,58782,58820,38,W
21503,58794,58822,28,E
21499,58786,58822,36,W
21508,58799,58824,25,E
21501,58790,58824,34,W
21510,58804,58826,22,E
21504,58794,58826,32,W
21514,58809,58828,19,E
21506,58798,58828,30,W
21517,58814,58830,16,E
21509,58802,58830,28,W
21521,58819,58832,13,E
21513,58806,58832,26,W
21524,58824,58834,10,E
21515,58810,58834,24,W
21528,58829,58836,7,E
21518,58814,58836,22,W
21531,58834,58838,4,E
21520,58818,58838,20,W
21535,58839,58840,1,E
21523,58822,58840,18,W
21526,58826,58842,16,W
21538,58844,58844,0,E
21529,58830,58844,14,W
21532,58834,58846,12,W
21534,58838,58848,10,W
21542,58849,58850,1,E
21537,58842,58850,8,W
21540,58846,58852,6,W
21544,58854,58854,0,E
21543,58850,58854,4,W
21545,58854,58856,2,W
21548,58858,58858,0,W
21549,58859,58920,61,E
21551,58862,58920,58,W
21552,58864,58922,58,E
21554,58866,58922,56,W
21556,58869,58924,55,E
21557,58870,58924,54,W
21558,58874,58926,52,E
21559,58874,58926,52,W
21563,58879,58928,49,E
21562,58878,58928,50,W
21566,58884,58930,46,E
21564,58882,58930,48,W
21569,58889,58932,43,E
21568,58886,58932,46,W
21572,58894,58934,40,E
21571,58890,58934,44,W
21577,58899,58936,37,E
21573,58894,58936,42,W
21580,58904,58938,34,E
21576,58898,58938,40,W
21583,58909,58940,31,E
21578,58902,58940,38,W
21586,58914,58942,28,E
21582,58906,58942,36,W
21591,58919,58944,25,E
21584,58910,58944,34,W
21593,58924,58946,22,E
21587,58914,58946,32,W
21597,58929,58948,19,E
21590,58918,58948,30,W
21600,58934,58950,16,E
21592,58922,58950,28,W
21605,58939,58952,13,E
21596,58926,58952,26,W
21607,58944,58954,10,E
21598,58930,58954,24,W
21611,58949,58956,7,E
21601,58934,58956,22,W
21614,58954,58958,4,E
21603,58938,58958,20,W
21618,58959,58960,1,E
21606,58942,58960,18,W
21610,58946,58962,16,W
21621,58964,58964,0,E
21612,58950,58964,14,W
21615,58954,58966,12,W
21617,58958,58968,10,W
21625,58969,58970,1,E
21620,58962,58970,8,W
21623,58966,58972,6,W
21628,58974,58974,0,E
21626,58970,58974,4,W
21629,58974,58976,2,W
21631,58978,58978,0,W
21632,58979,59040,61,E
21634,58982,59040,58,W
21635,58984,59042,58,E
21637,58986,59042,56,W
21639,58989,59044,55,E
21640,58990,59044,54,W
21641,58994,59046,52,E
21642,58994,59046,52,W
21646,58999,59048,49,E
21645,58998,59048,50,W
21649,59004,59050,46,E
21648,59002,59050,48,W
21653,59009,59052,43,E
21651,59006,59052,46,W
21655,59014,59054,40,E
21654,59010,59054,44,W
21660,59019,59056,37,E
21656,59014,59056,42,W
21663,59024,59058,34,E
21659,59018,59058,40,W
21666,59029,59060,31,E
21661,59022,59060,38,W
21669,59034,59062,28,E
21665,59026,59062,36,W
21674,59039,59064,25,E
21668,59030,59064,34,W
21677,59044,59066,22,E
21670,59034,59066,32,W
21680,59049,59068,19,E
21673,59038,59068,30,W
21683,59054,59070,16,E
21675,59042,59070,28,W
21688,59059,59072,13,E
21679,59046,59072,26,W
21690,59064,59074,10,E
21681,59050,59074,24,W
21694,59069,59076,7,E
21684,59054,59076,22,W
21697,59074,59078,4,E
21687,59058,59078,20,W
21702,59079,59080,1,E
21689,59062,59080,18,W
21693,59066,59082,16,W
21704,59084,59084,0,E
21695,59070,59084,14,W
21698,59074,59086,12,W
21700,59078,59088,10,W
21708,59089,59090,1,E
21703,59082,59090,8,W
21707,59086,59092,6,W
21711,59094,59094,0,E
21709,59090,59094,4,W
21712,59094,59096,2,W
21714,59098,59098,0,W
21715,59099,59160,61,E
21717,59102,59160,58,W
21718,59104,59162,58,E
21720,59106,59162,56,W
21722,59109,59164,55,E
21723,59110,59164,54,W
21725,59114,59166,52,E
21726,59114,59166,52,W
21729,59119,59168,49,E
21728,59118,59168,50,W
21732,59124,59170,46,E
21731,59122,59170,48,W
21736,59129,59172,43,E
21734,59126,59172,46,W
21738,59134,59174,40,E
21737,59130,59174,44,W
21743,59139,59176,37,E
21739,59134,59176,42,W
21746,59144,59178,34,E
21742,59138,59178,40,W
21750,59149,59180,31,E
21745,59142,59180,38,W
21752,59154,59182,28,E
21748,59146,59182,36,W
21757,59159,59184,25,E
21751,59150,59184,34,W
21760,59164,59186,22,E
21753,59154,59186,32,W
21763,59169,59188,19,E
21756,59158,59188,30,W
21766,59174,59190,16,E
21758,59162,59190,28,W
21771,59179,59192,13,E
21762,59166,59192,26,W
21774,59184,59194,10,E
21765,59170,59194,24,W
21777,59189,59196,7,E
21767,59174,59196,22,W
21780,59194,59198,4,E
21770,59178,59198,20,W
21785,59199,59200,1,E
21772,59182,59200,18,W
21776,59186,59202,16,W
21787,59204,59204,0,E
21778,59190,59204,14,W
21781,59194,59206,12,W
21784,59198,59208,10,W
21791,59209,59210,1,E
21786,59202,59210,8,W
21790,59206,59212,6,W
21794,59214,59214,0,E
21792,59210,59214,4,W
21795,59214,59216,2,W
21797,59218,59218,0,W
21799,59219,59280,61,E
21800,59222,59280,58,W
21801,59224,59282,58,E
21804,59226,59282,56,W
21805,59229,59284,55,E
21806,59230,59284,54,W
21808,59234,59286,52,E
21809,59234,59286,52,W
21812,59239,59288,49,E
21811,59238,59288,50,W
21815,59244,59290,46,E
21814,59242,59290,48,W
21819,59249,59292,43,E
21817,59246,59292,46,W
21822,59254,59294,40,E
21820,59250,59294,44,W
21826,59259,59296,37,E
21823,59254,59296,42,W
21829,59264,59298,34,E
21825,59258,59298,40,W
21833,59269,59300,31,E
21828,59262,59300,38,W
21835,59274,59302,28,E
21831,59266,59302,36,W
21840,59279,59304,25,E
21834,59270,59304,34,W
21843,59284,59306,22,E
21836,59274,59306,32,W
21847,59289,59308,19,E
21839,59278,59308,30,W
21849,59294,59310,16,E
21842,59282,59310,28,W
21854,59299,59312,13,E
21845,59286,59312,26,W
21857,59304,59314,10,E
21848,59290,59314,24,W
21860,59309,59316,7,E
21850,59294,59316,22,W
21863,59314,59318,4,E
21853,59298,59318,20,W
21868,59319,59320,1,E
21855,59302,59320,18,W
21859,59306,59322,16,W
21871,59324,59324,0,E
21862,59310,59324,14,W
21864,59314,59326,12,W
21867,59318,59328,10,W
21874,59329,59330,1,E
21869,59322,59330,8,W
21873,59326,59332,6,W
21877,59334,59334,0,E
21875,59330,59334,4,W
21878,59334,59336,2,W
21881,59338,59338,0,W
21882,59339,59400,61,E
21883,59342,59400,58,W
21884,59344,59402,58,E
21887,59346,59402,56,W
21888,59349,59404,55,E
21889,59350,59404,54,W
21891,59354,59406,52,E
21892,59354,59406,52,W
21896,59359,59408,49,E
21894,59358,59408,50,W
21898,59364,59410,46,E
21897,59362,59410,48,W
21902,59369,59412,43,E
21901,59366,59412,46,W
21905,59374,59414,40,E
21903,59370,59414,44,W
21909,59379,59416,37,E
21906,59374,59416,42,W
21912,59384,59418,34,E
21908,59378,59418,40,W
21916,59389,59420,31,E
21911,59382,59420,38,W
21919,59394,59422,28,E
21914,59386,59422,36,W
21923,59399,59424,25,E
21917,59390,59424,34,W
21926,59404,59426,22,E
21920,59394,59426,32,W
21930,59409,59428,19,E
21922,59398,59428,30,W
21932,59414,59430,16,E
21925,59402,59430,28,W
21937,59419,59432,13,E
21928,59406,59432,26,W
21940,59424,59434,10,E
21931,59410,59434,24,W
21944,59429,59436,7,E
21933,59414,59436,22,W
21946,59434,59438,4,E
21936,59418,59438,20,W
21951,59439,59440,1,E
21939,59422,59440,18,W
21942,59426,59442,16,W
21954,59444,59444,0,E
21945,59430,59444,14,W
21947,59434,59446,12,W
21950,59438,59448,10,W
21957,59449,59450,1,E
21952,59442,59450,8,W
21956,59446,59452,6,W
21960,59454,59454,0,E
21959,59450,59454,4,W
21961,59454,59456,2,W
21964,59458,59458,0,W
21965,59459,59520,61,E
21966,59462,59520,58,W
21968,59464,59522,58,E
21970,59466,59522,56,W
21971,59469,59524,55,E
21972,59470,59524,54,W
21974,59474,59526,52,E
21975,59474,59526,52,W
21979,59479,59528,49,E
21978,59478,59528,50,W
21981,59484,59530,46,E
21980,59482,59530,48,W
21985,59489,59532,43,E
21984,59486,59532,46,W
21988,59494,59534,40,E
21986,59490,59534,44,W
21993,59499,59536,37,E
21989,59494,59536,42,W
21995,59504,59538,34,E
21991,59498,59538,40,W
21999,59509,59540,31,E
21994,59502,59540,38,W
22002,59514,59542,28,E
21998,59506,59542,36,W
22006,59519,59544,25,E
22000,59510,59544,34,W
22009,59524,59546,22,E
22003,59514,59546,32,W
22013,59529,59548,19,E
22005,59518,59548,30,W
22016,59534,59550,16,E
22008,59522,59550,28,W
22020,59539,59552,13,E
22011,59526,59552,26,W
22023,59544,59554,10,E
22014,59530,59554,24,W
22027,59549,59556,7,E
22017,59534,59556,22,W
22029,59554,59558,4,E
22019,59538,59558,20,W
22034,59559,59560,1,E
22022,59542,59560,18,W
22025,59546,59562,16,W
22037,59564,59564,0,E
22028,59550,59564,14,W
22030,59554,59566,12,W
22033,59558,59568,10,W
22041,59569,59570,1,E
22036,59562,59570,8,W
22039,59566,59572,6,W
22043,59574,59574,0,E
22042,59570,59574,4,W
22044,59574,59576,2,W
22047,59578,59578,0,W
22048,59579,59640,61,E
22049,59582,59640,58,W
22051,59584,59642,58,E
22053,59586,59642,56,W
22054,59589,59644,55,E
22056,59590,59644,54,W
22057,59594,59646,52,E
22058,59594,59646,52,W
22062,59599,59648,49,E
22061,59598,59648,50,W
22065,59604,59650,46,E
22063,59602,59650,48,W
22068,59609,59652,43,E
22067,59606,59652,46,W
22071,59614,59654,40,E
22069,59610,59654,44,W
22076,59619,59656,37,E
22072,59614,59656,42,W
22078,59624,59658,34,E
22075,59618,59658,40,W
22082,59629,59660,31,E
22077,59622,59660,38,W
22085,59634,59662,28,E
22081,59626,59662,36,W
22090,59639,59664,25,E
22083,59630,59664,34,W
22092,59644,59666,22,E
22086,59634,59666,32,W
22096,59649,59668,19,E
22088,59638,59668,30,W
22099,59654,59670,16,E
22091,59642,59670,28,W
22103,59659,59672,13,E
22095,59646,59672,26,W
22106,59664,59674,10,E
22097,59650,59674,24,W
22110,59669,59676,7,E
22100,59654,59676,22,W
22113,59674,59678,4,E
22102,59658,59678,20,W
22117,59679,59680,1,E
22105,59662,59680,18,W
22108,59666,59682,16,W
22120,59684,59684,0,E
22111,59670,59684,14,W
22114,59674,59686,12,W
22116,59678,59688,10,W
22124,59689,59690,1,E
22119,59682,59690,8,W
22122,59686,59692,6,W
22126,59694,59694,0,E
22125,59690,59694,4,W
22127,59694,59696,2,W
22130,59698,59698,0,W
22131,59699,59760,61,E
22133,59702,59760,58,W
22134,59704,59762,58,E
22136,59706,59762,56,W
22138,59709,59764,55,E
22139,59710,59764,54,W
22140,59714,59766,52,E
22141,59714,59766,52,W
22145,59719,59768,49,E
22144,59718,59768,50,W
22148,59724,59770,46,E
22146,59722,59770,48,W
22151,59729,59772,43,E
22150,59726,59772,46,W
22154,59734,59774,40,E
22153,59730,59774,44,W
22159,59739,59776,37,E
22155,59734,59776,42,W
22162,59744,59778,34,E
22158,59738,59778,40,W
22165,59749,59780,31,E
22160,59742,59780,38,W
22168,59754,59782,28,E
22164,59746,59782,36,W
22173,59759,59784,25,E
22166,59750,59784,34,W
22175,59764,59786,22,E
22169,59754,59786,32,W
22179,59769,59788,19,E
22172,59758,59788,30,W
22182,59774,59790,16,E
22174,59762,59790,28,W
22187,59779,59792,13,E
22178,59766,59792,26,W
22189,59784,59794,10,E
22180,59770,59794,24,W
22193,59789,59796,7,E
22183,59774,59796,22,W
22196,59794,59798,4,E
22185,59778,59798,20,W
22200,59799,59800,1,E
22188,59782,59800,18,W
22192,59786,59802,16,W
22203,59804,59804,0,E
22194,59790,59804,14,W
22197,59794,59806,12,W
22199,59798,59808,10,W
22207,59809,59810,1,E
22202,59802,59810,8,W
22205,59806,59812,6,W
22210,59814,59814,0,E
22208,59810,59814,4,W
22211,59814,59816,2,W
22213,59818,59818,0,W
22214,59819,59880,61,E
22216,59822,59880,58,W
22217,59824,59882,58,E
22219,59826,59882,56,W
22221,59829,59884,55,E
22222,59830,59884,54,W
22223,59834,59886,52,E
22224,59834,59886,52,W
22228,59839,59888,49,E
22227,59838,59888,50,W
22231,59844,59890,46,E
22230,59842,59890,48,W
22235,59849,59892,43,E
22233,59846,59892,46,W
22237,59854,59894,40,E
22236,59850,59894,44,W
22242,59859,59896,37,E
22238,59854,59896,42,W
22245,59864,59898,34,E
22241,59858,59898,40,W
22248,59869,59900,31,E
22243,59862,59900,38,W
22251,59874,59902,28,E
22247,59866,59902,36,W
22256,59879,59904,25,E
22250,59870,59904,34,W
22259,59884,59906,22,E
22252,59874,59906,32,W
22262,59889,59908,19,E
22255,59878,59908,30,W
22265,59894,59910,16,E
22257,59882,59910,28,W
22270,59899,59912,13,E
22261,59886,59912,26,W
22272,59904,59914,10,E
22263,59890,59914,24,W
22276,59909,59916,7,E
22266,59894,59916,22,W
22279,59914,59918,4,E
22269,59898,59918,20,W
22284,59919,59920,1,E
22271,59902,59920,18,W
22275,59906,59922,16,W
22286,59924,59924,0,E
22277,59910,59924,14,W
22280,59914,59926,12,W
22282,59918,59928,10,W
22290,59929,59930,1,E
22285,59922,59930,8,W
22289,59926,59932,6,W
22293,59934,59934,0,E
22291,59930,59934,4,W
22294,59934,59936,2,W
22296,59938,59938,0,W
22297,59939,60000,61,E
22299,59942,60000,58,W
22300,59944,60002,58,E
22302,59946,60002,56,W
22304,59949,60004,55,E
22305,59950,60004,54,W
22307,59954,60006,52,E
22308,59954,60006,52,W
22311,59959,60008,49,E
22310,59958,60008,50,W
22314,59964,60010,46,E
22313,59962,60010,48,W
22318,59969,60012,43,E
22316,59966,60012,46,W
22320,59974,60014,40,E
22319,59970,60014,44,W
22325,59979,60016,37,E
22321,59974,60016,42,W
22328,59984,60018,34,E
22324,59978,60018,40,W
22332,59989,60020,31,E
22327,59982,60020,38,W
22334,59994,60022,28,E
22330,59986,60022,36,W
22339,59999,60024,25,E
22333,59990,60024,34,W
22342,60004,60026,22,E
22335,59994,60026,32,W
22345,60009,60028,19,E
22338,59998,60028,30,W
22348,60014,60030,16,E
22340,60002,60030,28,W
22353,60019,60032,13,E
22344,60006,60032,26,W
22356,60024,60034,10,E
22347,60010,60034,24,W
22359,60029,60036,7,E
22349,60014,60036,22,W
22362,60034,60038,4,E
22352,60018,60038,20,W
22367,60039,60040,1,E
22354,60022,60040,18,W
22358,60026,60042,16,W
22369,60044,60044,0,E
22360,60030,60044,14,W
22363,60034,60046,12,W
22366,60038,60048,10,W
22373,60049,60050,1,E
22368,60042,60050,8,W
22372,60046,60052,6,W
22376,60054,60054,0,E
22374,60050,60054,4,W
22377,60054,60056,2,W
22379,60058,60058,0,W
22381,60059,60120,61,E
22382,60062,60120,58,W
22383,60064,60122,58,E
22386,60066,60122,56,W
22387,60069,60124,55,E
22388,60070,60124,54,W
22390,60074,60126,52,E
22391,60074,60126,52,W
22394,60079,60128,49,E
22393,60078,60128,50,W
22397,60084,60130,46,E
22396,60082,60130,48,W
22401,60089,60132,43,E
22399,60086,60132,46,W
22404,60094,60134,40,E
22402,60090,60134,44,W
22408,60099,60136,37,E
22405,60094,60136,42,W
22411,60104,60138,34,E
22407,60098,60138,40,W
22415,60109,60140,31,E
22410,60102,60140,38,W
22417,60114,60142,28,E
22413,60106,60142,36,W
22422,60119,60144,25,E
22416,60110,60144,34,W
22425,60124,60146,22,E
22418,60114,60146,32,W
22429,60129,60148,19,E
22421,60118,60148,30,W
22431,60134,60150,16,E
22424,60122,60150,28,W
22436,60139,60152,13,E
22427,60126,60152,26,W
22439,60144,60154,10,E
22430,60130,60154,24,W
22442,60149,60156,7,E
22432,60134,60156,22,W
22445,60154,60158,4,E
22435,60138,60158,20,W
22450,60159,60160,1,E
22437,60142,60160,18,W
22441,60146,60162,16,W
22453,60164,60164,0,E
22444,60150,60164,14,W
22446,60154,60166,12,W
22449,60158,60168,10,W
22456,60169,60170,1,E
22451,60162,60170,8,W
22455,60166,60172,6,W
22459,60174,60174,0,E
22457,60170,60174,4,W
22460,60174,60176,2,W
22463,60178,60178,0,W
22464,60179,60240,61,E
22465,60182,60240,58,W
22466,60184,60242,58,E
22469,60186,60242,56,W
22470,60189,60244,55,E
22471,60190,60244,54,W
22473,60194,60246,52,E
22474,60194,60246,52,W
22478,60199,60248,49,E
22476,60198,60248,50,W
22480,60204,60250,46,E
22479,60202,60250,48,W
22484,60209,60252,43,E
22483,60206,60252,46,W
22487,60214,60254,40,E
22485,60210,60254,44,W
22491,60219,60256,37,E
22488,60214,60256,42,W
22494,60224,60258,34,E
22490,60218,60258,40,W
22498,60229,60260,31,E
22493,60222,60260,38,W
22501,60234,60262,28,E
22496,60226,60262,36,W
22505,60239,60264,25,E
22499,60230,60264,34,W
22508,60244,60266,22,E
22502,60234,60266,32,W
22512,60249,60268,19,E
22504,60238,60268,30,W
22514,60254,60270,16,E
22507,60242,60270,28,W
22519,60259,60272,13,E
22510,60246,60272,26,W
22522,60264,60274,10,E
22513,60250,60274,24,W
22526,60269,60276,7,E
22515,60254,60276,22,W
22528,60274,60278,4,E
22518,60258,60278,20,W
22533,60279,60280,1,E
22521,60262,60280,18,W
22524,60266,60282,16,W
22536,60284,60284,0,E
22527,60270,60284,14,W
22529,60274,60286,12,W
22532,60278,60288,10,W
22539,60289,60290,1,E
22534,60282,60290,8,W
22538,60286,60292,6,W
22542,60294,60294,0,E
22541,60290,60294,4,W
22543,60294,60296,2,W
22546,60298,60298,0,W
22547,60299,60360,61,E
22548,60302,60360,58,W
22550,60304,60362,58,E
22552,60306,60362,56,W
22553,60309,60364,55,E
22554,60310,60364,54,W
22556,60314,60366,52,E
22557,60314,60366,52,W
22561,60319,60368,49,E
22560,60318,60368,50,W
22563,60324,60370,46,E
22562,60322,60370,48,W
22567,60329,60372,43,E
22566,60326,60372,46,W
22570,60334,60374,40,E
22568,60330,60374,44,W
22575,60339,60376,37,E
22571,60334,60376,42,W
22577,60344,60378,34,E
22573,60338,60378,40,W
22581,60349,60380,31,E
22576,60342,60380,38,W
22584,60354,60382,28,E
22580,60346,60382,36,W
22588,60359,60384,25,E
22582,60350,60384,34,W
22591,60364,60386,22,E
22585,60354,60386,32,W
22595,60369,60388,19,E
22587,60358,60388,30,W
22598,60374,60390,16,E
22590,60362,60390,28,W
22602,60379,60392,13,E
22593,60366,60392,26,W
22605,60384,60394,10,E
22596,60370,60394,24,W
22609,60389,60396,7,E
22599,60374,60396,22,W
22611,60394,60398,4,E
22601,60378,60398,20,W
22616,60399,60400,1,E
22604,60382,60400,18,W
22607,60386,60402,16,W
22619,60404,60404,0,E
22610,60390,60404,14,W
22612,60394,60406,12,W
22615,60398,60408,10,W
22623,60409,60410,1,E
22618,60402,60410,8,W
22621,60406,60412,6,W
22625,60414,60414,0,E
22624,60410,60414,4,W
22626,60414,60416,2,W
22629,60418,60418,0,W
22630,60419,60480,61,E
22631,60422,60480,58,W
22633,60424,60482,58,E
22635,60426,60482,56,W
22636,60429,60484,55,E
22638,60430,60484,54,W
22639,60434,60486,52,E
22640,60434,60486,52,W
22644,60439,60488,49,E
22643,60438,60488,50,W
22647,60444,60490,46,E
22645,60442,60490,48,W
22650,60449,60492,43,E
22649,60446,60492,46,W
22653,60454,60494,40,E
22651,60450,60494,44,W
22658,60459,60496,37,E
22654,60454,60496,42,W
22660,60464,60498,34,E
22657,60458,60498,40,W
22664,60469,60500,31,E
22659,60462,60500,38,W
22667,60474,60502,28,E
22663,60466,60502,36,W
22672,60479,60504,25,E
22665,60470,60504,34,W
22674,60484,60506,22,E
22668,60474,60506,32,W
22678,60489,60508,19,E
22670,60478,60508,30,W
22681,60494,60510,16,E
22673,60482,60510,28,W
22685,60499,60512,13,E
22677,60486,60512,26,W
22688,60504,60514,10,E
22679,60490,60514,24,W
22692,60509,60516,7,E
22682,60494,60516,22,W
22695,60514,60518,4,E
22684,60498,60518,20,W
22699,60519,60520,1,E
22687,60502,60520,18,W
22690,60506,60522,16,W
22702,60524,60524,0,E
22693,60510,60524,14,W
22696,60514,60526,12,W
22698,60518,60528,10,W
22706,60529,60530,1,E
22701,60522,60530,8,W
22704,60526,60532,6,W
22708,60534,60534,0,E
22707,60530,60534,4,W
22709,60534,60536,2,W
22712,60538,60538,0,W
22713,60539,60600,61,E
22715,60542,60600,58,W
22716,60544,60602,58,E
22718,60546,60602,56,W
22720,60549,60604,55,E
22721,60550,60604,54,W
22722,60554,60606,52,E
22723,60554,60606,52,W
22727,60559,60608,49,E
22726,60558,60608,50,W
22730,60564,60610,46,E
22728,60562,60610,48,W
22733,60569,60612,43,E
22732,60566,60612,46,W
22736,60574,60614,40,E
22735,60570,60614,44,W
22741,60579,60616,37,E
22737,60574,60616,42,W
22744,60584,60618,34,E
22740,60578,60618,40,W
22747,60589,60620,31,E
22742,60582,60620,38,W
22750,60594,60622,28,E
22746,60586,60622,36,W
22755,60599,60624,25,E
22748,60590,60624,34,W
22757,60604,60626,22,E
22751,60594,60626,32,W
22761,60609,60628,19,E
22754,60598,60628,30,W
22764,60614,60630,16,E
22756,60602,60630,28,W
22769,60619,60632,13,E
22760,60606,60632,26,W
22771,60624,60634,10,E
22762,60610,60634,24,W
22775,60629,60636,7,E
22765,60614,60636,22,W
22778,60634,60638,4,E
22767,60618,60638,20,W
22782,60639,60640,1,E
22770,60622,60640,18,W
22774,60626,60642,16,W
22785,60644,60644,0,E
22776,60630,60644,14,W
22779,60634,60646,12,W
22781,60638,60648,10,W
22789,60649,60650,1,E
22784,60642,60650,8,W
22787,60646,60652,6,W
22792,60654,60654,0,E
22790,60650,60654,4,W
22793,60654,60656,2,W
22795,60658,60658,0,W
22796,60659,60720,61,E
22798,60662,60720,58,W
22799,60664,60722,58,E
22801,60666,60722,56,W
22803,60669,60724,55,E
22804,60670,60724,54,W
22805,60674,60726,52,E
22806,60674,60726,52,W
22810,60679,60728,49,E
22809,60678,60728,50,W
22813,60684,60730,46,E
22812,60682,60730,48,W
22817,60689,60732,43,E
22815,60686,60732,46,W
22819,60694,60734,40,E
22818,60690,60734,44,W
22824,60699,60736,37,E
22820,60694,60736,42,W
22827,60704,60738,34,E
22823,60698,60738,40,W
22830,60709,60740,31,E
22825,60702,60740,38,W
22833,60714,60742,28,E
22829,60706,60742,36,W
22838,60719,60744,25,E
22832,60710,60744,34,W
22841,60724,60746,22,E
22834,60714,60746,32,W
22844,60729,60748,19,E
22837,60718,60748,30,W
22847,60734,60750,16,E
22839,60722,60750,28,W
22852,60739,60752,13,E
22843,60726,60752,26,W
22854,60744,60754,10,E
22845,60730,60754,24,W
22858,60749,60756,7,E
22848,60734,60756,22,W
22861,60754,60758,4,E
22851,60738,60758,20,W
22866,60759,60760,1,E
22853,60742,60760,18,W
22857,60746,60762,16,W
22868,60764,60764,0,E
22859,60750,60764,14,W
22862,60754,60766,12,W
22864,60758,60768,10,W
22872,60769,60770,1,E
22867,60762,60770,8,W
22871,60766,60772,6,W
22875,60774,60774,0,E
22873,60770,60774,4,W
22876,60774,60776,2,W
22878,60778,60778,0,W
22879,60779,60840,61,E
22881,60782,60840,58,W
22882,60784,60842,58,E
22884,60786,60842,56,W
22886,60789,60844,55,E
22887,60790,60844,54,W
22889,60794,60846,52,E
22890,60794,60846,52,W
22893,60799,60848,49,E
22892,60798,60848,50,W
22896,60804,60850,46,E
22895,60802,60850,48,W
22900,60809,60852,43,E
22898,60806,60852,46,W
22902,60814,60854,40,E
22901,60810,60854,44,W
22907,60819,60856,37,E
22903,60814,60856,42,W
22910,60824,60858,34,E
22906,60818,60858,40,W
22914,60829,60860,31,E
22909,60822,60860,38,W
22916,60834,60862,28,E
22912,60826,60862,36,W
22921,60839,60864,25,E
22915,60830,60864,34,W
22924,60844,60866,22,E
22917,60834,60866,32,W
22927,60849,60868,19,E
22920,60838,60868,30,W
22930,60854,60870,16,E
22922,60842,60870,28,W
22935,60859,60872,13,E
22926,60846,60872,26,W
22938,60864,60874,10,E
22929,60850,60874,24,W
22941,60869,60876,7,E
22931,60854,60876,22,W
22944,60874,60878,4,E
22934,60858,60878,20,W
22949,60879,60880,1,E
22936,60862,60880,18,W
22940,60866,60882,16,W
22951,60884,60884,0,E
22942,60870,60884,14,W
22945,60874,60886,12,W
22948,60878,60888,10,W
22955,60889,60890,1,E
22950,60882,60890,8,W
22954,60886,60892,6,W
22958,60894,60894,0,E
22956,60890,60894,4,W
22959,60894,60896,2,W
22961,60898,60898,0,W
22963,60899,60960,61,E
22964,60902,60960,58,W
22965,60904,60962,58,E
22968,60906,60962,56,W
22969,60909,60964,55,E
22970,60910,60964,54,W
22972,60914,60966,52,E
22973,60914,60966,52,W
22976,60919,60968,49,E
22975,60918,60968,50,W
22979,60924,60970,46,E
22978,60922,60970,48,W
22983,60929,60972,43,E
22981,60926,60972,46,W
22986,60934,60974,40,E
22984,60930,60974,44,W
22990,60939,60976,37,E
22987,60934,60976,42,W
22993,60944,60978,34,E
22989,60938,60978,40,W
22997,60949,60980,31,E
22992,60942,60980,38,W
22999,60954,60982,28,E
22995,60946,60982,36,W
23004,60959,60984,25,E
22998,60950,60984,34,W
23007,60964,60986,22,E
23000,60954,60986,32,W
23011,60969,60988,19,E
23003,60958,60988,30,W
23013,60974,60990,16,E
23006,60962,60990,28,W
23018,60979,60992,13,E
23009,60966,60992,26,W
23021,60984,60994,10,E
23012,60970,60994,24,W
23024,60989,60996,7,E
23014,60974,60996,22,W
23027,60994,60998,4,E
23017,60978,60998,20,W
23032,60999,61000,1,E
23019,60982,61000,18,W
23023,60986,61002,16,W
23035,61004,61004,0,E
23026,60990,61004,14,W
23028,60994,61006,12,W
23031,60998,61008,10,W
23038,61009,61010,1,E
23033,61002,61010,8,W
23037,61006,61012,6,W
23041,61014,61014,0,E
23039,61010,61014,4,W
23042,61014,61016,2,W
23045,61018,61018,0,W
23046,61019,61080,61,E
23047,61022,61080,58,W
23048,61024,61082,58,E
23051,61026,61082,56,W
23052,61029,61084,55,E
23053,61030,61084,54,W
23055,61034,61086,52,E
23056,61034,61086,52,W
23060,61039,61088,49,E
23058,61038,61088,50,W
23062,61044,61090,46,E
23061,61042,61090,48,W
23066,61049,61092,43,E
23065,61046,61092,46,W
23069,61054,61094,40,E
23067,61050,61094,44,W
23073,61059,61096,37,E
23070,61054,61096,42,W
23076,61064,61098,34,E
23072,61058,61098,40,W
23080,61069,61100,31,E
23075,61062,61100,38,W
23083,61074,61102,28,E
23078,61066,61102,36,W
23087,61079,61104,25,E
23081,61070,61104,34,W
23090,61084,61106,22,E
23084,61074,61106,32,W
23094,61089,61108,19,E
23086,61078,61108,30,W
23096,61094,61110,16,E
23089,61082,61110,28,W
23101,61099,61112,13,E
23092,61086,61112,26,W
23104,61104,61114,10,E
23095,61090,61114,24,W
23108,61109,61116,7,E
23097,61094,61116,22,W
23110,61114,61118,4,E
23100,61098,61118,20,W
23115,61119,61120,1,E
23103,61102,61120,18,W
23106,61106,61122,16,W
23118,61124,61124,0,E
23109,61110,61124,14,W
23111,61114,61126,12,W
23114,61118,61128,10,W
23121,61129,61130,1,E
23116,61122,61130,8,W
23120,61126,61132,6,W
23124,61134,61134,0,E
23123,61130,61134,4,W
23125,61134,61136,2,W
23128,61138,61138,0,W
23129,61139,61200,61,E
23130,61142,61200,58,W
23132,61144,61202,58,E
23134,61146,61202,56,W
23135,61149,61204,55,E
23136,61150,61204,54,W
23138,61154,61206,52,E
23139,61154,61206,52,W
23143,61159,61208,49,E
23142,61158,61208,50,W
23145,61164,61210,46,E
23144,61162,61210,48,W
23149,61169,61212,43,E
23148,61166,61212,46,W
23152,61174,61214,40,E
23150,61170,61214,44,W
23157,61179,61216,37,E
23153,61174,61216,42,W
23159,61184,61218,34,E
23155,61178,61218,40,W
23163,61189,61220,31,E
23158,61182,61220,38,W
23166,61194,61222,28,E
23162,61186,61222,36,W
23170,61199,61224,25,E
23164,61190,61224,34,W
23173,61204,61226,22,E
23167,61194,61226,32,W
23177,61209,61228,19,E
23169,61198,61228,30,W
23180,61214,61230,16,E
23172,61202,61230,28,W
23184,61219,61232,13,E
23175,61206,61232,26,W
23187,61224,61234,10,E
23178,61210,61234,24,W
23191,61229,61236,7,E
23181,61214,61236,22,W
23193,61234,61238,4,E
23183,61218,61238,20,W
23198,61239,61240,1,E
23186,61222,61240,18,W
23188,61226,61242,16,W
23201,61244,61244,0,E
23192,61230,61244,14,W
23194,61234,61246,12,W
23196,61238,61248,10,W
23204,61249,61250,1,E
23200,61242,61250,8,W
23202,61246,61252,6,W
23207,61254,61254,0,E
23206,61250,61254,4,W
23208,61254,61256,2,W
23210,61258,61258,0,W
23211,61259,61320,61,E
23213,61262,61320,58,W
23215,61264,61322,58,E
23216,61266,61322,56,W
23217,61269,61324,55,E
23219,61270,61324,54,W
23221,61274,61326,52,E
23222,61274,61326,52,W
23225,61279,61328,49,E
23224,61278,61328,50,W
23229,61284,61330,46,E
23226,61282,61330,48,W
23231,61289,61332,43,E
23230,61286,61332,46,W
23235,61294,61334,40,E
23232,61290,61334,44,W
23239,61299,61336,37,E
23236,61294,61336,42,W
23241,61304,61338,34,E
23238,61298,61338,40,W
23245,61309,61340,31,E
23240,61302,61340,38,W
23248,61314,61342,28,E
23244,61306,61342,36,W
23253,61319,61344,25,E
23246,61310,61344,34,W
23255,61324,61346,22,E
23249,61314,61346,32,W
23259,61329,61348,19,E
23251,61318,61348,30,W
23262,61334,61350,16,E
23254,61322,61350,28,W
23266,61339,61352,13,E
23257,61326,61352,26,W
23269,61344,61354,10,E
23260,61330,61354,24,W
23273,61349,61356,7,E
23263,61334,61356,22,W
23276,61354,61358,4,E
23265,61338,61358,20,W
23279,61359,61360,1,E
23268,61342,61360,18,W
23270,61346,61362,16,W
23283,61364,61364,0,E
23274,61350,61364,14,W
23277,61354,61366,12,W
23278,61358,61368,10,W
23286,61369,61370,1,E
23282,61362,61370,8,W
23284,61366,61372,6,W
23289,61374,61374,0,E
23287,61370,61374,4,W
23290,61374,61376,2,W
23292,61378,61378,0,W
23293,61379,61440,61,E
23296,61382,61440,58,W
23297,61384,61442,58,E
23298,61386,61442,56,W
23300,61389,61444,55,E
23301,61390,61444,54,W
23303,61394,61446,52,E
23304,61394,61446,52,W
23307,61399,61448,49,E
23306,61398,61448,50,W
23311,61404,61450,46,E
23308,61402,61450,48,W
23313,61409,61452,43,E
23312,61406,61452,46,W
23316,61414,61454,40,E
23315,61410,61454,44,W
23321,61419,61456,37,E
23317,61414,61456,42,W
23324,61424,61458,34,E
23320,61418,61458,40,W
23327,61429,61460,31,E
23322,61422,61460,38,W
23330,61434,61462,28,E
23326,61426,61462,36,W
23335,61439,61464,25,E
23328,61430,61464,34,W
23337,61444,61466,22,E
23331,61434,61466,32,W
23341,61449,61468,19,E
23334,61438,61468,30,W
23344,61454,61470,16,E
23336,61442,61470,28,W
23349,61459,61472,13,E
23339,61446,61472,26,W
23351,61464,61474,10,E
23342,61450,61474,24,W
23354,61469,61476,7,E
23345,61454,61476,22,W
23358,61474,61478,4,E
23346,61458,61478,20,W
23361,61479,61480,1,E
23350,61462,61480,18,W
23353,61466,61482,16,W
23365,61484,61484,0,E
23356,61470,61484,14,W
23359,61474,61486,12,W
23360,61478,61488,10,W
23368,61489,61490,1,E
23364,61482,61490,8,W
23366,61486,61492,6,W
23372,61494,61494,0,E
23369,61490,61494,4,W
23373,61494,61496,2,W
23374,61498,61498,0,W
23375,61499,61560,61,E
23377,61502,61560,58,W
23379,61504,61562,58,E
23380,61506,61562,56,W
23382,61509,61564,55,E
23383,61510,61564,54,W
23385,61514,61566,52,E
23386,61514,61566,52,W
23389,61519,61568,49,E
23388,61518,61568,50,W
23392,61524,61570,46,E
23391,61522,61570,48,W
23396,61529,61572,43,E
23394,61526,61572,46,W
23398,61534,61574,40,E
23397,61530,61574,44,W
23403,61539,61576,37,E
23399,61534,61576,42,W
23406,61544,61578,34,E
23402,61538,61578,40,W
23409,61549,61580,31,E
23404,61542,61580,38,W
23412,61554,61582,28,E
23407,61546,61582,36,W
23417,61559,61584,25,E
23411,61550,61584,34,W
23420,61564,61586,22,E
23413,61554,61586,32,W
23423,61569,61588,19,E
23416,61558,61588,30,W
23426,61574,61590,16,E
23418,61562,61590,28,W
23430,61579,61592,13,E
23421,61566,61592,26,W
23433,61584,61594,10,E
23424,61570,61594,24,W
23436,61589,61596,7,E
23427,61574,61596,22,W
23440,61594,61598,4,E
23429,61578,61598,20,W
23444,61599,61600,1,E
23432,61582,61600,18,W
23435,61586,61602,16,W
23447,61604,61604,0,E
23437,61590,61604,14,W
23441,61594,61606,12,W
23442,61598,61608,10,W
23450,61609,61610,1,E
23446,61602,61610,8,W
23449,61606,61612,6,W
23454,61614,61614,0,E
23451,61610,61614,4,W
23455,61614,61616,2,W
23456,61618,61618,0,W
23457,61619,61680,61,E
23459,61622,61680,58,W
23461,61624,61682,58,E
23462,61626,61682,56,W
23464,61629,61684,55,E
23465,61630,61684,54,W
23467,61634,61686,52,E
23468,61634,61686,52,W
23471,61639,61688,49,E
23470,61638,61688,50,W
23474,61644,61690,46,E
23473,61642,61690,48,W
23478,61649,61692,43,E
23476,61646,61692,46,W
23480,61654,61694,40,E
23479,61650,61694,44,W
23485,61659,61696,37,E
23481,61654,61696,42,W
23488,61664,61698,34,E
23484,61658,61698,40,W
23492,61669,61700,31,E
23487,61662,61700,38,W
23494,61674,61702,28,E
23489,61666,61702,36,W
23499,61679,61704,25,E
23493,61670,61704,34,W
23502,61684,61706,22,E
23495,61674,61706,32,W
23504,61689,61708,19,E
23497,61678,61708,30,W
23508,61694,61710,16,E
23500,61682,61710,28,W
23512,61699,61712,13,E
23503,61686,61712,26,W
23516,61704,61714,10,E
23507,61690,61714,24,W
23518,61709,61716,7,E
23509,61694,61716,22,W
23522,61714,61718,4,E
23511,61698,61718,20,W
23526,61719,61720,1,E
23514,61702,61720,18,W
23517,61706,61722,16,W
23529,61724,61724,0,E
23519,61710,61724,14,W
23523,61714,61726,12,W
23525,61718,61728,10,W
23532,61729,61730,1,E
23527,61722,61730,8,W
23531,61726,61732,6,W
23536,61734,61734,0,E
23533,61730,61734,4,W
23537,61734,61736,2,W
23538,61738,61738,0,W
23540,61739,61800,61,E
23541,61742,61800,58,W
23542,61744,61802,58,E
23545,61746,61802,56,W
23546,61749,61804,55,E
23547,61750,61804,54,W
23549,61754,61806,52,E
23550,61754,61806,52,W
23553,61759,61808,49,E
23552,61758,61808,50,W
23556,61764,61810,46,E
23555,61762,61810,48,W
23560,61769,61812,43,E
23557,61766,61812,46,W
23563,61774,61814,40,E
23561,61770,61814,44,W
23567,61779,61816,37,E
23564,61774,61816,42,W
23570,61784,61818,34,E
23566,61778,61818,40,W
23574,61789,61820,31,E
23569,61782,61820,38,W
23576,61794,61822,28,E
23571,61786,61822,36,W
23580,61799,61824,25,E
23575,61790,61824,34,W
23584,61804,61826,22,E
23577,61794,61826,32,W
23587,61809,61828,19,E
23579,61798,61828,30,W
23590,61814,61830,16,E
23583,61802,61830,28,W
23594,61819,61832,13,E
23585,61806,61832,26,W
23598,61824,61834,10,E
23588,61810,61834,24,W
23600,61829,61836,7,E
23591,61814,61836,22,W
23604,61834,61838,4,E
23593,61818,61838,20,W
23608,61839,61840,1,E
23596,61822,61840,18,W
23599,61826,61842,16,W
23612,61844,61844,0,E
23602,61830,61844,14,W
23605,61834,61846,12,W
23607,61838,61848,10,W
23614,61849,61850,1,E
23609,61842,61850,8,W
23613,61846,61852,6,W
23617,61854,61854,0,E
23615,61850,61854,4,W
23618,61854,61856,2,W
23621,61858,61858,0,W
23622,61859,61920,61,E
23623,61862,61920,58,W
23624,61864,61922,58,E
23627,61866,61922,56,W
23628,61869,61924,55,E
23629,61870,61924,54,W
23631,61874,61926,52,E
23632,61874,61926,52,W
23636,61879,61928,49,E
23634,61878,61928,50,W
23638,61884,61930,46,E
23637,61882,61930,48,W
23642,61889,61932,43,E
23640,61886,61932,46,W
23645,61894,61934,40,E
23643,61890,61934,44,W
23649,61899,61936,37,E
23646,61894,61936,42,W
23652,61904,61938,34,E
23647,61898,61938,40,W
23655,61909,61940,31,E
23651,61902,61940,38,W
23659,61914,61942,28,E
23653,61906,61942,36,W
23662,61919,61944,25,E
23657,61910,61944,34,W
23666,61924,61946,22,E
23660,61914,61946,32,W
23669,61929,61948,19,E
23661,61918,61948,30,W
23672,61934,61950,16,E
23665,61922,61950,28,W
23676,61939,61952,13,E
23667,61926,61952,26,W
23680,61944,61954,10,E
23670,61930,61954,24,W
23683,61949,61956,7,E
23673,61934,61956,22,W
23686,61954,61958,4,E
23675,61938,61958,20,W
23690,61959,61960,1,E
23678,61942,61960,18,W
23681,61946,61962,16,W
23693,61964,61964,0,E
23684,61950,61964,14,W
23687,61954,61966,12,W
23689,61958,61968,10,W
23696,61969,61970,1,E
23691,61962,61970,8,W
23695,61966,61972,6,W
23699,61974,61974,0,E
23698,61970,61974,4,W
23700,61974,61976,2,W
23703,61978,61978,0,W
23704,61979,62040,61,E
23705,61982,62040,58,W
23707,61984,62042,58,E
23708,61986,62042,56,W
23710,61989,62044,55,E
23711,61990,62044,54,W
23713,61994,62046,52,E
23714,61994,62046,52,W
23718,61999,62048,49,E
23717,61998,62048,50,W
23720,62004,62050,46,E
23719,62002,62050,48,W
23724,62009,62052,43,E
23722,62006,62052,46,W
23727,62014,62054,40,E
23725,62010,62054,44,W
23731,62019,62056,37,E
23728,62014,62056,42,W
23734,62024,62058,34,E
23729,62018,62058,40,W
23737,62029,62060,31,E
23733,62022,62060,38,W
23741,62034,62062,28,E
23736,62026,62062,36,W
23744,62039,62064,25,E
23738,62030,62064,34,W
23748,62044,62066,22,E
23742,62034,62066,32,W
23751,62049,62068,19,E
23743,62038,62068,30,W
23755,62054,62070,16,E
23747,62042,62070,28,W
23758,62059,62072,13,E
23749,62046,62072,26,W
23762,62064,62074,10,E
23752,62050,62074,24,W
23765,62069,62076,7,E
23756,62054,62076,22,W
23767,62074,62078,4,E
23757,62058,62078,20,W
23772,62079,62080,1,E
23760,62062,62080,18,W
23763,62066,62082,16,W
23775,62084,62084,0,E
23766,62070,62084,14,W
23768,62074,62086,12,W
23771,62078,62088,10,W
23779,62089,62090,1,E
23774,62082,62090,8,W
23777,62086,62092,6,W
23781,62094,62094,0,E
23780,62090,62094,4,W
23782,62094,62096,2,W
23785,62098,62098,0,W
23786,62099,62160,61,E
23787,62102,62160,58,W
23789,62104,62162,58,E
23790,62106,62162,56,W
23792,62109,62164,55,E
23794,62110,62164,54,W
23795,62114,62166,52,E
23796,62114,62166,52,W
23800,62119,62168,49,E
23798,62118,62168,50,W
23803,62124,62170,46,E
23801,62122,62170,48,W
23805,62129,62172,43,E
23804,62126,62172,46,W
23809,62134,62174,40,E
23807,62130,62174,44,W
23813,62139,62176,37,E
23810,62134,62176,42,W
23816,62144,62178,34,E
23812,62138,62178,40,W
23819,62149,62180,31,E
23815,62142,62180,38,W
23823,62154,62182,28,E
23818,62146,62182,36,W
23827,62159,62184,25,E
23820,62150,62184,34,W
23830,62164,62186,22,E
23824,62154,62186,32,W
23833,62169,62188,19,E
23825,62158,62188,30,W
23837,62174,62190,16,E
23828,62162,62190,28,W
23840,62179,62192,13,E
23832,62166,62192,26,W
23843,62184,62194,10,E
23834,62170,62194,24,W
23847,62189,62196,7,E
23838,62174,62196,22,W
23850,62194,62198,4,E
23839,62178,62198,20,W
23854,62199,62200,1,E
23842,62182,62200,18,W
23845,62186,62202,16,W
23857,62204,62204,0,E
23848,62190,62204,14,W
23851,62194,62206,12,W
23853,62198,62208,10,W
23861,62209,62210,1,E
23856,62202,62210,8,W
23858,62206,62212,6,W
23863,62214,62214,0,E
23862,62210,62214,4,W
23864,62214,62216,2,W
23867,62218,62218,0,W
23868,62219,62280,61,E
23870,62222,62280,58,W
23871,62224,62282,58,E
23872,62226,62282,56,W
23875,62229,62284,55,E
23876,62230,62284,54,W
23877,62234,62286,52,E
23878,62234,62286,52,W
23881,62239,62288,49,E
23880,62238,62288,50,W
23885,62244,62290,46,E
23883,62242,62290,48,W
23887,62249,62292,43,E
23886,62246,62292,46,W
23891,62254,62294,40,E
23889,62250,62294,44,W
23895,62259,62296,37,E
23892,62254,62296,42,W
23899,62264,62298,34,E
23894,62258,62298,40,W
23901,62269,62300,31,E
23897,62262,62300,38,W
23905,62274,62302,28,E
23900,62266,62302,36,W
23909,62279,62304,25,E
23902,62270,62304,34,W
23912,62284,62306,22,E
23906,62274,62306,32,W
23915,62289,62308,19,E
23908,62278,62308,30,W
23918,62294,62310,16,E
23910,62282,62310,28,W
23923,62299,62312,13,E
23914,62286,62312,26,W
23925,62304,62314,10,E
23916,62290,62314,24,W
23929,62309,62316,7,E
23919,62294,62316,22,W
23932,62314,62318,4,E
23921,62298,62318,20,W
23936,62319,62320,1,E
23924,62302,62320,18,W
23928,62306,62322,16,W
23939,62324,62324,0,E
23930,62310,62324,14,W
23933,62314,62326,12,W
23935,62318,62328,10,W
23943,62329,62330,1,E
23938,62322,62330,8,W
23940,62326,62332,6,W
23946,62334,62334,0,E
23944,62330,62334,4,W
23947,62334,62336,2,W
23948,62338,62338,0,W
23950,62339,62400,61,E
23952,62342,62400,58,W
23953,62344,62402,58,E
23954,62346,62402,56,W
23956,62349,62404,55,E
23958,62350,62404,54,W
23959,62354,62406,52,E
23960,62354,62406,52,W
23963,62359,62408,49,E
23962,62358,62408,50,W
23967,62364,62410,46,E
23966,62362,62410,48,W
23970,62369,62412,43,E
23968,62366,62412,46,W
23973,62374,62414,40,E
23971,62370,62414,44,W
23977,62379,62416,37,E
23974,62374,62416,42,W
23981,62384,62418,34,E
23976,62378,62418,40,W
23983,62389,62420,31,E
23978,62382,62420,38,W
23987,62394,62422,28,E
23982,62386,62422,36,W
23991,62399,62424,25,E
23985,62390,62424,34,W
23994,62404,62426,22,E
23988,62394,62426,32,W
23997,62409,62428,19,E
23990,62398,62428,30,W
24000,62414,62430,16,E
23992,62402,62430,28,W
24005,62419,62432,13,E
23996,62406,62432,26,W
24007,62424,62434,10,E
23998,62410,62434,24,W
24011,62429,62436,7,E
24001,62414,62436,22,W
24014,62434,62438,4,E
24004,62418,62438,20,W
24019,62439,62440,1,E
24006,62422,62440,18,W
24009,62426,62442,16,W
24021,62444,62444,0,E
24012,62430,62444,14,W
24015,62434,62446,12,W
24017,62438,62448,10,W
24025,62449,62450,1,E
24020,62442,62450,8,W
24023,62446,62452,6,W
24028,62454,62454,0,E
24026,62450,62454,4,W
24029,62454,62456,2,W
24030,62458,62458,0,W
24031,62459,62520,61,E
24034,62462,62520,58,W
24035,62464,62522,58,E
24036,62466,62522,56,W
24038,62469,62524,55,E
24039,62470,62524,54,W
24042,62474,62526,52,E
24043,62474,62526,52,W
24045,62479,62528,49,E
24044,62478,62528,50,W
24049,62484,62530,46,E
24048,62482,62530,48,W
24052,62489,62532,43,E
24050,62486,62532,46,W
24055,62494,62534,40,E
24053,62490,62534,44,W
24059,62499,62536,37,E
24056,62494,62536,42,W
24063,62504,62538,34,E
24058,62498,62538,40,W
24066,62509,62540,31,E
24061,62502,62540,38,W
24068,62514,62542,28,E
24064,62506,62542,36,W
24073,62519,62544,25,E
24067,62510,62544,34,W
24076,62524,62546,22,E
24069,62514,62546,32,W
24079,62529,62548,19,E
24072,62518,62548,30,W
24082,62534,62550,16,E
24074,62522,62550,28,W
24087,62539,62552,13,E
24078,62526,62552,26,W
24090,62544,62554,10,E
24081,62530,62554,24,W
24093,62549,62556,7,E
24083,62534,62556,22,W
24096,62554,62558,4,E
24086,62538,62558,20,W
24101,62559,62560,1,E
24088,62542,62560,18,W
24091,62546,62562,16,W
24103,62564,62564,0,E
24094,62550,62564,14,W
24097,62554,62566,12,W
24099,62558,62568,10,W
24106,62569,62570,1,E
24102,62562,62570,8,W
24105,62566,62572,6,W
24110,62574,62574,0,E
24108,62570,62574,4,W
24111,62574,62576,2,W
24112,62578,62578,0,W
24114,62579,62640,61,E
24116,62582,62640,58,W
24117,62584,62642,58,E
24119,62586,62642,56,W
24120,62589,62644,55,E
24121,62590,62644,54,W
24124,62594,62646,52,E
24125,62594,62646,52,W
24127,62599,62648,49,E
24126,62598,62648,50,W
24131,62604,62650,46,E
24129,62602,62650,48,W
24134,62609,62652,43,E
24132,62606,62652,46,W
24138,62614,62654,40,E
24135,62610,62654,44,W
24141,62619,62656,37,E
24139,62614,62656,42,W
24144,62624,62658,34,E
24140,62618,62658,40,W
24148,62629,62660,31,E
24143,62622,62660,38,W
24150,62634,62662,28,E
24146,62626,62662,36,W
24155,62639,62664,25,E
24149,62630,62664,34,W
24158,62644,62666,22,E
24151,62634,62666,32,W
24162,62649,62668,19,E
24154,62638,62668,30,W
24164,62654,62670,16,E
24157,62642,62670,28,W
24169,62659,62672,13,E
24159,62646,62672,26,W
24172,62664,62674,10,E
24163,62650,62674,24,W
24175,62669,62676,7,E
24165,62654,62676,22,W
24178,62674,62678,4,E
24168,62658,62678,20,W
24182,62679,62680,1,E
24170,62662,62680,18,W
24173,62666,62682,16,W
24186,62684,62684,0,E
24177,62670,62684,14,W
24179,62674,62686,12,W
24181,62678,62688,10,W
24188,62689,62690,1,E
24184,62682,62690,8,W
24187,62686,62692,6,W
24192,62694,62694,0,E
24189,62690,62694,4,W
24193,62694,62696,2,W
24195,62698,62698,0,W
24196,62699,62760,61,E
24198,62702,62760,58,W
24199,62704,62762,58,E
24201,62706,62762,56,W
24202,62709,62764,55,E
24203,62710,62764,54,W
24206,62714,62766,52,E
24207,62714,62766,52,W
24210,62719,62768,49,E
24208,62718,62768,50,W
24213,62724,62770,46,E
24211,62722,62770,48,W
24216,62729,62772,43,E
24215,62726,62772,46,W
24219,62734,62774,40,E
24217,62730,62774,44,W
24223,62739,62776,37,E
24220,62734,62776,42,W
24226,62744,62778,34,E
24222,62738,62778,40,W
24230,62749,62780,31,E
24225,62742,62780,38,W
24233,62754,62782,28,E
24228,62746,62782,36,W
24237,62759,62784,25,E
24231,62750,62784,34,W
24240,62764,62786,22,E
24234,62754,62786,32,W
24244,62769,62788,19,E
24236,62758,62788,30,W
24246,62774,62790,16,E
24239,62762,62790,28,W
24251,62779,62792,13,E
24241,62766,62792,26,W
24254,62784,62794,10,E
24245,62770,62794,24,W
24257,62789,62796,7,E
24247,62774,62796,22,W
24260,62794,62798,4,E
24249,62778,62798,20,W
24264,62799,62800,1,E
24253,62782,62800,18,W
24255,62786,62802,16,W
24268,62804,62804,0,E
24259,62790,62804,14,W
24261,62794,62806,12,W
24263,62798,62808,10,W
24270,62809,62810,1,E
24266,62802,62810,8,W
24269,62806,62812,6,W
24274,62814,62814,0,E
24272,62810,62814,4,W
24275,62814,62816,2,W
24277,62818,62818,0,W
24278,62819,62880,61,E
24279,62822,62880,58,W
24282,62824,62882,58,E
24283,62826,62882,56,W
24284,62829,62884,55,E
24285,62830,62884,54,W
24288,62834,62886,52,E
24289,62834,62886,52,W
24292,62839,62888,49,E
24291,62838,62888,50,W
24294,62844,62890,46,E
24293,62842,62890,48,W
24298,62849,62892,43,E
24297,62846,62892,46,W
24301,62854,62894,40,E
24299,62850,62894,44,W
24306,62859,62896,37,E
24302,62854,62896,42,W
24308,62864,62898,34,E
24304,62858,62898,40,W
24312,62869,62900,31,E
24307,62862,62900,38,W
24315,62874,62902,28,E
24310,62866,62902,36,W
24319,62879,62904,25,E
24313,62870,62904,34,W
24322,62884,62906,22,E
24316,62874,62906,32,W
24326,62889,62908,19,E
24318,62878,62908,30,W
24329,62894,62910,16,E
24321,62882,62910,28,W
24332,62899,62912,13,E
24323,62886,62912,26,W
24336,62904,62914,10,E
24327,62890,62914,24,W
24339,62909,62916,7,E
24330,62894,62916,22,W
24342,62914,62918,4,E
24331,62898,62918,20,W
24346,62919,62920,1,E
24335,62902,62920,18,W
24337,62906,62922,16,W
24350,62924,62924,0,E
24340,62910,62924,14,W
24343,62914,62926,12,W
24345,62918,62928,10,W
24353,62929,62930,1,E
24349,62922,62930,8,W
24351,62926,62932,6,W
24356,62934,62934,0,E
24354,62930,62934,4,W
24357,62934,62936,2,W
24359,62938,62938,0,W
24360,62939,63000,61,E
24361,62942,63000,58,W
24364,62944,63002,58,E
24365,62946,63002,56,W
24366,62949,63004,55,E
24368,62950,63004,54,W
24369,62954,63006,52,E
24370,62954,63006,52,W
24374,62959,63008,49,E
24373,62958,63008,50,W
24377,62964,63010,46,E
24375,62962,63010,48,W
24380,62969,63012,43,E
24379,62966,63012,46,W
24383,62974,63014,40,E
24381,62970,63014,44,W
24388,62979,63016,37,E
24384,62974,63016,42,W
24390,62984,63018,34,E
24387,62978,63018,40,W
24394,62989,63020,31,E
24389,62982,63020,38,W
24397,62994,63022,28,E
24392,62986,63022,36,W
24402,62999,63024,25,E
24395,62990,63024,34,W
24404,63004,63026,22,E
24398,62994,63026,32,W
24407,63009,63028,19,E
24399,62998,63028,30,W
24411,63014,63030,16,E
24403,63002,63030,28,W
24414,63019,63032,13,E
24406,63006,63032,26,W
24418,63024,63034,10,E
24409,63010,63034,24,W
24421,63029,63036,7,E
24412,63014,63036,22,W
24425,63034,63038,4,E
24413,63018,63038,20,W
24428,63039,63040,1,E
24417,63022,63040,18,W
24419,63026,63042,16,W
24432,63044,63044,0,E
24422,63030,63044,14,W
24426,63034,63046,12,W
24427,63038,63048,10,W
24435,63049,63050,1,E
24430,63042,63050,8,W
24433,63046,63052,6,W
24438,63054,63054,0,E
24436,63050,63054,4,W
24439,63054,63056,2,W
24441,63058,63058,0,W
24442,63059,63120,61,E
24444,63062,63120,58,W
24445,63064,63122,58,E
24447,63066,63122,56,W
24449,63069,63124,55,E
24450,63070,63124,54,W
24451,63074,63126,52,E
24452,63074,63126,52,W
24456,63079,63128,49,E
24455,63078,63128,50,W
24459,63084,63130,46,E
24457,63082,63130,48,W
24462,63089,63132,43,E
24460,63086,63132,46,W
24465,63094,63134,40,E
24464,63090,63134,44,W
24470,63099,63136,37,E
24466,63094,63136,42,W
24473,63104,63138,34,E
24469,63098,63138,40,W
24476,63109,63140,31,E
24471,63102,63140,38,W
24479,63114,63142,28,E
24474,63106,63142,36,W
24483,63119,63144,25,E
24477,63110,63144,34,W
24486,63124,63146,22,E
24480,63114,63146,32,W
24489,63129,63148,19,E
24482,63118,63148,30,W
24493,63134,63150,16,E
24485,63122,63150,28,W
24497,63139,63152,13,E
24488,63126,63152,26,W
24500,63144,63154,10,E
24490,63130,63154,24,W
24503,63149,63156,7,E
24494,63134,63156,22,W
24507,63154,63158,4,E
24495,63138,63158,20,W
24510,63159,63160,1,E
24499,63142,63160,18,W
24502,63146,63162,16,W
24514,63164,63164,0,E
24504,63150,63164,14,W
24508,63154,63166,12,W
24509,63158,63168,10,W
24517,63169,63170,1,E
24512,63162,63170,8,W
24515,63166,63172,6,W
24520,63174,63174,0,E
24518,63170,63174,4,W
24521,63174,63176,2,W
24523,63178,63178,0,W
24524,63179,63240,61,E
24526,63182,63240,58,W
24527,63184,63242,58,E
24529,63186,63242,56,W
24531,63189,63244,55,E
24532,63190,63244,54,W
24533,63194,63246,52,E
24534,63194,63246,52,W
24538,63199,63248,49,E
24537,63198,63248,50,W
24541,63204,63250,46,E
24540,63202,63250,48,W
24545,63209,63252,43,E
24542,63206,63252,46,W
24547,63214,63254,40,E
24546,63210,63254,44,W
24552,63219,63256,37,E
24548,63214,63256,42,W
24555,63224,63258,34,E
24550,63218,63258,40,W
24557,63229,63260,31,E
24553,63222,63260,38,W
24561,63234,63262,28,E
24556,63226,63262,36,W
24565,63239,63264,25,E
24560,63230,63264,34,W
24569,63244,63266,22,E
24562,63234,63266,32,W
24571,63249,63268,19,E
24564,63238,63268,30,W
24575,63254,63270,16,E
24567,63242,63270,28,W
24579,63259,63272,13,E
24570,63246,63272,26,W
24582,63264,63274,10,E
24572,63250,63274,24,W
24585,63269,63276,7,E
24576,63254,63276,22,W
24589,63274,63278,4,E
24578,63258,63278,20,W
24593,63279,63280,1,E
24580,63262,63280,18,W
24584,63266,63282,16,W
24595,63284,63284,0,E
24586,63270,63284,14,W
24590,63274,63286,12,W
24591,63278,63288,10,W
24599,63289,63290,1,E
24594,63282,63290,8,W
24598,63286,63292,6,W
24602,63294,63294,0,E
24600,63290,63294,4,W
24603,63294,63296,2,W
24605,63298,63298,0,W
24606,63299,63360,61,E
24608,63302,63360,58,W
24609,63304,63362,58,E
24610,63306,63362,56,W
24613,63309,63364,55,E
24614,63310,63364,54,W
24616,63314,63366,52,E
24617,63314,63366,52,W
24620,63319,63368,49,E
24619,63318,63368,50,W
24623,63324,63370,46,E
24622,63322,63370,48,W
24627,63329,63372,43,E
24624,63326,63372,46,W
24629,63334,63374,40,E
24628,63330,63374,44,W
24633,63339,63376,37,E
24630,63334,63376,42,W
24637,63344,63378,34,E
24632,63338,63378,40,W
24640,63349,63380,31,E
24636,63342,63380,38,W
24643,63354,63382,28,E
24638,63346,63382,36,W
24647,63359,63384,25,E
24641,63350,63384,34,W
24651,63364,63386,22,E
24644,63354,63386,32,W
24653,63369,63388,19,E
24646,63358,63388,30,W
24657,63374,63390,16,E
24649,63362,63390,28,W
24661,63379,63392,13,E
24652,63366,63392,26,W
24665,63384,63394,10,E
24655,63370,63394,24,W
24667,63389,63396,7,E
24658,63374,63396,22,W
24670,63394,63398,4,E
24660,63378,63398,20,W
24675,63399,63400,1,E
24662,63382,63400,18,W
24666,63386,63402,16,W
24677,63404,63404,0,E
24668,63390,63404,14,W
24671,63394,63406,12,W
24674,63398,63408,10,W
24681,63409,63410,1,E
24676,63402,63410,8,W
24680,63406,63412,6,W
24684,63414,63414,0,E
24682,63410,63414,4,W
24685,63414,63416,2,W
24687,63418,63418,0,W
24689,63419,63480,61,E
24690,63422,63480,58,W
24691,63424,63482,58,E
24693,63426,63482,56,W
24695,63429,63484,55,E
24696,63430,63484,54,W
24698,63434,63486,52,E
24699,63434,63486,52,W
24702,63439,63488,49,E
24700,63438,63488,50,W
24705,63444,63490,46,E
24704,63442,63490,48,W
24708,63449,63492,43,E
24706,63446,63492,46,W
24712,63454,63494,40,E
24710,63450,63494,44,W
24715,63459,63496,37,E
24713,63454,63496,42,W
24719,63464,63498,34,E
24714,63458,63498,40,W
24722,63469,63500,31,E
24718,63462,63500,38,W
24725,63474,63502,28,E
24720,63466,63502,36,W
24729,63479,63504,25,E
24723,63470,63504,34,W
24733,63484,63506,22,E
24726,63474,63506,32,W
24736,63489,63508,19,E
24728,63478,63508,30,W
24739,63494,63510,16,E
24731,63482,63510,28,W
24743,63499,63512,13,E
24734,63486,63512,26,W
24746,63504,63514,10,E
24737,63490,63514,24,W
24749,63509,63516,7,E
24740,63494,63516,22,W
24752,63514,63518,4,E
24742,63498,63518,20,W
24757,63519,63520,1,E
24744,63502,63520,18,W
24748,63506,63522,16,W
24760,63524,63524,0,E
24751,63510,63524,14,W
24753,63514,63526,12,W
24756,63518,63528,10,W
24763,63529,63530,1,E
24758,63522,63530,8,W
24761,63526,63532,6,W
24766,63534,63534,0,E
24764,63530,63534,4,W
24767,63534,63536,2,W
24770,63538,63538,0,W
24771,63539,63600,61,E
24772,63542,63600,58,W
24773,63544,63602,58,E
24775,63546,63602,56,W
24777,63549,63604,55,E
24778,63550,63604,54,W
24780,63554,63606,52,E
24781,63554,63606,52,W
24784,63559,63608,49,E
24782,63558,63608,50,W
24787,63564,63610,46,E
24786,63562,63610,48,W
24790,63569,63612,43,E
24789,63566,63612,46,W
24794,63574,63614,40,E
24791,63570,63614,44,W
24797,63579,63616,37,E
24795,63574,63616,42,W
24801,63584,63618,34,E
24796,63578,63618,40,W
24804,63589,63620,31,E
24800,63582,63620,38,W
24808,63594,63622,28,E
24802,63586,63622,36,W
24811,63599,63624,25,E
24805,63590,63624,34,W
24815,63604,63626,22,E
24809,63594,63626,32,W
24818,63609,63628,19,E
24810,63598,63628,30,W
24820,63614,63630,16,E
24813,63602,63630,28,W
24825,63619,63632,13,E
24816,63606,63632,26,W
24828,63624,63634,10,E
24819,63610,63634,24,W
24832,63629,63636,7,E
24821,63614,63636,22,W
24834,63634,63638,4,E
24824,63618,63638,20,W
24839,63639,63640,1,E
24827,63622,63640,18,W
24830,63626,63642,16,W
24842,63644,63644,0,E
24833,63630,63644,14,W
24835,63634,63646,12,W
24838,63638,63648,10,W
24845,63649,63650,1,E
24840,63642,63650,8,W
24843,63646,63652,6,W
24848,63654,63654,0,E
24847,63650,63654,4,W
24849,63654,63656,2,W
24851,63658,63658,0,W
24853,63659,63720,61,E
24854,63662,63720,58,W
24856,63664,63722,58,E
24857,63666,63722,56,W
24858,63669,63724,55,E
24860,63670,63724,54,W
24862,63674,63726,52,E
24863,63674,63726,52,W
24866,63679,63728,49,E
24865,63678,63728,50,W
24869,63684,63730,46,E
24868,63682,63730,48,W
24872,63689,63732,43,E
24871,63686,63732,46,W
24876,63694,63734,40,E
24873,63690,63734,44,W
24880,63699,63736,37,E
24877,63694,63736,42,W
24883,63704,63738,34,E
24878,63698,63738,40,W
24886,63709,63740,31,E
24881,63702,63740,38,W
24890,63714,63742,28,E
24885,63706,63742,36,W
24893,63719,63744,25,E
24887,63710,63744,34,W
24896,63724,63746,22,E
24891,63714,63746,32,W
24900,63729,63748,19,E
24892,63718,63748,30,W
24903,63734,63750,16,E
24895,63722,63750,28,W
24907,63739,63752,13,E
24898,63726,63752,26,W
24910,63744,63754,10,E
24901,63730,63754,24,W
24914,63749,63756,7,E
24904,63734,63756,22,W
24916,63754,63758,4,E
24906,63738,63758,20,W
24921,63759,63760,1,E
24909,63742,63760,18,W
24911,63746,63762,16,W
24924,63764,63764,0,E
24915,63750,63764,14,W
24917,63754,63766,12,W
24920,63758,63768,10,W
24928,63769,63770,1,E
24923,63762,63770,8,W
24925,63766,63772,6,W
24930,63774,63774,0,E
24929,63770,63774,4,W
24931,63774,63776,2,W
24933,63778,63778,0,W
24934,63779,63840,61,E
24936,63782,63840,58,W
24938,63784,63842,58,E
24939,63786,63842,56,W
24940,63789,63844,55,E
24942,63790,63844,54,W
24944,63794,63846,52,E
24945,63794,63846,52,W
24948,63799,63848,49,E
24947,63798,63848,50,W
24952,63804,63850,46,E
24950,63802,63850,48,W
24954,63809,63852,43,E
24953,63806,63852,46,W
24958,63814,63854,40,E
24955,63810,63854,44,W
24962,63819,63856,37,E
24959,63814,63856,42,W
24965,63824,63858,34,E
24961,63818,63858,40,W
24968,63829,63860,31,E
24963,63822,63860,38,W
24971,63834,63862,28,E
24967,63826,63862,36,W
24976,63839,63864,25,E
24969,63830,63864,34,W
24978,63844,63866,22,E
24972,63834,63866,32,W
24982,63849,63868,19,E
24974,63838,63868,30,W
24985,63854,63870,16,E
24977,63842,63870,28,W
24989,63859,63872,13,E
24981,63846,63872,26,W
24992,63864,63874,10,E
24983,63850,63874,24,W
24996,63869,63876,7,E
24986,63854,63876,22,W
24999,63874,63878,4,E
24988,63858,63878,20,W
25003,63879,63880,1,E
24991,63862,63880,18,W
24993,63866,63882,16,W
25006,63884,63884,0,E
24997,63870,63884,14,W
25000,63874,63886,12,W
25001,63878,63888,10,W
25009,63889,63890,1,E
25005,63882,63890,8,W
25007,63886,63892,6,W
25012,63894,63894,0,E
25011,63890,63894,4,W
25013,63894,63896,2,W
25015,63898,63898,0,W
25016,63899,63960,61,E
25019,63902,63960,58,W
25020,63904,63962,58,E
25021,63906,63962,56,W
25023,63909,63964,55,E
25024,63910,63964,54,W
25026,63914,63966,52,E
25027,63914,63966,52,W
25030,63919,63968,49,E
25029,63918,63968,50,W
25034,63924,63970,46,E
25031,63922,63970,48,W
25036,63929,63972,43,E
25035,63926,63972,46,W
25040,63934,63974,40,E
25038,63930,63974,44,W
25044,63939,63976,37,E
25041,63934,63976,42,W
25047,63944,63978,34,E
25043,63938,63978,40,W
25050,63949,63980,31,E
25045,63942,63980,38,W
25053,63954,63982,28,E
25049,63946,63982,36,W
25058,63959,63984,25,E
25051,63950,63984,34,W
25060,63964,63986,22,E
25054,63954,63986,32,W
25064,63969,63988,19,E
25057,63958,63988,30,W
25067,63974,63990,16,E
25059,63962,63990,28,W
25072,63979,63992,13,E
25062,63966,63992,26,W
25074,63984,63994,10,E
25065,63970,63994,24,W
25078,63989,63996,7,E
25068,63974,63996,22,W
25081,63994,63998,4,E
25070,63978,63998,20,W
25084,63999,64000,1,E
25073,63982,64000,18,W
25076,63986,64002,16,W
25088,64004,64004,0,E
25079,63990,64004,14,W
25082,63994,64006,12,W
25083,63998,64008,10,W
25091,64009,64010,1,E
25087,64002,64010,8,W
25089,64006,64012,6,W
25095,64014,64014,0,E
25092,64010,64014,4,W
25096,64014,64016,2,W
25097,64018,64018,0,W
25098,64019,64080,61,E
25101,64022,64080,58,W
25102,64024,64082,58,E
25103,64026,64082,56,W
25105,64029,64084,55,E
25106,64030,64084,54,W
25108,64034,64086,52,E
25109,64034,64086,52,W
25112,64039,64088,49,E
25111,64038,64088,50,W
25116,64044,64090,46,E
25114,64042,64090,48,W
25119,64049,64092,43,E
25117,64046,64092,46,W
25121,64054,64094,40,E
25120,64050,64094,44,W
25126,64059,64096,37,E
25122,64054,64096,42,W
25129,64064,64098,34,E
25125,64058,64098,40,W
25132,64069,64100,31,E
25127,64062,64100,38,W
25135,64074,64102,28,E
25131,64066,64102,36,W
25140,64079,64104,25,E
25134,64070,64104,34,W
25143,64084,64106,22,E
25136,64074,64106,32,W
25146,64089,64108,19,E
25139,64078,64108,30,W
25149,64094,64110,16,E
25141,64082,64110,28,W
25154,64099,64112,13,E
25144,64086,64112,26,W
25156,64104,64114,10,E
25147,64090,64114,24,W
25159,64109,64116,7,E
25150,64094,64116,22,W
25163,64114,64118,4,E
25152,64098,64118,20,W
25167,64119,64120,1,E
25155,64102,64120,18,W
25158,64106,64122,16,W
25170,64124,64124,0,E
25161,64110,64124,14,W
25164,64114,64126,12,W
25165,64118,64128,10,W
25173,64129,64130,1,E
25169,64122,64130,8,W
25172,64126,64132,6,W
25177,64134,64134,0,E
25174,64130,64134,4,W
25178,64134,64136,2,W
25179,64138,64138,0,W
25180,64139,64200,61,E
25182,64142,64200,58,W
25184,64144,64202,58,E
25185,64146,64202,56,W
25187,64149,64204,55,E
25188,64150,64204,54,W
25191,64154,64206,52,E
25192,64154,64206,52,W
25194,64159,64208,49,E
25193,64158,64208,50,W
25197,64164,64210,46,E
25196,64162,64210,48,W
25201,64169,64212,43,E
25199,64166,64212,46,W
25203,64174,64214,40,E
25202,64170,64214,44,W
25208,64179,64216,37,E
25204,64174,64216,42,W
25211,64184,64218,34,E
25207,64178,64218,40,W
25215,64189,64220,31,E
25210,64182,64220,38,W
25217,64194,64222,28,E
25212,64186,64222,36,W
25222,64199,64224,25,E
25216,64190,64224,34,W
25225,64204,64226,22,E
25218,64194,64226,32,W
25228,64209,64228,19,E
25221,64198,64228,30,W
25231,64214,64230,16,E
25223,64202,64230,28,W
25235,64219,64232,13,E
25226,64206,64232,26,W
25239,64224,64234,10,E
25230,64210,64234,24,W
25241,64229,64236,7,E
25232,64214,64236,22,W
25245,64234,64238,4,E
25234,64218,64238,20,W
25249,64239,64240,1,E
25237,64222,64240,18,W
25240,64226,64242,16,W
25252,64244,64244,0,E
25242,64230,64244,14,W
25246,64234,64246,12,W
25248,64238,64248,10,W
25255,64249,64250,1,E
25251,64242,64250,8,W
25254,64246,64252,6,W
25259,64254,64254,0,E
25256,64250,64254,4,W
25260,64254,64256,2,W
25261,64258,64258,0,W
25263,64259,64320,61,E
25264,64262,64320,58,W
25266,64264,64322,58,E
25268,64266,64322,56,W
25269,64269,64324,55,E
25270,64270,64324,54,W
25272,64274,64326,52,E
25273,64274,64326,52,W
25276,64279,64328,49,E
25275,64278,64328,50,W
25279,64284,64330,46,E
25278,64282,64330,48,W
25283,64289,64332,43,E
25281,64286,64332,46,W
25286,64294,64334,40,E
25284,64290,64334,44,W
25290,64299,64336,37,E
25287,64294,64336,42,W
25293,64304,64338,34,E
25289,64298,64338,40,W
25297,64309,64340,31,E
25292,64302,64340,38,W
25299,64314,64342,28,E
25294,64306,64342,36,W
25304,64319,64344,25,E
25298,64310,64344,34,W
25307,64324,64346,22,E
25300,64314,64346,32,W
25310,64329,64348,19,E
25302,64318,64348,30,W
25313,64334,64350,16,E
25306,64322,64350,28,W
25317,64339,64352,13,E
25308,64326,64352,26,W
25321,64344,64354,10,E
25312,64330,64354,24,W
25323,64349,64356,7,E
25314,64334,64356,22,W
25327,64354,64358,4,E
25316,64338,64358,20,W
25331,64359,64360,1,E
25319,64342,64360,18,W
25322,64346,64362,16,W
25335,64364,64364,0,E
25325,64350,64364,14,W
25328,64354,64366,12,W
25330,64358,64368,10,W
25337,64369,64370,1,E
25332,64362,64370,8,W
25336,64366,64372,6,W
25341,64374,64374,0,E
25338,64370,64374,4,W
25342,64374,64376,2,W
25344,64378,64378,0,W
25345,64379,64440,61,E
25346,64382,64440,58,W
25347,64384,64442,58,E
25350,64386,64442,56,W
25351,64389,64444,55,E
25352,64390,64444,54,W
25354,64394,64446,52,E
25355,64394,64446,52,W
25359,64399,64448,49,E
25357,64398,64448,50,W
25361,64404,64450,46,E
25360,64402,64450,48,W
25365,64409,64452,43,E
25363,64406,64452,46,W
25368,64414,64454,40,E
25366,64410,64454,44,W
25372,64419,64456,37,E
25369,64414,64456,42,W
25375,64424,64458,34,E
25371,64418,64458,40,W
25379,64429,64460,31,E
25374,64422,64460,38,W
25382,64434,64462,28,E
25376,64426,64462,36,W
25385,64439,64464,25,E
25380,64430,64464,34,W
25389,64444,64466,22,E
25383,64434,64466,32,W
25392,64449,64468,19,E
25384,64438,64468,30,W
25395,64454,64470,16,E
25388,64442,64470,28,W
25399,64459,64472,13,E
25390,64446,64472,26,W
25403,64464,64474,10,E
25393,64450,64474,24,W
25406,64469,64476,7,E
25396,64454,64476,22,W
25409,64474,64478,4,E
25398,64458,64478,20,W
25413,64479,64480,1,E
25402,64462,64480,18,W
25404,64466,64482,16,W
25417,64484,64484,0,E
25407,64470,64484,14,W
25410,64474,64486,12,W
25412,64478,64488,10,W
25419,64489,64490,1,E
25414,64482,64490,8,W
25418,64486,64492,6,W
25422,64494,64494,0,E
25421,64490,64494,4,W
25423,64494,64496,2,W
25426,64498,64498,0,W
25427,64499,64560,61,E
25428,64502,64560,58,W
25430,64504,64562,58,E
25432,64506,64562,56,W
25433,64509,64564,55,E
25434,64510,64564,54,W
25436,64514,64566,52,E
25437,64514,64566,52,W
25441,64519,64568,49,E
25440,64518,64568,50,W
25443,64524,64570,46,E
25442,64522,64570,48,W
25447,64529,64572,43,E
25445,64526,64572,46,W
25450,64534,64574,40,E
25448,64530,64574,44,W
25455,64539,64576,37,E
25451,64534,64576,42,W
25457,64544,64578,34,E
25452,64538,64578,40,W
25460,64549,64580,31,E
25456,64542,64580,38,W
25464,64554,64582,28,E
25459,64546,64582,36,W
25467,64559,64584,25,E
25462,64550,64584,34,W
25471,64564,64586,22,E
25465,64554,64586,32,W
25474,64569,64588,19,E
25466,64558,64588,30,W
25478,64574,64590,16,E
25470,64562,64590,28,W
25481,64579,64592,13,E
25472,64566,64592,26,W
25485,64584,64594,10,E
25475,64570,64594,24,W
25488,64589,64596,7,E
25479,64574,64596,22,W
25491,64594,64598,4,E
25480,64578,64598,20,W
25495,64599,64600,1,E
25483,64582,64600,18,W
25486,64586,64602,16,W
25498,64604,64604,0,E
25489,64590,64604,14,W
25492,64594,64606,12,W
25494,64598,64608,10,W
25502,64609,64610,1,E
25497,64602,64610,8,W
25500,64606,64612,6,W
25504,64614,64614,0,E
25503,64610,64614,4,W
25505,64614,64616,2,W
25508,64618,64618,0,W
25509,64619,64680,61,E
25510,64622,64680,58,W
25512,64624,64682,58,E
25513,64626,64682,56,W
25515,64629,64684,55,E
25517,64630,64684,54,W
25518,64634,64686,52,E
25519,64634,64686,52,W
25523,64639,64688,49,E
25522,64638,64688,50,W
25526,64644,64690,46,E
25524,64642,64690,48,W
25529,64649,64692,43,E
25527,64646,64692,46,W
25532,64654,64694,40,E
25530,64650,64694,44,W
25536,64659,64696,37,E
25533,64654,64696,42,W
25539,64664,64698,34,E
25535,64658,64698,40,W
25542,64669,64700,31,E
25538,64662,64700,38,W
25546,64674,64702,28,E
25541,64666,64702,36,W
25550,64679,64704,25,E
25543,64670,64704,34,W
25553,64684,64706,22,E
25547,64674,64706,32,W
25556,64689,64708,19,E
25548,64678,64708,30,W
25560,64694,64710,16,E
25552,64682,64710,28,W
25563,64699,64712,13,E
25555,64686,64712,26,W
25567,64704,64714,10,E
25557,64690,64714,24,W
25570,64709,64716,7,E
25561,64694,64716,22,W
25573,64714,64718,4,E
25562,64698,64718,20,W
25577,64719,64720,1,E
25565,64702,64720,18,W
25568,64706,64722,16,W
25580,64724,64724,0,E
25571,64710,64724,14,W
25574,64714,64726,12,W
25576,64718,64728,10,W
25584,64729,64730,1,E
25579,64722,64730,8,W
25582,64726,64732,6,W
25586,64734,64734,0,E
25585,64730,64734,4,W
25587,64734,64736,2,W
25590,64738,64738,0,W
25591,64739,64800,61,E
25593,64742,64800,58,W
25594,64744,64802,58,E
25595,64746,64802,56,W
25598,64749,64804,55,E
25599,64750,64804,54,W
25600,64754,64806,52,E
25601,64754,64806,52,W
25605,64759,64808,49,E
25603,64758,64808,50,W
25608,64764,64810,46,E
25606,64762,64810,48,W
25610,64769,64812,43,E
25609,64766,64812,46,W
25614,64774,64814,40,E
25613,64770,64814,44,W
25618,64779,64816,37,E
25615,64774,64816,42,W
25622,64784,64818,34,E
25617,64778,64818,40,W
25624,64789,64820,31,E
25620,64782,64820,38,W
25628,64794,64822,28,E
25623,64786,64822,36,W
25632,64799,64824,25,E
25625,64790,64824,34,W
25635,64804,64826,22,E
25629,64794,64826,32,W
25638,64811,64828,17,E
25631,64798,64828,30,W
25643,64818,64830,12,E
25633,64802,64830,28,W
25646,64825,64832,7,E
25637,64807,64832,25,W
25650,64832,64834,2,E
25639,64812,64834,22,W
25642,64817,64836,19,W
25644,64822,64838,16,W
25653,64839,64840,1,E
25647,64827,64840,13,W
25651,64832,64842,10,W
25652,64837,64844,7,W
25657,64846,64846,0,E
25655,64842,64846,4,W
25658,64847,64848,1,W
25660,64852,64852,0,W
25661,64853,64854,1,E
25662,64857,64858,1,W
25665,64860,64920,60,E
25666,64862,64920,58,W
25667,64867,64922,55,E
25668,64867,64922,55,W
25672,64874,64924,50,E
25670,64872,64924,52,W
25675,64881,64926,45,E
25674,64877,64926,49,W
25680,64888,64928,40,E
25676,64882,64928,46,W
25683,64895,64930,35,E
25679,64887,64930,43,W
25686,64902,64932,30,E
25681,64892,64932,40,W
25690,64909,64934,25,E
25684,64897,64934,37,W
25694,64916,64936,20,E
25687,64902,64936,34,W
25698,64923,64938,15,E
25689,64907,64938,31,W
25701,64930,64940,10,E
25691,64912,64940,28,W
25704,64937,64942,5,E
25695,64917,64942,25,W
25709,64944,64944,0,E
25697,64922,64944,22,W
25699,64927,64946,19,W
25703,64932,64948,16,W
25705,64937,64950,13,W
25712,64951,64952,1,E
25707,64942,64952,10,W
25710,64947,64954,7,W
25713,64952,64956,4,W
25717,64958,64958,0,E
25715,64957,64958,1,W
25718,64962,64962,0,W
25719,64965,64966,1,E
25721,64967,64968,1,W
25723,64972,64972,0,E
25724,64972,64972,0,W
25726,64977,64978,1,W
25727,64979,65040,61,E
25728,64982,65040,58,W
25731,64986,65042,56,E
25732,64987,65042,55,W
25734,64993,65044,51,E
25733,64992,65044,52,W
25738,65000,65046,46,E
25736,64997,65046,49,W
25741,65007,65048,41,E
25739,65002,65048,46,W
25746,65014,65050,36,E
25742,65007,65050,43,W
25749,65021,65052,31,E
25744,65012,65052,40,W
25753,65028,65054,26,E
25747,65017,65054,37,W
25756,65035,65056,21,E
25750,65022,65056,34,W
25760,65042,65058,16,E
25752,65027,65058,31,W
25764,65049,65060,11,E
25755,65032,65060,28,W
25767,65056,65062,6,E
25757,65037,65062,25,W
25771,65063,65064,1,E
25761,65042,65064,22,W
25762,65047,65066,19,W
25765,65052,65068,16,W
25775,65070,65070,0,E
25769,65057,65070,13,W
25770,65062,65072,10,W
25773,65067,65074,7,W
25776,65072,65076,4,W
25778,65077,65078,1,E
25779,65077,65078,1,W
25780,65082,65082,0,W
25783,65084,65084,0,E
25784,65087,65088,1,W
25785,65091,65092,1,E
25786,65092,65092,0,W
25790,65098,65098,0,E
25789,65097,65098,1,W
25793,65105,65160,55,E
25792,65102,65160,58,W
25797,65112,65162,50,E
25794,65107,65162,55,W
25800,65119,65164,45,E
25798,65112,65164,52,W
25804,65126,65166,40,E
25799,65117,65166,49,W
25808,65133,65168,35,E
25802,65122,65168,46,W
25812,65140,65170,30,E
25805,65127,65170,43,W
25815,65147,65172,25,E
25807,65132,65172,40,W
25819,65154,65174,20,E
25809,65137,65174,37,W
25822,65161,65176,15,E
25813,65142,65176,34,W
25827,65168,65178,10,E
25816,65147,65178,31,W
25830,65175,65180,5,E
25817,65152,65180,28,W
25833,65182,65182,0,E
25821,65157,65182,25,W
25823,65162,65184,22,W
25826,65167,65186,19,W
25828,65172,65188,16,W
25837,65189,65190,1,E
25831,65177,65190,13,W
25834,65182,65192,10,W
25836,65187,65194,7,W
25841,65196,65196,0,E
25839,65192,65196,4,W
25842,65197,65198,1,W
25844,65202,65202,0,W
25845,65203,65204,1,E
25846,65207,65208,1,W
25849,65210,65210,0,E
25850,65212,65212,0,W
25851,65217,65218,1,E
25852,65217,65218,1,W
25856,65224,65280,56,E
25854,65222,65280,58,W
25859,65231,65282,51,E
25857,65227,65282,55,W
25864,65238,65284,46,E
25860,65232,65284,52,W
25866,65245,65286,41,E
25863,65237,65286,49,W
25870,65252,65288,36,E
25865,65242,65288,46,W
25874,65259,65290,31,E
25868,65247,65290,43,W
25878,65266,65292,26,E
25871,65252,65292,40,W
25882,65273,65294,21,E
25873,65257,65294,37,W
25885,65280,65296,16,E
25875,65262,65296,34,W
25888,65287,65298,11,E
25879,65267,65298,31,W
25893,65294,65300,6,E
25880,65272,65300,28,W
25896,65301,65302,1,E
25883,65277,65302,25,W
25887,65282,65304,22,W
25889,65287,65306,19,W
25900,65308,65308,0,E
25891,65292,65308,16,W
25894,65297,65310,13,W
25897,65302,65312,10,W
25899,65307,65314,7,W
25903,65315,65316,1,E
25902,65312,65316,4,W
25904,65317,65318,1,W
25907,65322,65322,0,E
25908,65322,65322,0,W
25910,65327,65328,1,W
25911,65329,65330,1,E
25912,65332,65332,0,W
25915,65336,65336,0,E
25916,65337,65338,1,W
25918,65343,65400,57,E
25917,65342,65400,58,W
25922,65350,65402,52,E
25920,65347,65402,55,W
25925,65357,65404,47,E
25923,65352,65404,52,W
25930,65364,65406,42,E
25926,65357,65406,49,W
25932,65371,65408,37,E
25927,65362,65408,46,W
25937,65378,65410,32,E
25931,65367,65410,43,W
25940,65385,65412,27,E
25934,65372,65412,40,W
25944,65392,65414,22,E
25936,65377,65414,37,W
25948,65399,65416,17,E
25939,65382,65416,34,W
25951,65406,65418,12,E
25941,65387,65418,31,W
25955,65413,65420,7,E
25945,65392,65420,28,W
25959,65420,65422,2,E
25946,65397,65422,25,W
25949,65402,65424,22,W
25952,65407,65426,19,W
25962,65427,65428,1,E
25954,65412,65428,16,W
25957,65417,65430,13,W
25960,65422,65432,10,W
25966,65434,65434,0,E
25963,65427,65434,7,W
25964,65432,65436,4,W
25968,65437,65438,1,W
25969,65441,65442,1,E
25970,65442,65442,0,W
25974,65448,65448,0,E
25973,65447,65448,1,W
25975,65452,65452,0,W
25977,65455,65456,1,E
25978,65457,65458,1,W
25981,65462,65520,58,E
25982,65462,65520,58,W
25984,65469,65522,53,E
25983,65467,65522,55,W
25988,65476,65524,48,E
25986,65472,65524,52,W
25992,65483,65526,43,E
25989,65477,65526,49,W
25996,65490,65528,38,E
25991,65482,65528,46,W
25998,65497,65530,33,E
25993,65487,65530,43,W
26003,65504,65532,28,E
25997,65492,65532,40,W
26006,65511,65534,23,E
25999,65497,65534,37,W
26011,65518,65536,18,E
26001,65502,65536,34,W
26014,65525,65538,13,E
26005,65507,65538,31,W
26017,65532,65540,8,E
26007,65512,65540,28,W
26021,65539,65542,3,E
26010,65517,65542,25,W
26012,65522,65544,22,W
26025,65546,65546,0,E
26015,65527,65546,19,W
26018,65532,65548,16,W
26020,65537,65550,13,W
26022,65542,65552,10,W
26029,65553,65554,1,E
26026,65547,65554,7,W
26028,65552,65556,4,W
26030,65557,65558,1,W
26032,65560,65560,0,E
26034,65562,65562,0,W
26035,65567,65568,1,E
26036,65567,65568,1,W
26038,65572,65572,0,W
26040,65574,65574,0,E
26041,65577,65578,1,W
26043,65581,65640,59,E
26044,65582,65640,58,W
26048,65588,65642,54,E
26046,65587,65642,55,W
26050,65595,65644,49,E
26049,65592,65644,52,W
26054,65602,65646,44,E
26052,65597,65646,49,W
26058,65609,65648,39,E
26055,65602,65648,46,W
26062,65616,65650,34,E
26057,65607,65650,43,W
26065,65623,65652,29,E
26059,65612,65652,40,W
26069,65630,65654,24,E
26063,65617,65654,37,W
26072,65637,65656,19,E
26064,65622,65656,34,W
26077,65644,65658,14,E
26067,65627,65658,31,W
26080,65651,65660,9,E
26070,65632,65660,28,W
26084,65658,65662,4,E
26073,65637,65662,25,W
26075,65642,65664,22,W
26087,65665,65666,1,E
26078,65647,65666,19,W
26081,65652,65668,16,W
26083,65657,65670,13,W
26091,65672,65672,0,E
26086,65662,65672,10,W
26088,65667,65674,7,W
26092,65672,65676,4,W
26093,65677,65678,1,W
26095,65679,65680,1,E
26096,65682,65682,0,W
26098,65686,65686,0,E
26100,65687,65688,1,W
26101,65692,65692,0,W
26102,65693,65694,1,E
26104,65697,65698,1,W
26106,65700,65760,60,E
26107,65702,65760,58,W
26109,65707,65762,55,E
26110,65707,65762,55,W
26114,65714,65764,50,E
26111,65712,65764,52,W
26116,65721,65766,45,E
26115,65717,65766,49,W
26121,65728,65768,40,E
26117,65722,65768,46,W
26124,65735,65770,35,E
26120,65727,65770,43,W
26128,65742,65772,30,E
26123,65732,65772,40,W
26131,65749,65774,25,E
26125,65737,65774,37,W
26135,65756,65776,20,E
26129,65742,65776,34,W
26139,65763,65778,15,E
26130,65747,65778,31,W
26143,65770,65780,10,E
26133,65752,65780,28,W
26146,65777,65782,5,E
26136,65757,65782,25,W
26150,65784,65784,0,E
26138,65762,65784,22,W
26140,65767,65786,19,W
26144,65772,65788,16,W
26147,65777,65790,13,W
26153,65791,65792,1,E
26148,65782,65792,10,W
26152,65787,65794,7,W
26154,65792,65796,4,W
26158,65798,65798,0,E
26157,65797,65798,1,W
26159,65802,65802,0,W
26161,65805,65806,1,E
26162,65807,65808,1,W
26164,65812,65812,0,E
26165,65812,65812,0,W
26167,65817,65818,1,W
26168,65819,65880,61,E
26170,65822,65880,58,W
26172,65826,65882,56,E
26173,65827,65882,55,W
26176,65833,65884,51,E
26175,65832,65884,52,W
26180,65840,65886,46,E
26177,65837,65886,49,W
26182,65847,65888,41,E
26181,65842,65888,46,W
26187,65854,65890,36,E
26183,65847,65890,43,W
26190,65861,65892,31,E
26185,65852,65892,40,W
26195,65868,65894,26,E
26188,65857,65894,37,W
26197,65875,65896,21,E
26191,65862,65896,34,W
26201,65882,65898,16,E
26194,65867,65898,31,W
26205,65889,65900,11,E
26196,65872,65900,28,W
26209,65896,65902,6,E
26199,65877,65902,25,W
26213,65903,65904,1,E
26202,65882,65904,22,W
26204,65887,65906,19,W
26206,65892,65908,16,W
26216,65910,65910,0,E
26210,65897,65910,13,W
26211,65902,65912,10,W
26214,65907,65914,7,W
26218,65912,65916,4,W
26219,65917,65918,1,E
26220,65917,65918,1,W
26222,65922,65922,0,W
26224,65924,65924,0,E
26225,65927,65928,1,W
26227,65931,65932,1,E
26228,65932,65932,0,W
26231,65938,65938,0,E
26230,65937,65938,1,W
26234,65945,66000,55,E
26233,65942,66000,58,W
26238,65952,66002,50,E
26235,65947,66002,55,W
26242,65959,66004,45,E
26239,65952,66004,52,W
26246,65966,66006,40,E
26241,65957,66006,49,W
26249,65973,66008,35,E
26243,65962,66008,46,W
26253,65980,66010,30,E
26247,65967,66010,43,W
26256,65987,66012,25,E
26248,65972,66012,40,W
26261,65994,66014,20,E
26251,65977,66014,37,W
26263,66001,66016,15,E
26254,65982,66016,34,W
26268,66008,66018,10,E
26257,65987,66018,31,W
26271,66015,66020,5,E
26258,65992,66020,28,W
26275,66022,66022,0,E
26262,65997,66022,25,W
26265,66002,66024,22,W
26267,66007,66026,19,W
26270,66012,66028,16,W
26279,66029,66030,1,E
26272,66017,66030,13,W
26276,66022,66032,10,W
26277,66027,66034,7,W
26282,66036,66036,0,E
26280,66032,66036,4,W
26283,66037,66038,1,W
26285,66042,66042,0,W
26286,66043,66044,1,E
26288,66047,66048,1,W
26290,66050,66050,0,E
26291,66052,66052,0,W
26293,66057,66058,1,E
26294,66057,66058,1,W
26297,66064,66120,56,E
26295,66062,66120,58,W
26300,66071,66122,51,E
26299,66067,66122,55,W
26305,66078,66124,46,E
26301,66072,66124,52,W
26308,66085,66126,41,E
26304,66077,66126,49,W
26312,66092,66128,36,E
26306,66082,66128,46,W
26315,66099,66130,31,E
26309,66087,66130,43,W
26319,66106,66132,26,E
26313,66092,66132,40,W
26323,66113,66134,21,E
26314,66097,66134,37,W
26327,66120,66136,16,E
26317,66102,66136,34,W
26329,66127,66138,11,E
26320,66107,66138,31,W
26334,66134,66140,6,E
26322,66112,66140,28,W
26337,66141,66142,1,E
26324,66117,66142,25,W
26328,66122,66144,22,W
26330,66127,66146,19,W
26342,66148,66148,0,E
26332,66132,66148,16,W
26336,66137,66150,13,W
26338,66142,66152,10,W
26341,66147,66154,7,W
26345,66155,66156,1,E
26343,66152,66156,4,W
26346,66157,66158,1,W
26348,66162,66162,0,E
26349,66162,66162,0,W
26351,66167,66168,1,W
26352,66169,66170,1,E
26353,66172,66172,0,W
26356,66176,66176,0,E
26357,66177,66178,1,W
26360,66183,66240,57,E
26359,66182,66240,58,W
26363,66190,66242,52,E
26361,66187,66242,55,W
26366,66197,66244,47,E
26365,66192,66244,52,W
26371,66204,66246,42,E
26367,66197,66246,49,W
26374,66211,66248,37,E
26369,66202,66248,46,W
26379,66218,66250,32,E
26372,66207,66250,43,W
26381,66225,66252,27,E
26375,66212,66252,40,W
26385,66232,66254,22,E
26377,66217,66254,37,W
26389,66239,66256,17,E
26380,66222,66256,34,W
26393,66246,66258,12,E
26383,66227,66258,31,W
26396,66253,66260,7,E
26386,66232,66260,28,W
26400,66260,66262,2,E
26388,66237,66262,25,W
26390,66242,66264,22,W
26394,66247,66266,19,W
26403,66267,66268,1,E
26395,66252,66268,16,W
26398,66257,66270,13,W
26401,66262,66272,10,W
26408,66274,66274,0,E
26404,66267,66274,7,W
26406,66272,66276,4,W
26409,66277,66278,1,W
26411,66281,66282,1,E
26412,66282,66282,0,W
26415,66288,66288,0,E
26414,66287,66288,1,W
26417,66292,66292,0,W
26418,66295,66296,1,E
26419,66297,66298,1,W
26422,66302,66360,58,E
26423,66302,66360,58,W
26426,66309,66362,53,E
26424,66307,66362,55,W
26429,66316,66364,48,E
26427,66312,66364,52,W
26433,66323,66366,43,E
26431,66317,66366,49,W
26437,66330,66368,38,E
26432,66322,66368,46,W
26440,66337,66370,33,E
26435,66327,66370,43,W
26445,66344,66372,28,E
26438,66332,66372,40,W
26447,66351,66374,23,E
26441,66337,66374,37,W
26452,66358,66376,18,E
26442,66342,66376,34,W
26455,66365,66378,13,E
26446,66347,66378,31,W
26459,66372,66380,8,E
26448,66352,66380,28,W
26462,66379,66382,3,E
26451,66357,66382,25,W
26454,66362,66384,22,W
26466,66386,66386,0,E
26456,66367,66386,19,W
26460,66372,66388,16,W
26461,66377,66390,13,W
26464,66382,66392,10,W
26470,66393,66394,1,E
26467,66387,66394,7,W
26469,66392,66396,4,W
26471,66397,66398,1,W
26474,66400,66400,0,E
26475,66402,66402,0,W
26477,66407,66408,1,E
26478,66407,66408,1,W
26479,66412,66412,0,W
26481,66414,66414,0,E
26483,66417,66418,1,W
26484,66421,66480,59,E
26485,66422,66480,58,W
26489,66428,66482,54,E
26488,66427,66482,55,W
26492,66435,66484,49,E
26490,66432,66484,52,W
26495,66442,66486,44,E
26493,66437,66486,49,W
26499,66449,66488,39,E
26496,66442,66488,46,W
26503,66456,66490,34,E
26498,66447,66490,43,W
26507,66463,66492,29,E
26501,66452,66492,40,W
26511,66470,66494,24,E
26504,66457,66494,37,W
26513,66477,66496,19,E
26506,66462,66496,34,W
26518,66484,66498,14,E
26508,66467,66498,31,W
26521,66491,66500,9,E
26512,66472,66500,28,W
26526,66498,66502,4,E
26514,66477,66502,25,W
26516,66482,66504,22,W
26528,66505,66506,1,E
26519,66487,66506,19,W
26522,66492,66508,16,W
26525,66497,66510,13,W
26532,66512,66512,0,E
26527,66502,66512,10,W
26530,66507,66514,7,W
26533,66512,66516,4,W
26535,66517,66518,1,W
26536,66519,66520,1,E
26537,66522,66522,0,W
26540,66526,66526,0,E
26541,66527,66528,1,W
26542,66532,66532,0,W
26544,66533,66534,1,E
26545,66537,66538,1,W
26547,66540,66600,60,E
26549,66542,66600,58,W
26550,66547,66602,55,E
26551,66547,66602,55,W
26555,66554,66604,50,E
26553,66552,66604,52,W
26558,66561,66606,45,E
26556,66557,66606,49,W
26562,66568,66608,40,E
26559,66562,66608,46,W
26565,66575,66610,35,E
26561,66567,66610,43,W
26569,66582,66612,30,E
26564,66572,66612,40,W
26573,66589,66614,25,E
26566,66577,66614,37,W
26577,66596,66616,20,E
26570,66582,66616,34,W
26580,66603,66618,15,E
26572,66587,66618,31,W
26584,66610,66620,10,E
26574,66592,66620,28,W
26587,66617,66622,5,E
26578,66597,66622,25,W
26592,66624,66624,0,E
26579,66602,66624,22,W
26582,66607,66626,19,W
26585,66612,66628,16,W
26588,66617,66630,13,W
26594,66631,66632,1,E
26589,66622,66632,10,W
26593,66627,66634,7,W
26596,66632,66636,4,W
26599,66638,66638,0,E
26598,66637,66638,1,W
26601,66642,66642,0,W
26602,66645,66646,1,E
26603,66647,66648,1,W
26606,66652,66652,0,E
26607,66652,66652,0,W
26608,66657,66658,1,W
26610,66659,66720,61,E
26611,66662,66720,58,W
26613,66666,66722,56,E
26614,66667,66722,55,W
26617,66673,66724,51,E
26616,66672,66724,52,W
26621,66680,66726,46,E
26619,66677,66726,49,W
26624,66687,66728,41,E
26622,66682,66728,46,W
26628,66694,66730,36,E
26625,66687,66730,43,W
26631,66701,66732,31,E
26626,66692,66732,40,W
26636,66708,66734,26,E
26630,66697,66734,37,W
26639,66715,66736,21,E
26632,66702,66736,34,W
26643,66722,66738,16,E
26635,66707,66738,31,W
26646,66729,66740,11,E
26637,66712,66740,28,W
26650,66736,66742,6,E
26640,66717,66742,25,W
26654,66743,66744,1,E
26644,66722,66744,22,W
26645,66727,66746,19,W
26648,66732,66748,16,W
26658,66750,66750,0,E
26651,66737,66750,13,W
26653,66742,66752,10,W
26655,66747,66754,7,W
26659,66752,66756,4,W
26660,66757,66758,1,E
26661,66757,66758,1,W
26663,66762,66762,0,W
26665,66764,66764,0,E
26667,66767,66768,1,W
26668,66771,66772,1,E
26669,66772,66772,0,W
26673,66778,66778,0,E
26672,66777,66778,1,W
26676,66785,66840,55,E
26674,66782,66840,58,W
26679,66792,66842,50,E
26677,66787,66842,55,W
26683,66799,66844,45,E
26680,66792,66844,52,W
26687,66806,66846,40,E
26682,66797,66846,49,W
26691,66813,66848,35,E
26684,66802,66848,46,W
26694,66820,66850,30,E
26688,66807,66850,43,W
26697,66827,66852,25,E
26690,66812,66852,40,W
26702,66834,66854,20,E
26692,66817,66854,37,W
26705,66841,66856,15,E
26696,66822,66856,34,W
26710,66848,66858,10,E
26698,66827,66858,31,W
26712,66855,66860,5,E
26700,66832,66860,28,W
26716,66862,66862,0,E
26703,66837,66862,25,W
26706,66842,66864,22,W
26708,66847,66866,19,W
26711,66852,66868,16,W
26720,66869,66870,1,E
26714,66857,66870,13,W
26717,66862,66872,10,W
26719,66867,66874,7,W
26724,66876,66876,0,E
26721,66872,66876,4,W
26725,66877,66878,1,W
26726,66882,66882,0,W
26727,66883,66884,1,E
26729,66887,66888,1,W
26731,66890,66890,0,E
26732,66892,66892,0,W
26734,66897,66898,1,E
26735,66897,66898,1,W
26739,66904,66960,56,E
26737,66902,66960,58,W
26742,66911,66962,51,E
26740,66907,66962,55,W
26746,66918,66964,46,E
26743,66912,66964,52,W
26749,66925,66966,41,E
26745,66917,66966,49,W
26753,66932,66968,36,E
26748,66922,66968,46,W
26757,66939,66970,31,E
26750,66927,66970,43,W
26760,66946,66972,26,E
26754,66932,66972,40,W
26764,66953,66974,21,E
26755,66937,66974,37,W
26768,66960,66976,16,E
26758,66942,66976,34,W
26771,66967,66978,11,E
26762,66947,66978,31,W
26776,66974,66980,6,E
26763,66952,66980,28,W
26778,66981,66982,1,E
26766,66957,66982,25,W
26769,66962,66984,22,W
26772,66967,66986,19,W
26783,66988,66988,0,E
26773,66972,66988,16,W
26777,66977,66990,13,W
26779,66982,66992,10,W
26782,66987,66994,7,W
26786,66995,66996,1,E
26785,66992,66996,4,W
26787,66997,66998,1,W
26790,67002,67002,0,E
26791,67002,67002,0,W
26792,67007,67008,1,W
26793,67009,67010,1,E
26795,67012,67012,0,W
26797,67016,67016,0,E
26798,67017,67018,1,W
26801,67023,67080,57,E
26800,67022,67080,58,W
26805,67030,67082,52,E
26802,67027,67082,55,W
26808,67037,67084,47,E
26806,67032,67084,52,W
26812,67044,67086,42,E
26809,67037,67086,49,W
26815,67051,67088,37,E
26810,67042,67088,46,W
26820,67058,67090,32,E
26814,67047,67090,43,W
26823,67065,67092,27,E
26816,67052,67092,40,W
26826,67072,67094,22,E
26819,67057,67094,37,W
26830,67079,67096,17,E
26821,67062,67096,34,W
26834,67086,67098,12,E
26824,67067,67098,31,W
26838,67093,67100,7,E
26827,67072,67100,28,W
26842,67100,67102,2,E
26829,67077,67102,25,W
26832,67082,67104,22,W
26835,67087,67106,19,W
26844,67107,67108,1,E
26837,67092,67108,16,W
26839,67097,67110,13,W
26843,67102,67112,10,W
26849,67114,67114,0,E
26845,67107,67114,7,W
26847,67112,67116,4,W
26850,67117,67118,1,W
26852,67121,67122,1,E
26853,67122,67122,0,W
26857,67128,67128,0,E
26856,67127,67128,1,W
26858,67132,67132,0,W
26859,67135,67136,1,E
26861,67137,67138,1,W
26863,67142,67200,58,E
26864,67142,67200,58,W
26867,67149,67202,53,E
26866,67147,67202,55,W
26871,67156,67204,48,E
26868,67152,67204,52,W
26875,67163,67206,43,E
26872,67157,67206,49,W
26878,67170,67208,38,E
26873,67162,67208,46,W
26881,67177,67210,33,E
26876,67167,67210,43,W
26886,67184,67212,28,E
26880,67172,67212,40,W
26889,67191,67214,23,E
26882,67177,67214,37,W
26893,67198,67216,18,E
26884,67182,67216,34,W
26896,67205,67218,13,E
26887,67187,67218,31,W
26900,67212,67220,8,E
26890,67192,67220,28,W
26904,67219,67222,3,E
26892,67197,67222,25,W
26895,67202,67224,22,W
26908,67226,67226,0,E
26897,67207,67226,19,W
26901,67212,67228,16,W
26903,67217,67230,13,W
26905,67222,67232,10,W
26911,67233,67234,1,E
26909,67227,67234,7,W
26910,67232,67236,4,W
26913,67237,67238,1,W
26915,67240,67240,0,E
26916,67242,67242,0,W
26918,67247,67248,1,E
26919,67247,67248,1,W
26920,67252,67252,0,W
26923,67254,67254,0,E
26924,67257,67258,1,W
26925,67261,67320,59,E
26927,67262,67320,58,W
26930,67268,67322,54,E
26929,67267,67322,55,W
26933,67275,67324,49,E
26932,67272,67324,52,W
26937,67282,67326,44,E
26934,67277,67326,49,W
26941,67289,67328,39,E
26938,67282,67328,46,W
26944,67296,67330,34,E
26939,67287,67330,43,W
26948,67303,67332,29,E
26942,67292,67332,40,W
26952,67310,67334,24,E
26945,67297,67334,37,W
26955,67317,67336,19,E
26947,67302,67336,34,W
26959,67324,67338,14,E
26950,67307,67338,31,W
26962,67331,67340,9,E
26953,67312,67340,28,W
26967,67338,67342,4,E
26956,67317,67342,25,W
26957,67322,67344,22,W
26970,67345,67346,1,E
26961,67327,67346,19,W
26963,67332,67348,16,W
26966,67337,67350,13,W
26974,67352,67352,0,E
26968,67342,67352,10,W
26971,67347,67354,7,W
26975,67352,67356,4,W
26976,67357,67358,1,W
26977,67359,67360,1,E
26979,67362,67362,0,W
26981,67366,67366,0,E
26982,67367,67368,1,W
26984,67372,67372,0,W
26985,67373,67374,1,E
26986,67377,67378,1,W
26989,67380,67440,60,E
26990,67382,67440,58,W
26991,67387,67442,55,E
26992,67387,67442,55,W
26996,67394,67444,50,E
26994,67392,67444,52,W
26999,67401,67446,45,E
26998,67397,67446,49,W
27004,67408,67448,40,E
27000,67402,67448,46,W
27007,67415,67450,35,E
27003,67407,67450,43,W
27010,67422,67452,30,E
27005,67412,67452,40,W
27014,67429,67454,25,E
27008,67417,67454,37,W
27018,67436,67456,20,E
27011,67422,67456,34,W
27022,67443,67458,15,E
27013,67427,67458,31,W
27025,67450,67460,10,E
27015,67432,67460,28,W
27028,67457,67462,5,E
27019,67437,67462,25,W
27033,67464,67464,0,E
27021,67442,67464,22,W
27023,67447,67466,19,W
27027,67452,67468,16,W
27029,67457,67470,13,W
27036,67471,67472,1,E
27031,67462,67472,10,W
27034,67467,67474,7,W
27037,67472,67476,4,W
27041,67478,67478,0,E
27039,67477,67478,1,W
27042,67482,67482,0,W
27043,67485,67486,1,E
27045,67487,67488,1,W
27047,67492,67492,0,E
27048,67492,67492,0,W
27050,67497,67498,1,W
27051,67499,67560,61,E
27052,67502,67560,58,W
27055,67506,67562,56,E
27056,67507,67562,55,W
27058,67513,67564,51,E
27057,67512,67564,52,W
27062,67520,67566,46,E
27060,67517,67566,49,W
27065,67527,67568,41,E
27063,67522,67568,46,W
27070,67534,67570,36,E
27066,67527,67570,43,W
27073,67541,67572,31,E
27068,67532,67572,40,W
27077,67548,67574,26,E
27071,67537,67574,37,W
27080,67555,67576,21,E
27074,67542,67576,34,W
27084,67562,67578,16,E
27076,67547,67578,31,W
27088,67569,67580,11,E
27079,67552,67580,28,W
27091,67576,67582,6,E
27081,67557,67582,25,W
27095,67583,67584,1,E
27085,67562,67584,22,W
27086,67567,67586,19,W
27089,67572,67588,16,W
27099,67590,67590,0,E
27093,67577,67590,13,W
27094,67582,67592,10,W
27097,67587,67594,7,W
27100,67592,67596,4,W
27102,67597,67598,1,E
27103,67597,67598,1,W
27104,67602,67602,0,W
27107,67604,67604,0,E
27108,67607,67608,1,W
27109,67611,67612,1,E
27110,67612,67612,0,W
27114,67618,67618,0,E
27113,67617,67618,1,W
27117,67625,67680,55,E
27116,67622,67680,58,W
27121,67632,67682,50,E
27118,67627,67682,55,W
27124,67639,67684,45,E
27122,67632,67684,52,W
27128,67646,67686,40,E
27123,67637,67686,49,W
27132,67653,67688,35,E
27126,67642,67688,46,W
27136,67660,67690,30,E
27129,67647,67690,43,W
27139,67667,67692,25,E
27131,67652,67692,40,W
27143,67674,67694,20,E
27133,67657,67694,37,W
27146,67681,67696,15,E
27137,67662,67696,34,W
27151,67688,67698,10,E
27140,67667,67698,31,W
27154,67695,67700,5,E
27141,67672,67700,28,W
27157,67702,67702,0,E
27145,67677,67702,25,W
27147,67682,67704,22,W
27150,67687,67706,19,W
27152,67692,67708,16,W
27161,67709,67710,1,E
27155,67697,67710,13,W
27158,67702,67712,10,W
27160,67707,67714,7,W
27165,67716,67716,0,E
27163,67712,67716,4,W
27166,67717,67718,1,W
27168,67722,67722,0,W
27169,67723,67724,1,E
27170,67727,67728,1,W
27173,67730,67730,0,E
27174,67732,67732,0,W
27175,67737,67738,1,E
27176,67737,67738,1,W
27180,67744,67800,56,E
27178,67742,67800,58,W
27183,67751,67802,51,E
27181,67747,67802,55,W
27188,67758,67804,46,E
27184,67752,67804,52,W
27190,67765,67806,41,E
27187,67757,67806,49,W
27194,67772,67808,36,E
27189,67762,67808,46,W
27198,67779,67810,31,E
27192,67767,67810,43,W
27202,67786,67812,26,E
27195,67772,67812,40,W
27206,67793,67814,21,E
27197,67777,67814,37,W
27209,67800,67816,16,E
27199,67782,67816,34,W
27212,67807,67818,11,E
27203,67787,67818,31,W
27217,67814,67820,6,E
27204,67792,67820,28,W
27220,67821,67822,1,E
27207,67797,67822,25,W
27211,67802,67824,22,W
27213,67807,67826,19,W
27224,67828,67828,0,E
27215,67812,67828,16,W
27218,67817,67830,13,W
27221,67822,67832,10,W
27223,67827,67834,7,W
27227,67835,67836,1,E
27226,67832,67836,4,W
27228,67837,67838,1,W
27231,67842,67842,0,E
27232,67842,67842,0,W
27234,67847,67848,1,W
27235,67849,67850,1,E
27236,67852,67852,0,W
27239,67856,67856,0,E
27240,67857,67858,1,W
27242,67863,67920,57,E
27241,67862,67920,58,W
27246,67870,67922,52,E
27244,67867,67922,55,W
27249,67877,67924,47,E
27247,67872,67924,52,W
27254,67884,67926,42,E
27250,67877,67926,49,W
27256,67891,67928,37,E
27251,67882,67928,46,W
27261,67898,67930,32,E
27255,67887,67930,43,W
27264,67905,67932,27,E
27258,67892,67932,40,W
27268,67912,67934,22,E
27260,67897,67934,37,W
27272,67919,67936,17,E
27263,67902,67936,34,W
27275,67926,67938,12,E
27265,67907,67938,31,W
27279,67933,67940,7,E
27269,67912,67940,28,W
27283,67940,67942,2,E
27270,67917,67942,25,W
27273,67922,67944,22,W
27276,67927,67946,19,W
27286,67947,67948,1,E
27278,67932,67948,16,W
27281,67937,67950,13,W
27284,67942,67952,10,W
27290,67954,67954,0,E
27287,67947,67954,7,W
27288,67952,67956,4,W
27292,67957,67958,1,W
27293,67961,67962,1,E
27294,67962,67962,0,W
27298,67968,67968,0,E
27297,67967,67968,1,W
27299,67972,67972,0,W
27301,67975,67976,1,E
27302,67977,67978,1,W
27305,67982,68040,58,E
27306,67982,68040,58,W
27308,67989,68042,53,E
27307,67987,68042,55,W
27312,67996,68044,48,E
27310,67992,68044,52,W
27316,68003,68046,43,E
27313,67997,68046,49,W
27320,68010,68048,38,E
27315,68002,68048,46,W
27322,68017,68050,33,E
27317,68007,68050,43,W
27327,68024,68052,28,E
27321,68012,68052,40,W
27330,68031,68054,23,E
27323,68017,68054,37,W
27335,68038,68056,18,E
27325,68022,68056,34,W
27338,68045,68058,13,E
27329,68027,68058,31,W
27341,68052,68060,8,E
27331,68032,68060,28,W
27345,68059,68062,3,E
27334,68037,68062,25,W
27336,68042,68064,22,W
27349,68066,68066,0,E
27339,68047,68066,19,W
27342,68052,68068,16,W
27344,68057,68070,13,W
27346,68062,68072,10,W
27353,68073,68074,1,E
27350,68067,68074,7,W
27352,68072,68076,4,W
27354,68077,68078,1,W
27356,68080,68080,0,E
27358,68082,68082,0,W
27359,68087,68088,1,E
27360,68087,68088,1,W
27362,68092,68092,0,W
27364,68094,68094,0,E
27365,68097,68098,1,W
27367,68101,68160,59,E
27368,68102,68160,58,W
27372,68108,68162,54,E
27370,68107,68162,55,W
27374,68115,68164,49,E
27373,68112,68164,52,W
27378,68122,68166,44,E
27376,68117,68166,49,W
27382,68129,68168,39,E
27379,68122,68168,46,W
27386,68136,68170,34,E
27381,68127,68170,43,W
27389,68143,68172,29,E
27383,68132,68172,40,W
27393,68150,68174,24,E
27387,68137,68174,37,W
27396,68157,68176,19,E
27388,68142,68176,34,W
27401,68164,68178,14,E
27391,68147,68178,31,W
27404,68171,68180,9,E
27394,68152,68180,28,W
27408,68178,68182,4,E
27397,68157,68182,25,W
27399,68162,68184,22,W
27411,68185,68186,1,E
27402,68167,68186,19,W
27405,68172,68188,16,W
27407,68177,68190,13,W
27415,68192,68192,0,E
27410,68182,68192,10,W
27412,68187,68194,7,W
27416,68192,68196,4,W
27417,68197,68198,1,W
27419,68199,68200,1,E
27420,68202,68202,0,W
27422,68206,68206,0,E
27424,68207,68208,1,W
27425,68212,68212,0,W
27426,68213,68214,1,E
27428,68217,68218,1,W
27430,68220,68280,60,E
27431,68222,68280,58,W
27433,68227,68282,55,E
27434,68227,68282,55,W
27438,68234,68284,50,E
27435,68232,68284,52,W
27440,68241,68286,45,E
27439,68237,68286,49,W
27445,68248,68288,40,E
27441,68242,68288,46,W
27448,68255,68290,35,E
27444,68247,68290,43,W
27452,68262,68292,30,E
27447,68252,68292,40,W
27455,68269,68294,25,E
27449,68257,68294,37,W
27459,68276,68296,20,E
27453,68262,68296,34,W
27463,68283,68298,15,E
27454,68267,68298,31,W
27467,68290,68300,10,E
27457,68272,68300,28,W
27470,68297,68302,5,E
27460,68277,68302,25,W
27474,68304,68304,0,E
27462,68282,68304,22,W
27464,68287,68306,19,W
27468,68292,68308,16,W
27471,68297,68310,13,W
27477,68311,68312,1,E
27472,68302,68312,10,W
27476,68307,68314,7,W
27478,68312,68316,4,W
27482,68318,68318,0,E
27481,68317,68318,1,W
27483,68322,68322,0,W
27485,68325,68326,1,E
27486,68327,68328,1,W
27488,68332,68332,0,E
27489,68332,68332,0,W
27491,68337,68338,1,W
27492,68339,68400,61,E
27494,68342,68400,58,W
27496,68346,68402,56,E
27497,68347,68402,55,W
27500,68353,68404,51,E
27499,68352,68404,52,W
27504,68360,68406,46,E
27501,68357,68406,49,W
27506,68367,68408,41,E
27505,68362,68408,46,W
27511,68374,68410,36,E
27507,68367,68410,43,W
27514,68381,68412,31,E
27509,68372,68412,40,W
27519,68388,68414,26,E
27512,68377,68414,37,W
27521,68395,68416,21,E
27515,68382,68416,34,W
27525,68402,68418,16,E
27518,68387,68418,31,W
27529,68411,68420,9,E
27520,68392,68420,28,W
27533,68420,68422,2,E
27523,68397,68422,25,W
27526,68402,68424,22,W
27528,68409,68426,17,W
27530,68416,68428,12,W
27536,68429,68430,1,E
27534,68423,68430,7,W
27537,68430,68432,2,W
27539,68438,68438,0,E
27538,68437,68438,1,W
27542,68444,68444,0,W
27543,68447,68448,1,E
27544,68451,68452,1,W
27546,68456,68456,0,E
27548,68458,68458,0,W
27550,68465,68520,55,E
27551,68465,68520,55,W
27553,68474,68522,48,E
27552,68472,68522,50,W
27557,68483,68524,41,E
27556,68479,68524,45,W
27560,68492,68526,34,E
27558,68486,68526,40,W
27565,68501,68528,27,E
27561,68493,68528,35,W
27567,68510,68530,20,E
27563,68500,68530,30,W
27571,68519,68532,13,E
27566,68507,68532,25,W
27574,68528,68534,6,E
27569,68514,68534,20,W
27572,68521,68536,15,W
27579,68537,68538,1,E
27575,68528,68538,10,W
27577,68535,68540,5,W
27580,68542,68542,0,W
27581,68546,68546,0,E
27583,68549,68550,1,W
27585,68555,68556,1,E
27586,68556,68556,0,W
27589,68564,68564,0,E
27588,68563,68564,1,W
27590,68570,68570,0,W
27593,68573,68574,1,E
27594,68577,68578,1,W
27595,68582,68640,58,E
27596,68584,68640,56,W
27599,68591,68642,51,E
27600,68591,68642,51,W
27603,68600,68644,44,E
27602,68598,68644,46,W
27606,68609,68646,37,E
27604,68605,68646,41,W
27609,68618,68648,30,E
27608,68612,68648,36,W
27613,68627,68650,23,E
27610,68619,68650,31,W
27617,68636,68652,16,E
27612,68626,68652,26,W
27620,68645,68654,9,E
27616,68633,68654,21,W
27623,68654,68656,2,E
27618,68640,68656,16,W
27621,68647,68658,11,W
27624,68654,68660,6,W
27626,68661,68662,1,W
27627,68663,68664,1,E
27629,68668,68668,0,W
27631,68672,68672,0,E
27632,68675,68676,1,W
27634,68681,68682,1,E
27635,68682,68682,0,W
27638,68690,68690,0,E
27637,68689,68690,1,W
27640,68696,68696,0,W
27641,68699,68760,61,E
27642,68703,68760,57,W
27645,68708,68762,54,E
27646,68710,68762,52,W
27648,68717,68764,47,E
27649,68717,68764,47,W
27652,68726,68766,40,E
27651,68724,68766,42,W
27655,68735,68768,33,E
27654,68731,68768,37,W
27659,68744,68770,26,E
27656,68738,68770,32,W
27663,68753,68772,19,E
27660,68745,68772,27,W
27666,68762,68774,12,E
27661,68752,68774,22,W
27669,68771,68776,5,E
27664,68759,68776,17,W
27668,68766,68778,12,W
27672,68780,68780,0,E
27670,68773,68780,7,W
27673,68780,68782,2,W
27675,68787,68788,1,W
27677,68789,68790,1,E
27678,68794,68794,0,W
27679,68798,68798,0,E
27682,68801,68802,1,W
27683,68807,68808,1,E
27684,68808,68808,0,W
27687,68816,68816,0,E
27686,68815,68816,1,W
27691,68825,68880,55,E
27689,68822,68880,58,W
27693,68834,68882,48,E
27692,68829,68882,53,W
27697,68843,68884,41,E
27694,68836,68884,48,W
27701,68852,68886,34,E
27698,68843,68886,43,W
27705,68861,68888,27,E
27700,68850,68888,38,W
27707,68870,68890,20,E
27703,68857,68890,33,W
27712,68879,68892,13,E
27706,68864,68892,28,W
27715,68888,68894,6,E
27708,68871,68894,23,W
27711,68878,68896,18,W
27719,68897,68898,1,E
27714,68885,68898,13,W
27716,68892,68900,8,W
27720,68899,68902,3,W
27721,68906,68906,0,E
27722,68906,68906,0,W
27724,68913,68914,1,W
27726,68915,68916,1,E
27727,68920,68920,0,W
27729,68924,68924,0,E
27730,68927,68928,1,W
27733,68933,68934,1,E
27734,68934,68934,0,W
27736,68942,69000,58,E
27735,68941,69000,59,W
27739,68951,69002,51,E
27738,68948,69002,54,W
27743,68960,69004,44,E
27741,68955,69004,49,W
27746,68969,69006,37,E
27744,68962,69006,44,W
27750,68978,69008,30,E
27747,68969,69008,39,W
27753,68987,69010,23,E
27749,68976,69010,34,W
27757,68996,69012,16,E
27752,68983,69012,29,W
27761,69005,69014,9,E
27755,68990,69014,24,W
27764,69014,69016,2,E
27758,68997,69016,19,W
27759,69004,69018,14,W
27763,69011,69020,9,W
27766,69018,69022,4,W
27767,69023,69024,1,E
27768,69025,69026,1,W
27771,69032,69032,0,E
27772,69032,69032,0,W
27773,69039,69040,1,W
27775,69041,69042,1,E
27776,69046,69046,0,W
27778,69050,69050,0,E
27780,69053,69054,1,W
27781,69059,69120,61,E
27782,69060,69120,60,W
27786,69068,69122,54,E
27785,69067,69122,55,W
27789,69077,69124,47,E
27787,69074,69124,50,W
27792,69086,69126,40,E
27790,69081,69126,45,W
27795,69095,69128,33,E
27793,69088,69128,40,W
27800,69104,69130,26,E
27796,69095,69130,35,W
27803,69113,69132,19,E
27798,69102,69132,30,W
27805,69122,69134,12,E
27801,69109,69134,25,W
27810,69131,69136,5,E
27804,69116,69136,20,W
27807,69123,69138,15,W
27813,69140,69140,0,E
27809,69130,69140,10,W
27812,69137,69142,5,W
27815,69144,69144,0,W
27817,69149,69150,1,E
27818,69151,69152,1,W
27819,69158,69158,0,E
27820,69158,69158,0,W
27823,69165,69166,1,W
27824,69167,69168,1,E
27825,69172,69172,0,W
27827,69176,69176,0,E
27831,69185,69240,55,E
27828,69179,69240,61,W
27834,69194,69242,48,E
27832,69186,69242,56,W
27838,69203,69244,41,E
27833,69193,69244,51,W
27841,69212,69246,34,E
27837,69200,69246,46,W
27845,69221,69248,27,E
27839,69207,69248,41,W
27848,69230,69250,20,E
27842,69214,69250,36,W
27852,69239,69252,13,E
27846,69221,69252,31,W
27855,69248,69254,6,E
27847,69228,69254,26,W
27850,69235,69256,21,W
27860,69257,69258,1,E
27853,69242,69258,16,W
27856,69249,69260,11,W
27858,69256,69262,6,W
27861,69263,69264,1,W
27862,69266,69266,0,E
27864,69270,69270,0,W
27866,69275,69276,1,E
27867,69277,69278,1,W
27869,69284,69284,0,E
27870,69284,69284,0,W
27871,69291,69292,1,W
27873,69293,69294,1,E
27875,69298,69298,0,W
27876,69302,69360,58,E
27878,69305,69360,55,W
27879,69311,69362,51,E
27880,69312,69362,50,W
27884,69320,69364,44,E
27883,69319,69364,45,W
27887,69329,69366,37,E
27885,69326,69366,40,W
27890,69338,69368,30,E
27889,69333,69368,35,W
27893,69347,69370,23,E
27891,69340,69370,30,W
27898,69356,69372,16,E
27894,69347,69372,25,W
27901,69365,69374,9,E
27897,69354,69374,20,W
27904,69374,69376,2,E
27899,69361,69376,15,W
27902,69368,69378,10,W
27905,69375,69380,5,W
27907,69382,69382,0,W
27908,69383,69384,1,E
27911,69389,69390,1,W
27912,69392,69392,0,E
27913,69396,69396,0,W
27915,69401,69402,1,E
27916,69403,69404,1,W
27918,69410,69410,0,E
27919,69410,69410,0,W
27921,69417,69418,1,W
27922,69419,69480,61,E
27923,69424,69480,56,W
27926,69428,69482,54,E
27927,69431,69482,51,W
27929,69437,69484,47,E
27930,69438,69484,46,W
27933,69446,69486,40,E
27931,69445,69486,41,W
27936,69455,69488,33,E
27935,69452,69488,36,W
27939,69464,69490,26,E
27937,69459,69490,31,W
27943,69473,69492,19,E
27941,69466,69492,26,W
27946,69482,69494,12,E
27944,69473,69494,21,W
27950,69491,69496,5,E
27945,69480,69496,16,W
27949,69487,69498,11,W
27953,69500,69500,0,E
27951,69494,69500,6,W
27954,69501,69502,1,W
27956,69508,69508,0,W
27958,69509,69510,1,E
27959,69515,69516,1,W
27960,69518,69518,0,E
27963,69522,69522,0,W
27964,69527,69528,1,E
27965,69529,69530,1,W
27967,69536,69536,0,E
27968,69536,69536,0,W
27972,69545,69600,55,E
27970,69543,69600,57,W
27974,69554,69602,48,E
27973,69550,69602,52,W
27978,69563,69604,41,E
27976,69557,69604,47,W
27982,69572,69606,34,E
27979,69564,69606,42,W
27986,69581,69608,27,E
27981,69571,69608,37,W
27988,69590,69610,20,E
27983,69578,69610,32,W
27992,69599,69612,13,E
27987,69585,69612,27,W
27996,69608,69614,6,E
27989,69592,69614,22,W
27993,69599,69616,17,W
28000,69617,69618,1,E
27995,69606,69618,12,W
27997,69613,69620,7,W
28001,69620,69622,2,W
28002,69626,69626,0,E
28003,69627,69628,1,W
28005,69634,69634,0,W
28006,69635,69636,1,E
28009,69641,69642,1,W
28010,69644,69644,0,E
28011,69648,69648,0,W
28013,69653,69654,1,E
28015,69655,69656,1,W
28016,69662,69720,58,E
28017,69662,69720,58,W
28020,69671,69722,51,E
28019,69669,69722,53,W
28024,69680,69724,44,E
28022,69676,69724,48,W
28027,69689,69726,37,E
28025,69683,69726,43,W
28031,69698,69728,30,E
28028,69690,69728,38,W
28034,69707,69730,23,E
28030,69697,69730,33,W
28038,69716,69732,16,E
28033,69704,69732,28,W
28041,69725,69734,9,E
28035,69711,69734,23,W
28045,69734,69736,2,E
28039,69718,69736,18,W
28042,69725,69738,13,W
28044,69732,69740,8,W
28047,69739,69742,3,W
28048,69743,69744,1,E
28049,69746,69746,0,W
28052,69752,69752,0,E
28053,69753,69754,1,W
28054,69760,69760,0,W
28056,69761,69762,1,E
28057,69767,69768,1,W
28059,69770,69770,0,E
28061,69774,69774,0,W
28062,69779,69840,61,E
28063,69781,69840,59,W
28066,69788,69842,54,E
28067,69788,69842,54,W
28070,69797,69844,47,E
28068,69795,69844,49,W
28072,69806,69846,40,E
28071,69802,69846,44,W
28076,69815,69848,33,E
28075,69809,69848,39,W
28080,69824,69850,26,E
28077,69816,69850,34,W
28084,69833,69852,19,E
28079,69823,69852,29,W
28086,69842,69854,12,E
28082,69830,69854,24,W
28090,69851,69856,5,E
28085,69837,69856,19,W
28087,69844,69858,14,W
28094,69860,69860,0,E
28091,69851,69860,9,W
28093,69858,69862,4,W
28096,69865,69866,1,W
28098,69869,69870,1,E
28099,69872,69872,0,W
28100,69878,69878,0,E
28101,69879,69880,1,W
28104,69886,69886,0,W
28105,69887,69888,1,E
28107,69893,69894,1,W
28108,69896,69896,0,E
28112,69905,69960,55,E
28109,69900,69960,60,W
28114,69914,69962,48,E
28113,69907,69962,55,W
28119,69923,69964,41,E
28115,69914,69964,50,W
28122,69932,69966,34,E
28118,69921,69966,45,W
28126,69941,69968,27,E
28120,69928,69968,40,W
28129,69950,69970,20,E
28123,69935,69970,35,W
28133,69959,69972,13,E
28127,69942,69972,30,W
28136,69968,69974,6,E
28128,69949,69974,25,W
28131,69956,69976,20,W
28139,69977,69978,1,E
28134,69963,69978,15,W
28137,69970,69980,10,W
28140,69977,69982,5,W
28142,69984,69984,0,W
28143,69986,69986,0,E
28145,69991,69992,1,W
28146,69995,69996,1,E
28148,69998,69998,0,W
28150,70004,70004,0,E
28151,70005,70006,1,W
28152,70012,70012,0,W
28154,70013,70014,1,E
28157,70022,70080,58,E
28156,70019,70080,61,W
28160,70031,70082,51,E
28159,70026,70082,56,W
28164,70040,70084,44,E
28161,70033,70084,51,W
28168,70049,70086,37,E
28165,70040,70086,46,W
28171,70058,70088,30,E
28166,70047,70088,41,W
28174,70067,70090,23,E
28170,70054,70090,36,W
28179,70076,70092,16,E
28173,70061,70092,31,W
28182,70085,70094,9,E
28175,70068,70094,26,W
28185,70094,70096,2,E
28178,70075,70096,21,W
28180,70082,70098,16,W
28183,70089,70100,11,W
28186,70096,70102,6,W
28188,70103,70104,1,E
28189,70103,70104,1,W
28191,70110,70110,0,W
28193,70112,70112,0,E
28194,70117,70118,1,W
28196,70121,70122,1,E
28197,70124,70124,0,W
28199,70130,70130,0,E
28200,70131,70132,1,W
28202,70138,70138,0,W
28203,70139,70200,61,E
28205,70145,70200,55,W
28206,70148,70202,54,E
28208,70152,70202,50,W
28210,70157,70204,47,E
28211,70159,70204,45,W
28212,70166,70206,40,E
28213,70166,70206,40,W
28217,70175,70208,33,E
28216,70173,70208,35,W
28220,70184,70210,26,E
28218,70180,70210,30,W
28224,70193,70212,19,E
28222,70187,70212,25,W
28227,70202,70214,12,E
28225,70194,70214,20,W
28231,70211,70216,5,E
28226,70201,70216,15,W
28230,70208,70218,10,W
28234,70220,70220,0,E
28232,70215,70220,5,W
28235,70222,70222,0,W
28238,70229,70230,1,E
28239,70229,70230,1,W
28240,70236,70236,0,W
28241,70238,70238,0,E
28243,70243,70244,1,W
28245,70247,70248,1,E
28246,70250,70250,0,W
28248,70256,70256,0,E
28249,70257,70258,1,W
28253,70265,70320,55,E
28251,70264,70320,56,W
28255,70274,70322,48,E
28254,70271,70322,51,W
28259,70283,70324,41,E
28257,70278,70324,46,W
28262,70292,70326,34,E
28260,70285,70326,41,W
28267,70301,70328,27,E
28263,70292,70328,36,W
28269,70310,70330,20,E
28264,70299,70330,31,W
28272,70319,70332,13,E
28268,70306,70332,26,W
28277,70328,70334,6,E
28271,70313,70334,21,W
28274,70320,70336,16,W
28280,70337,70338,1,E
28276,70327,70338,11,W
28278,70334,70340,6,W
28282,70341,70342,1,W
28283,70346,70346,0,E
28284,70348,70348,0,W
28286,70355,70356,1,E
28287,70355,70356,1,W
28290,70362,70362,0,W
28291,70364,70364,0,E
28292,70369,70370,1,W
28294,70373,70374,1,E
28295,70376,70376,0,W
28297,70382,70440,58,E
28298,70383,70440,57,W
28301,70391,70442,51,E
28300,70390,70442,52,W
28305,70400,70444,44,E
28304,70397,70444,47,W
28308,70409,70446,37,E
28306,70404,70446,42,W
28311,70418,70448,30,E
28309,70411,70448,37,W
28315,70427,70450,23,E
28312,70418,70450,32,W
28319,70436,70452,16,E
28314,70425,70452,27,W
28322,70445,70454,9,E
28316,70432,70454,22,W
28326,70454,70456,2,E
28320,70439,70456,17,W
28323,70446,70458,12,W
28325,70453,70460,7,W
28328,70460,70462,2,W
28329,70463,70464,1,E
28330,70467,70468,1,W
28333,70472,70472,0,E
28334,70474,70474,0,W
28336,70481,70482,1,E
28337,70481,70482,1,W
28338,70488,70488,0,W
28339,70490,70490,0,E
28342,70495,70496,1,W
28343,70499,70560,61,E
28344,70502,70560,58,W
28346,70508,70562,54,E
28347,70509,70562,53,W
28351,70517,70564,47,E
28349,70516,70564,48,W
28353,70526,70566,40,E
28352,70523,70566,43,W
28357,70535,70568,33,E
28356,70530,70568,38,W
28360,70544,70570,26,E
28358,70537,70570,33,W
28365,70553,70572,19,E
28361,70544,70572,28,W
28367,70562,70574,12,E
28363,70551,70574,23,W
28371,70571,70576,5,E
28366,70558,70576,18,W
28369,70565,70578,13,W
28375,70580,70580,0,E
28372,70572,70580,8,W
28374,70579,70582,3,W
28377,70586,70586,0,W
28379,70589,70590,1,E
28380,70593,70594,1,W
28381,70598,70598,0,E
28382,70600,70600,0,W
28385,70607,70608,1,E
28386,70607,70608,1,W
28388,70614,70614,0,W
28389,70616,70616,0,E
28393,70625,70680,55,E
28390,70621,70680,59,W
28395,70634,70682,48,E
28394,70628,70682,54,W
28400,70643,70684,41,E
28396,70635,70684,49,W
28403,70652,70686,34,E
28398,70642,70686,44,W
28406,70661,70688,27,E
28402,70649,70688,39,W
28409,70670,70690,20,E
28404,70656,70690,34,W
28413,70679,70692,13,E
28408,70663,70692,29,W
28417,70688,70694,6,E
28410,70670,70694,24,W
28412,70677,70696,19,W
28420,70697,70698,1,E
28415,70684,70698,14,W
28418,70691,70700,9,W
28421,70698,70702,4,W
28424,70706,70706,0,E
28423,70705,70706,1,W
28426,70712,70712,0,W
28427,70715,70716,1,E
28429,70719,70720,1,W
28431,70724,70724,0,E
28432,70726,70726,0,W
28434,70733,70734,1,E
28435,70733,70734,1,W
28438,70742,70800,58,E
28437,70740,70800,60,W
28441,70751,70802,51,E
28440,70747,70802,55,W
28445,70760,70804,44,E
28442,70754,70804,50,W
28449,70769,70806,37,E
28446,70761,70806,45,W
28452,70778,70808,30,E
28447,70768,70808,40,W
28455,70787,70810,23,E
28450,70775,70810,35,W
28459,70796,70812,16,E
28454,70782,70812,30,W
28463,70805,70814,9,E
28456,70789,70814,25,W
28466,70814,70816,2,E
28460,70796,70816,20,W
28461,70803,70818,15,W
28464,70810,70820,10,W
28468,70817,70822,5,W
28469,70823,70824,1,E
28470,70824,70824,0,W
28473,70832,70832,0,E
28472,70831,70832,1,W
28475,70838,70838,0,W
28477,70841,70842,1,E
28478,70845,70846,1,W
28479,70850,70850,0,E
28481,70852,70852,0,W
28483,70859,70920,61,E
28484,70859,70920,61,W
28487,70868,70922,54,E
28486,70866,70922,56,W
28491,70877,70924,47,E
28489,70873,70924,51,W
28493,70886,70926,40,E
28492,70880,70926,46,W
28498,70895,70928,33,E
28494,70887,70928,41,W
28501,70904,70930,26,E
28497,70894,70930,36,W
28505,70913,70932,19,E
28500,70901,70932,31,W
28507,70922,70934,12,E
28502,70908,70934,26,W
28512,70931,70936,5,E
28506,70915,70936,21,W
28508,70922,70938,16,W
28515,70940,70940,0,E
28511,70929,70940,11,W
28513,70936,70942,6,W
28516,70943,70944,1,W
28519,70949,70950,1,E
28520,70950,70950,0,W
28522,70958,70958,0,E
28521,70957,70958,1,W
28524,70964,70964,0,W
28526,70967,70968,1,E
28527,70971,70972,1,W
28529,70976,70976,0,E
28530,70978,70978,0,W
28533,70985,71040,55,E
28534,70985,71040,55,W
28536,70994,71042,48,E
28535,70992,71042,50,W
28539,71003,71044,41,E
28538,70999,71044,45,W
28543,71012,71046,34,E
28541,71006,71046,40,W
28547,71021,71048,27,E
28544,71013,71048,35,W
28550,71030,71050,20,E
28545,71020,71050,30,W
28553,71039,71052,13,E
28549,71027,71052,25,W
28557,71048,71054,6,E
28552,71034,71054,20,W
28554,71041,71056,15,W
28561,71057,71058,1,E
28558,71048,71058,10,W
28559,71055,71060,5,W
28563,71062,71062,0,W
28564,71066,71066,0,E
28566,71069,71070,1,W
28567,71075,71076,1,E
28568,71076,71076,0,W
28572,71084,71084,0,E
28571,71083,71084,1,W
28573,71090,71090,0,W
28575,71093,71094,1,E
28576,71097,71098,1,W
28578,71102,71160,58,E
28579,71104,71160,56,W
28581,71111,71162,51,E
28582,71111,71162,51,W
28586,71120,71164,44,E
28585,71118,71164,46,W
28589,71129,71166,37,E
28587,71125,71166,41,W
28592,71138,71168,30,E
28590,71132,71168,36,W
28596,71147,71170,23,E
28593,71139,71170,31,W
28600,71156,71172,16,E
28595,71146,71172,26,W
28603,71165,71174,9,E
28598,71153,71174,21,W
28605,71174,71176,2,E
28601,71160,71176,16,W
28604,71167,71178,11,W
28606,71174,71180,6,W
28609,71181,71182,1,W
28610,71183,71184,1,E
28611,71188,71188,0,W
28613,71192,71192,0,E
28615,71195,71196,1,W
28617,71201,71202,1,E
28618,71202,71202,0,W
28620,71210,71210,0,E
28619,71209,71210,1,W
28623,71216,71216,0,W
28624,71219,71280,61,E
28625,71223,71280,57,W
28627,71228,71282,54,E
28628,71230,71282,52,W
28631,71237,71284,47,E
28632,71237,71284,47,W
28634,71246,71286,40,E
28633,71244,71286,42,W
28638,71255,71288,33,E
28637,71251,71288,37,W
28641,71264,71290,26,E
28639,71258,71290,32,W
28646,71273,71292,19,E
28642,71265,71292,27,W
28648,71282,71294,12,E
28644,71272,71294,22,W
28652,71291,71296,5,E
28647,71279,71296,17,W
28650,71286,71298,12,W
28655,71300,71300,0,E
28653,71293,71300,7,W
28656,71300,71302,2,W
28657,71307,71308,1,W
28660,71309,71310,1,E
28661,71314,71314,0,W
28662,71318,71318,0,E
28664,71321,71322,1,W
28666,71327,71328,1,E
28667,71328,71328,0,W
28670,71336,71336,0,E
28669,71335,71336,1,W
28673,71345,71400,55,E
28671,71342,71400,58,W
28676,71354,71402,48,E
28675,71349,71402,53,W
28679,71363,71404,41,E
28677,71356,71404,48,W
28684,71372,71406,34,E
28680,71363,71406,43,W
28687,71381,71408,27,E
28683,71370,71408,38,W
28690,71390,71410,20,E
28685,71377,71410,33,W
28694,71399,71412,13,E
28689,71384,71412,28,W
28698,71408,71414,6,E
28691,71391,71414,23,W
28693,71398,71416,18,W
28701,71417,71418,1,E
28697,71405,71418,13,W
28699,71412,71420,8,W
28702,71419,71422,3,W
28704,71426,71426,0,E
28705,71426,71426,0,W
28707,71433,71434,1,W
28708,71435,71436,1,E
28709,71440,71440,0,W
28712,71444,71444,0,E
28713,71447,71448,1,W
28715,71453,71454,1,E
28716,71454,71454,0,W
28719,71462,71520,58,E
28718,71461,71520,59,W
28722,71471,71522,51,E
28721,71468,71522,54,W
28726,71480,71524,44,E
28723,71475,71524,49,W
28729,71489,71526,37,E
28727,71482,71526,44,W
28733,71498,71528,30,E
28730,71489,71528,39,W
28736,71507,71530,23,E
28731,71496,71530,34,W
28739,71516,71532,16,E
28735,71503,71532,29,W
28744,71525,71534,9,E
28737,71510,71534,24,W
28746,71534,71536,2,E
28741,71517,71536,19,W
28742,71524,71538,14,W
28745,71531,71540,9,W
28749,71538,71542,4,W
28750,71543,71544,1,E
28751,71545,71546,1,W
28753,71552,71552,0,E
28754,71552,71552,0,W
28756,71559,71560,1,W
28758,71561,71562,1,E
28759,71566,71566,0,W
28760,71570,71570,0,E
28762,71573,71574,1,W
28764,71579,71640,61,E
28765,71580,71640,60,W
28768,71588,71642,54,E
28767,71587,71642,55,W
28772,71597,71644,47,E
28770,71594,71644,50,W
28774,71606,71646,40,E
28773,71601,71646,45,W
28778,71615,71648,33,E
28775,71608,71648,40,W
28782,71624,71650,26,E
28779,71615,71650,35,W
28786,71633,71652,19,E
28781,71622,71652,30,W
28788,71642,71654,12,E
28783,71629,71654,25,W
28793,71651,71656,5,E
28787,71636,71656,20,W
28789,71643,71658,15,W
28796,71660,71660,0,E
28792,71650,71660,10,W
28795,71657,71662,5,W
28797,71664,71664,0,W
28800,71669,71670,1,E
28801,71671,71672,1,W
28802,71678,71678,0,E
28803,71678,71678,0,W
28805,71685,71686,1,W
28806,71687,71688,1,E
28808,71692,71692,0,W
28810,71696,71696,0,E
28813,71705,71760,55,E
28811,71699,71760,61,W
28817,71714,71762,48,E
28814,71706,71762,56,W
28820,71723,71764,41,E
28816,71713,71764,51,W
28824,71732,71766,34,E
28819,71720,71766,46,W
28827,71741,71768,27,E
28822,71727,71768,41,W
28831,71750,71770,20,E
28825,71734,71770,36,W
28834,71759,71772,13,E
28828,71741,71772,31,W
28838,71768,71774,6,E
28830,71748,71774,26,W
28833,71755,71776,21,W
28842,71777,71778,1,E
28835,71762,71778,16,W
28839,71769,71780,11,W
28840,71776,71782,6,W
28844,71783,71784,1,W
28845,71786,71786,0,E
28847,71790,71790,0,W
28848,71795,71796,1,E
28849,71797,71798,1,W
28852,71804,71804,0,E
28853,71804,71804,0,W
28854,71811,71812,1,W
28856,71813,71814,1,E
28857,71818,71818,0,W
28859,71822,71880,58,E
28861,71825,71880,55,W
28862,71831,71882,51,E
28863,71832,71882,50,W
28867,71840,71884,44,E
28865,71839,71884,45,W
28870,71849,71886,37,E
28868,71846,71886,40,W
28872,71858,71888,30,E
28871,71853,71888,35,W
28876,71867,71890,23,E
28874,71860,71890,30,W
28880,71876,71892,16,E
28877,71867,71892,25,W
28884,71885,71894,9,E
28879,71874,71894,20,W
28886,71894,71896,2,E
28882,71881,71896,15,W
28885,71888,71898,10,W
28887,71895,71900,5,W
28890,71902,71902,0,W
28891,71903,71904,1,E
28893,71909,71910,1,W
28894,71912,71912,0,E
28896,71916,71916,0,W
28898,71921,71922,1,E
28899,71923,71924,1,W
28900,71930,71930,0,E
28901,71930,71930,0,W
28904,71937,71938,1,W
28905,71939,72000,61,E
28906,71944,72000,56,W
28908,71948,72002,54,E
28909,71951,72002,51,W
28912,71957,72004,47,E
28913,71958,72004,46,W
28915,71966,72006,40,E
28914,71965,72006,41,W
28919,71975,72008,33,E
28917,71972,72008,36,W
28922,71984,72010,26,E
28920,71979,72010,31,W
28926,71993,72012,19,E
28923,71986,72012,26,W
28929,72002,72014,12,E
28927,71993,72014,21,W
28933,72013,72016,3,E
28928,72000,72016,16,W
28931,72009,72018,9,W
28934,72018,72020,2,W
28936,72024,72024,0,E
28937,72027,72028,1,W
28939,72035,72036,1,E
28940,72036,72036,0,W
28943,72046,72046,0,E
28942,72045,72046,1,W
28945,72054,72054,0,W
28946,72057,72058,1,E
28949,72068,72120,52,E
28948,72063,72120,57,W
28952,72079,72122,43,E
28951,72072,72122,50,W
28956,72090,72124,34,E
28953,72081,72124,43,W
28960,72101,72126,25,E
28957,72090,72126,36,W
28963,72112,72128,16,E
28958,72099,72128,29,W
28966,72123,72130,7,E
28962,72108,72130,22,W
28965,72117,72132,15,W
28970,72134,72134,0,E
28967,72126,72134,8,W
28971,72135,72136,1,W
28972,72144,72144,0,W
28973,72145,72146,1,E
28975,72153,72154,1,W
28977,72156,72156,0,E
28978,72162,72162,0,W
28980,72167,72168,1,E
28981,72171,72172,1,W
28982,72178,72178,0,E
28986,72189,72240,51,E
28984,72180,72240,60,W
28990,72200,72242,42,E
28987,72189,72242,53,W
28993,72211,72244,33,E
28989,72198,72244,46,W
28996,72222,72246,24,E
28992,72207,72246,39,W
29000,72233,72248,15,E
28995,72216,72248,32,W
29003,72244,72250,6,E
28997,72225,72250,25,W
29001,72234,72252,18,W
29002,72243,72254,11,W
29007,72255,72256,1,E
29006,72252,72256,4,W
29009,72261,72262,1,W
29010,72266,72266,0,E
29011,72270,72270,0,W
29014,72277,72278,1,E
29015,72279,72280,1,W
29016,72288,72288,0,E
29017,72288,72288,0,W
29019,72297,72298,1,W
29021,72299,72360,61,E
29022,72306,72360,54,W
29024,72310,72362,52,E
29025,72315,72362,47,W
29026,72321,72364,43,E
29028,72324,72364,40,W
29030,72332,72366,34,E
29031,72333,72366,33,W
29034,72343,72368,25,E
29033,72342,72368,26,W
29037,72354,72370,16,E
29036,72351,72370,19,W
29040,72365,72372,7,E
29039,72360,72372,12,W
29041,72369,72374,5,W
29044,72376,72376,0,E
29045,72378,72378,0,W
29046,72387,72388,1,E
29047,72387,72388,1,W
29050,72396,72396,0,W
29051,72398,72398,0,E
29053,72405,72406,1,W
29054,72409,72410,1,E
29055,72414,72414,0,W
29057,72420,72480,60,E
29059,72423,72480,57,W
29060,72431,72482,51,E
29061,72432,72482,50,W
29064,72442,72484,42,E
29063,72441,72484,43,W
29068,72453,72486,33,E
29066,72450,72486,36,W
29070,72464,72488,24,E
29069,72459,72488,29,W
29074,72475,72490,15,E
29072,72468,72490,22,W
29077,72486,72492,6,E
29075,72477,72492,15,W
29078,72486,72494,8,W
29080,72495,72496,1,W
29081,72497,72498,1,E
29083,72504,72504,0,W
29084,72508,72508,0,E
29085,72513,72514,1,W
29088,72519,72520,1,E
29089,72522,72522,0,W
29090,72530,72530,0,E
29091,72531,72532,1,W
29095,72541,72600,59,E
29094,72540,72600,60,W
29098,72552,72602,50,E
29097,72549,72602,53,W
29101,72563,72604,41,E
29099,72558,72604,46,W
29104,72574,72606,32,E
29103,72567,72606,39,W
29107,72585,72608,23,E
29105,72576,72608,32,W
29111,72596,72610,14,E
29108,72585,72610,25,W
29114,72607,72612,5,E
29110,72594,72612,18,W
29113,72603,72614,11,W
29116,72612,72616,4,W
29118,72618,72618,0,E
29119,72621,72622,1,W
29121,72629,72630,1,E
29122,72630,72630,0,W
29125,72640,72640,0,E
29124,72639,72640,1,W
29127,72648,72648,0,W
29128,72651,72652,1,E
29129,72657,72658,1,W
29132,72662,72720,58,E
29133,72666,72720,54,W
29134,72673,72722,49,E
29135,72675,72722,47,W
29138,72684,72724,40,E
29139,72684,72724,40,W
29142,72695,72726,31,E
29141,72693,72726,33,W
29144,72706,72728,22,E
29143,72702,72728,26,W
29148,72717,72730,13,E
29147,72711,72730,19,W
29151,72728,72732,4,E
29149,72720,72732,12,W
29152,72729,72734,5,W
29154,72738,72738,0,W
29155,72739,72740,1,E
29157,72747,72748,1,W
29158,72750,72750,0,E
29160,72756,72756,0,W
29162,72761,72762,1,E
29163,72765,72766,1,W
29164,72772,72772,0,E
29166,72774,72774,0,W
29168,72783,72840,57,E
29169,72783,72840,57,W
29172,72794,72842,48,E
29171,72792,72842,50,W
29176,72805,72844,39,E
29173,72801,72844,43,W
29178,72816,72846,30,E
29177,72810,72846,36,W
29182,72827,72848,21,E
29179,72819,72848,29,W
29186,72838,72850,12,E
29183,72828,72850,22,W
29188,72849,72852,3,E
29185,72837,72852,15,W
29187,72846,72854,8,W
29191,72855,72856,1,W
29192,72860,72860,0,E
29193,72864,72864,0,W
29195,72871,72872,1,E
29196,72873,72874,1,W
29198,72882,72882,0,E
29199,72882,72882,0,W
29201,72891,72892,1,W
29202,72893,72894,1,E
29206,72904,72960,56,E
29204,72900,72960,60,W
29208,72915,72962,47,E
29207,72909,72962,53,W
29212,72926,72964,38,E
29210,72918,72964,46,W
29216,72937,72966,29,E
29213,72927,72966,39,W
29219,72948,72968,20,E
29215,72936,72968,32,W
29222,72959,72970,11,E
29217,72945,72970,25,W
29225,72970,72972,2,E
29221,72954,72972,18,W
29223,72963,72974,11,W
29227,72972,72976,4,W
29229,72981,72982,1,E
29230,72981,72982,1,W
29231,72990,72990,0,W
29232,72992,72992,0,E
29235,72999,73000,1,W
29236,73003,73004,1,E
29237,73008,73008,0,W
29239,73014,73014,0,E
29240,73017,73018,1,W
29242,73025,73080,55,E
29243,73026,73080,54,W
29246,73036,73082,46,E
29245,73035,73082,47,W
29250,73047,73084,37,E
29248,73044,73084,40,W
29252,73058,73086,28,E
29251,73053,73086,33,W
29256,73069,73088,19,E
29254,73062,73088,26,W
29259,73080,73090,10,E
29257,73071,73090,19,W
29263,73091,73092,1,E
29260,73080,73092,12,W
29261,73089,73094,5,W
29265,73098,73098,0,W
29266,73102,73102,0,E
29267,73107,73108,1,W
29269,73113,73114,1,E
29271,73116,73116,0,W
29272,73124,73124,0,E
29274,73125,73126,1,W
29275,73134,73134,0,W
29276,73135,73136,1,E
29280,73146,73200,54,E
29279,73143,73200,57,W
29283,73157,73202,45,E
29281,73152,73202,50,W
29286,73168,73204,36,E
29284,73161,73204,43,W
29289,73179,73206,27,E
29287,73170,73206,36,W
29294,73190,73208,18,E
29290,73179,73208,29,W
29296,73201,73210,9,E
29292,73188,73210,22,W
29300,73212,73212,0,E
29295,73197,73212,15,W
29298,73206,73214,8,W
29301,73215,73216,1,W
29303,73223,73224,1,E
29304,73224,73224,0,W
29306,73234,73234,0,E
29305,73233,73234,1,W
29309,73242,73242,0,W
29310,73245,73246,1,E
29311,73251,73252,1,W
29313,73256,73256,0,E
29316,73267,73320,53,E
29315,73260,73320,60,W
29319,73278,73322,44,E
29318,73269,73322,53,W
29324,73289,73324,35,E
29320,73278,73324,46,W
29326,73300,73326,26,E
29323,73287,73326,39,W
29330,73311,73328,17,E
29325,73296,73328,32,W
29333,73322,73330,8,E
29328,73305,73330,25,W
29331,73314,73332,18,W
29338,73333,73334,1,E
29334,73323,73334,11,W
29336,73332,73336,4,W
29339,73341,73342,1,W
29340,73344,73344,0,E
29342,73350,73350,0,W
29344,73355,73356,1,E
29345,73359,73360,1,W
29347,73366,73366,0,E
29348,73368,73368,0,W
29349,73377,73378,1,E
29350,73377,73378,1,W
29354,73388,73440,52,E
29353,73386,73440,54,W
29357,73399,73442,43,E
29355,73395,73442,47,W
29360,73410,73444,34,E
29359,73404,73444,40,W
29363,73421,73446,25,E
29362,73413,73446,33,W
29368,73432,73448,16,E
29364,73422,73448,26,W
29370,73443,73450,7,E
29367,73431,73450,19,W
29369,73440,73452,12,W
29374,73454,73454,0,E
29372,73449,73454,5,W
29375,73458,73458,0,W
29377,73465,73466,1,E
29378,73467,73468,1,W
29380,73476,73476,0,E
29381,73476,73476,0,W
29383,73485,73486,1,W
29384,73487,73488,1,E
29386,73494,73494,0,W
29387,73498,73498,0,E
29391,73509,73560,51,E
29389,73503,73560,57,W
29393,73520,73562,42,E
29392,73512,73562,50,W
29398,73531,73564,33,E
29394,73521,73564,43,W
29401,73542,73566,24,E
29397,73530,73566,36,W
29404,73553,73568,15,E
29399,73539,73568,29,W
29407,73564,73570,6,E
29403,73548,73570,22,W
29406,73557,73572,15,W
29408,73566,73574,8,W
29411,73575,73576,1,E
29412,73575,73576,1,W
29413,73584,73584,0,W
29414,73586,73586,0,E
29416,73593,73594,1,W
29418,73597,73598,1,E
29419,73602,73602,0,W
29421,73608,73608,0,E
29422,73611,73612,1,W
29424,73619,73680,61,E
29425,73620,73680,60,W
29428,73630,73682,52,E
29427,73629,73682,53,W
29431,73641,73684,43,E
29430,73638,73684,46,W
29434,73652,73686,34,E
29433,73647,73686,39,W
29437,73663,73688,25,E
29436,73656,73688,32,W
29441,73674,73690,16,E
29438,73665,73690,25,W
29445,73685,73692,7,E
29442,73674,73692,18,W
29443,73683,73694,11,W
29448,73696,73696,0,E
29447,73692,73696,4,W
29450,73701,73702,1,W
29451,73707,73708,1,E
29452,73710,73710,0,W
29455,73718,73718,0,E
29456,73719,73720,1,W
29457,73728,73728,0,W
29458,73729,73730,1,E
29460,73737,73738,1,W
29462,73740,73800,60,E
29463,73746,73800,54,W
29465,73751,73802,51,E
29466,73755,73802,47,W
29467,73762,73804,42,E
29469,73764,73804,40,W
29471,73773,73806,33,E
29472,73773,73806,33,W
29475,73784,73808,24,E
29474,73782,73808,26,W
29478,73795,73810,15,E
29477,73791,73810,19,W
29481,73806,73812,6,E
29480,73800,73812,12,W
29482,73809,73814,5,W
29485,73817,73818,1,E
29486,73818,73818,0,W
29488,73828,73828,0,E
29487,73827,73828,1,W
29491,73836,73836,0,W
29492,73839,73840,1,E
29494,73845,73846,1,W
29495,73850,73850,0,E
29496,73854,73854,0,W
29499,73861,73920,59,E
29500,73863,73920,57,W
29501,73872,73922,50,E
29502,73872,73922,50,W
29506,73883,73924,41,E
29504,73881,73924,43,W
29509,73894,73926,32,E
29507,73890,73926,36,W
29511,73905,73928,23,E
29510,73899,73928,29,W
29515,73916,73930,14,E
29513,73908,73930,22,W
29519,73927,73932,5,E
29516,73917,73932,15,W
29518,73926,73934,8,W
29521,73935,73936,1,W
29522,73938,73938,0,E
29524,73944,73944,0,W
29525,73949,73950,1,E
29526,73953,73954,1,W
29529,73960,73960,0,E
29530,73962,73962,0,W
29531,73971,73972,1,E
29532,73971,73972,1,W
29536,73982,74040,58,E
29535,73980,74040,60,W
29539,73993,74042,49,E
29538,73989,74042,53,W
29542,74004,74044,40,E
29540,73998,74044,46,W
29545,74015,74046,31,E
29544,74007,74046,39,W
29549,74026,74048,22,E
29546,74016,74048,32,W
29553,74037,74050,13,E
29548,74025,74050,25,W
29555,74048,74052,4,E
29551,74034,74052,18,W
29554,74043,74054,11,W
29557,74052,74056,4,W
29559,74059,74060,1,E
29560,74061,74062,1,W
29562,74070,74070,0,E
29563,74070,74070,0,W
29565,74079,74080,1,W
29566,74081,74082,1,E
29568,74088,74088,0,W
29569,74092,74092,0,E
29570,74097,74098,1,W
29573,74103,74160,57,E
29574,74106,74160,54,W
29575,74114,74162,48,E
29576,74115,74162,47,W
29580,74125,74164,39,E
29579,74124,74164,40,W
29583,74136,74166,30,E
29582,74133,74166,33,W
29586,74147,74168,21,E
29584,74142,74168,26,W
29589,74158,74170,12,E
29588,74151,74170,19,W
29592,74169,74172,3,E
29590,74160,74172,12,W
29593,74169,74174,5,W
29595,74178,74178,0,W
29596,74180,74180,0,E
29598,74187,74188,1,W
29599,74191,74192,1,E
29601,74196,74196,0,W
29603,74202,74202,0,E
29604,74205,74206,1,W
29606,74213,74214,1,E
29607,74214,74214,0,W
29610,74224,74280,56,E
29609,74223,74280,57,W
29613,74235,74282,47,E
29612,74232,74282,50,W
29617,74246,74284,38,E
29614,74241,74284,43,W
29619,74257,74286,29,E
29618,74250,74286,36,W
29623,74268,74288,20,E
29620,74259,74288,29,W
29627,74279,74290,11,E
29624,74268,74290,22,W
29629,74290,74292,2,E
29626,74277,74292,15,W
29628,74286,74294,8,W
29632,74295,74296,1,W
29633,74301,74302,1,E
29634,74304,74304,0,W
29636,74312,74312,0,E
29637,74313,74314,1,W
29639,74322,74322,0,W
29640,74323,74324,1,E
29642,74331,74332,1,W
29643,74334,74334,0,E
29647,74345,74400,55,E
29645,74340,74400,60,W
29649,74356,74402,46,E
29648,74349,74402,53,W
29653,74367,74404,37,E
29651,74358,74404,46,W
29657,74378,74406,28,E
29654,74367,74406,39,W
29661,74389,74408,19,E
29656,74376,74408,32,W
29663,74400,74410,10,E
29658,74385,74410,25,W
29667,74411,74412,1,E
29662,74394,74412,18,W
29664,74403,74414,11,W
29668,74412,74416,4,W
29671,74422,74422,0,E
29670,74421,74422,1,W
29672,74430,74430,0,W
29673,74433,74434,1,E
29676,74439,74440,1,W
29677,74444,74444,0,E
29678,74448,74448,0,W
29680,74455,74456,1,E
29681,74457,74458,1,W
29683,74466,74520,54,E
29684,74466,74520,54,W
29687,74477,74522,45,E
29686,74475,74522,47,W
29691,74488,74524,36,E
29689,74484,74524,40,W
29693,74499,74526,27,E
29692,74493,74526,33,W
29697,74510,74528,18,E
29695,74502,74528,26,W
29701,74521,74530,9,E
29698,74511,74530,19,W
29704,74532,74532,0,E
29700,74520,74532,12,W
29702,74529,74534,5,W
29706,74538,74538,0,W
29707,74543,74544,1,E
29708,74547,74548,1,W
29710,74554,74554,0,E
29712,74556,74556,0,W
29714,74565,74566,1,E
29715,74565,74566,1,W
29716,74574,74574,0,W
29717,74576,74576,0,E
29721,74587,74640,53,E
29720,74583,74640,57,W
29724,74598,74642,44,E
29722,74592,74642,50,W
29727,74609,74644,35,E
29725,74601,74644,43,W
29731,74620,74646,26,E
29728,74610,74646,36,W
29735,74631,74648,17,E
29730,74619,74648,29,W
29737,74642,74650,8,E
29733,74628,74650,22,W
29736,74637,74652,15,W
29741,74653,74654,1,E
29739,74646,74654,8,W
29742,74655,74656,1,W
29744,74664,74664,0,E
29745,74664,74664,0,W
29746,74673,74674,1,W
29748,74675,74676,1,E
29750,74682,74682,0,W
29751,74686,74686,0,E
29752,74691,74692,1,W
29754,74697,74698,1,E
29757,74708,74760,52,E
29756,74700,74760,60,W
29761,74719,74762,43,E
29759,74709,74762,53,W
29765,74730,74764,34,E
29760,74718,74764,46,W
29768,74741,74766,25,E
29764,74727,74766,39,W
29771,74752,74768,16,E
29766,74736,74768,32,W
29774,74763,74770,7,E
29769,74745,74770,25,W
29772,74754,74772,18,W
29779,74774,74774,0,E
29775,74763,74774,11,W
29777,74772,74776,4,W
29780,74781,74782,1,W
29781,74785,74786,1,E
29783,74790,74790,0,W
29785,74796,74796,0,E
29786,74799,74800,1,W
29788,74807,74808,1,E
29789,74808,74808,0,W
29791,74818,74818,0,E
29790,74817,74818,1,W
29795,74829,74880,51,E
29794,74826,74880,54,W
29798,74840,74882,42,E
29796,74835,74882,47,W
29801,74851,74884,33,E
29800,74844,74884,40,W
29804,74862,74886,24,E
29803,74853,74886,33,W
29809,74873,74888,15,E
29805,74862,74888,26,W
29811,74884,74890,6,E
29808,74871,74890,19,W
29810,74880,74892,12,W
29813,74889,74894,5,W
29815,74895,74896,1,E
29816,74898,74898,0,W
29818,74906,74906,0,E
29819,74907,74908,1,W
29821,74916,74916,0,W
29823,74917,74918,1,E
29824,74925,74926,1,W
29825,74928,74928,0,E
29827,74934,74934,0,W
29829,74939,75000,61,E
29830,74943,75000,57,W
29832,74950,75002,52,E
29833,74952,75002,50,W
29834,74961,75004,43,E
29835,74961,75004,43,W
29839,74972,75006,34,E
29838,74970,75006,36,W
29842,74983,75008,25,E
29840,74979,75008,29,W
29845,74994,75010,16,E
29844,74988,75010,22,W
29848,75005,75012,7,E
29847,74997,75012,15,W
29849,75006,75014,8,W
29853,75016,75016,0,E
29852,75015,75016,1,W
29854,75024,75024,0,W
29855,75027,75028,1,E
29857,75033,75034,1,W
29859,75038,75038,0,E
29860,75042,75042,0,W
29862,75049,75050,1,E
29863,75051,75052,1,W
29865,75060,75120,60,E
29866,75060,75120,60,W
29869,75071,75122,51,E
29868,75069,75122,53,W
29872,75082,75124,42,E
29871,75078,75124,46,W
29876,75093,75126,33,E
29874,75087,75126,39,W
29878,75104,75128,24,E
29877,75096,75128,32,W
29883,75115,75130,15,E
29879,75105,75130,25,W
29886,75126,75132,6,E
29882,75114,75132,18,W
29884,75123,75134,11,W
29888,75132,75136,4,W
29889,75137,75138,1,E
29891,75141,75142,1,W
29892,75148,75148,0,E
29893,75150,75150,0,W
29896,75159,75160,1,E
29897,75159,75160,1,W
29898,75168,75168,0,W
29899,75170,75170,0,E
29901,75177,75178,1,W
29903,75181,75240,59,E
29904,75186,75240,54,W
29906,75192,75242,50,E
29907,75195,75242,47,W
29909,75203,75244,41,E
29910,75204,75244,40,W
29913,75214,75246,32,E
29912,75213,75246,33,W
29916,75225,75248,23,E
29915,75222,75248,26,W
29919,75236,75250,14,E
29918,75231,75250,19,W
29922,75247,75252,5,E
29921,75240,75252,12,W
29923,75249,75254,5,W
29926,75258,75258,0,E
29927,75258,75258,0,W
29928,75267,75268,1,W
29930,75269,75270,1,E
29932,75276,75276,0,W
29933,75280,75280,0,E
29935,75285,75286,1,W
29936,75291,75292,1,E
29937,75294,75294,0,W
29940,75302,75360,58,E
29941,75303,75360,57,W
29943,75313,75362,49,E
29942,75312,75362,50,W
29947,75324,75364,40,E
29945,75321,75364,43,W
29950,75335,75366,31,E
29948,75330,75366,36,W
29952,75346,75368,22,E
29951,75339,75368,29,W
29956,75357,75370,13,E
29954,75348,75370,22,W
29960,75368,75372,4,E
29957,75357,75372,15,W
29959,75366,75374,8,W
29962,75375,75376,1,W
29963,75379,75380,1,E
29965,75384,75384,0,W
29966,75390,75390,0,E
29967,75393,75394,1,W
29970,75401,75402,1,E
29971,75402,75402,0,W
29973,75412,75412,0,E
29972,75411,75412,1,W
29977,75423,75480,57,E
29976,75420,75480,60,W
29980,75434,75482,48,E
29979,75429,75482,53,W
29984,75445,75484,39,E
29981,75438,75484,46,W
29986,75456,75486,30,E
29985,75447,75486,39,W
29991,75467,75488,21,E
29987,75456,75488,32,W
29994,75478,75490,12,E
29989,75465,75490,25,W
29996,75489,75492,3,E
29992,75474,75492,18,W
29995,75483,75494,11,W
29998,75492,75496,4,W
30000,75500,75500,0,E
30001,75501,75502,1,W
30003,75510,75510,0,W
30004,75511,75512,1,E
30006,75519,75520,1,W
30007,75522,75522,0,E
30009,75528,75528,0,W
30010,75533,75534,1,E
30011,75537,75538,1,W
30014,75544,75600,56,E
30015,75546,75600,54,W
30016,75555,75602,47,E
30017,75555,75602,47,W
30021,75566,75604,38,E
30020,75564,75604,40,W
30024,75577,75606,29,E
30023,75573,75606,33,W
30027,75588,75608,20,E
30025,75582,75608,26,W
30030,75599,75610,11,E
30029,75591,75610,19,W
30033,75610,75612,2,E
30031,75600,75612,12,W
30035,75611,75614,3,W
30036,75622,75622,0,W
30038,75624,75624,0,E
30039,75633,75634,1,W
30040,75638,75638,0,E
30043,75644,75644,0,W
30044,75652,75652,0,E
30045,75655,75656,1,W
30047,75666,75720,54,E
30048,75666,75720,54,W
30051,75680,75722,42,E
30050,75677,75722,45,W
30054,75694,75724,30,E
30053,75688,75724,36,W
30058,75708,75726,18,E
30056,75699,75726,27,W
30062,75722,75728,6,E
30059,75710,75728,18,W
30061,75721,75730,9,W
30064,75732,75732,0,W
30065,75736,75736,0,E
30067,75743,75744,1,W
30068,75750,75750,0,E
30069,75754,75754,0,W
30072,75764,75764,0,E
30073,75765,75766,1,W
30075,75776,75776,0,W
30076,75778,75778,0,E
30079,75792,75840,48,E
30078,75787,75840,53,W
30082,75806,75842,36,E
30081,75798,75842,44,W
30086,75820,75844,24,E
30083,75809,75844,35,W
30090,75834,75846,12,E
30087,75820,75846,26,W
30093,75848,75848,0,E
30088,75831,75848,17,W
30091,75842,75850,8,W
30095,75853,75854,1,W
30096,75862,75862,0,E
30097,75864,75864,0,W
30101,75876,75876,0,E
30100,75875,75876,1,W
30102,75886,75886,0,W
30104,75890,75890,0,E
30105,75897,75898,1,W
30107,75904,75960,56,E
30108,75908,75960,52,W
30110,75918,75962,44,E
30111,75919,75962,43,W
30115,75932,75964,32,E
30114,75930,75964,34,W
30117,75946,75966,20,E
30116,75941,75966,25,W
30121,75960,75968,8,E
30119,75952,75968,16,W
30122,75963,75970,7,W
30124,75974,75974,0,E
30125,75974,75974,0,W
30127,75985,75986,1,W
30129,75988,75988,0,E
30130,75996,75996,0,W
30131,76002,76002,0,E
30133,76007,76008,1,W
30134,76016,76016,0,E
30136,76018,76018,0,W
30139,76030,76080,50,E
30138,76029,76080,51,W
30142,76044,76082,38,E
30140,76040,76082,42,W
30145,76058,76084,26,E
30144,76051,76084,33,W
30148,76072,76086,14,E
30147,76062,76086,24,W
30153,76086,76088,2,E
30149,76073,76088,15,W
30152,76084,76090,6,W
30154,76095,76096,1,W
30156,76100,76100,0,E
30158,76106,76106,0,W
30159,76114,76114,0,E
30160,76117,76118,1,W
30162,76128,76128,0,E
30163,76128,76128,0,W
30167,76142,76200,58,E
30166,76139,76200,61,W
30170,76156,76202,46,E
30168,76150,76202,52,W
30173,76170,76204,34,E
30171,76161,76204,43,W
30177,76184,76206,22,E
30174,76172,76206,34,W
30181,76198,76208,10,E
30176,76183,76208,25,W
30180,76194,76210,16,W
30183,76212,76212,0,E
30182,76205,76212,7,W
30185,76216,76216,0,W
30187,76226,76226,0,E
30188,76227,76228,1,W
30190,76238,76238,0,W
30191,76240,76240,0,E
30193,76249,76250,1,W
30195,76254,76254,0,E
30197,76268,76320,52,E
30196,76260,76320,60,W
30201,76282,76322,40,E
30199,76271,76322,51,W
30205,76296,76324,28,E
30202,76282,76324,42,W
30209,76310,76326,16,E
30204,76293,76326,33,W
30211,76324,76328,4,E
30206,76304,76328,24,W
30210,76315,76330,15,W
30212,76326,76332,6,W
30216,76338,76338,0,E
30215,76337,76338,1,W
30218,76348,76348,0,W
30219,76352,76352,0,E
30220,76359,76360,1,W
30223,76366,76366,0,E
30224,76370,76370,0,W
30225,76380,76440,60,E
30226,76381,76440,59,W
30230,76394,76442,48,E
30228,76392,76442,50,W
30233,76408,76444,36,E
30232,76403,76444,41,W
30236,76422,76446,24,E
30234,76414,76446,32,W
30239,76436,76448,12,E
30238,76425,76448,23,W
30243,76450,76450,0,E
30240,76436,76450,14,W
30242,76447,76452,5,W
30245,76458,76458,0,W
30247,76464,76464,0,E
30248,76469,76470,1,W
30249,76478,76478,0,E
30251,76480,76480,0,W
30254,76492,76492,0,E
30253,76491,76492,1,W
30257,76506,76560,54,E
30256,76502,76560,58,W
30261,76520,76562,42,E
30259,76513,76562,49,W
30263,76534,76564,30,E
30262,76524,76564,40,W
30268,76548,76566,18,E
30264,76535,76566,31,W
30271,76562,76568,6,E
30267,76546,76568,22,W
30270,76557,76570,13,W
30273,76568,76572,4,W
30275,76576,76576,0,E
30276,76579,76580,1,W
30277,76590,76590,0,E
30278,76590,76590,0,W
30281,76601,76602,1,W
30282,76604,76604,0,E
30284,76612,76612,0,W
30285,76618,76618,0,E
30289,76632,76680,48,E
30286,76623,76680,57,W
30292,76646,76682,36,E
30290,76634,76682,48,W
30296,76660,76684,24,E
30291,76645,76684,39,W
30299,76674,76686,12,E
30295,76656,76686,30,W
30303,76688,76688,0,E
30297,76667,76688,21,W
30300,76678,76690,12,W
30304,76689,76692,3,W
30305,76700,76700,0,W
30306,76702,76702,0,E
30308,76711,76712,1,W
30310,76716,76716,0,E
30311,76722,76722,0,W
30313,76730,76730,0,E
30314,76733,76734,1,W
30316,76744,76800,56,E
30317,76744,76800,56,W
30320,76758,76802,44,E
30319,76755,76802,47,W
30324,76772,76804,32,E
30322,76766,76804,38,W
30327,76786,76806,20,E
30325,76777,76806,29,W
30331,76800,76808,8,E
30328,76788,76808,20,W
30329,76799,76810,11,W
30333,76810,76812,2,W
30334,76814,76814,0,E
30336,76821,76822,1,W
30337,76828,76828,0,E
30339,76832,76832,0,W
30341,76842,76842,0,E
30342,76843,76844,1,W
30343,76854,76854,0,W
30344,76856,76856,0,E
30348,76870,76920,50,E
30347,76865,76920,55,W
30351,76884,76922,38,E
30349,76876,76922,46,W
30355,76898,76924,26,E
30353,76887,76924,37,W
30358,76912,76926,14,E
30356,76898,76926,28,W
30362,76926,76928,2,E
30357,76909,76928,19,W
30361,76920,76930,10,W
30363,76931,76932,1,W
30365,76940,76940,0,E
30366,76942,76942,0,W
30370,76954,76954,0,E
30368,76953,76954,1,W
30371,76964,76964,0,W
30372,76968,76968,0,E
30375,76975,76976,1,W
30376,76982,77040,58,E
30377,76986,77040,54,W
30379,76996,77042,46,E
30380,76997,77042,45,W
30383,77010,77044,34,E
30382,77008,77044,36,W
30386,77024,77046,22,E
30385,77019,77046,27,W
30390,77038,77048,10,E
30388,77030,77048,18,W
30391,77041,77050,9,W
30393,77052,77052,0,E
30394,77052,77052,0,W
30396,77063,77064,1,W
30397,77066,77066,0,E
30399,77074,77074,0,W
30400,77080,77080,0,E
30401,77085,77086,1,W
30404,77094,77094,0,E
30405,77096,77096,0,W
30408,77108,77160,52,E
30407,77107,77160,53,W
30411,77122,77162,40,E
30409,77118,77162,44,W
30414,77136,77164,28,E
30413,77129,77164,35,W
30418,77150,77166,16,E
30415,77140,77166,26,W
30422,77164,77168,4,E
30419,77151,77168,17,W
30420,77162,77170,8,W
30423,77173,77174,1,W
30425,77178,77178,0,E
30427,77184,77184,0,W
30428,77192,77192,0,E
30429,77195,77196,1,W
30432,77206,77206,0,E
30433,77206,77206,0,W
30434,77217,77218,1,W
30436,77220,77280,60,E
30437,77228,77280,52,W
30438,77234,77282,48,E
30441,77239,77282,43,W
30442,77248,77284,36,E
30443,77250,77284,34,W
30446,77262,77286,24,E
30445,77261,77286,25,W
30449,77276,77288,12,E
30448,77272,77288,16,W
30452,77290,77290,0,E
30451,77283,77290,7,W
30454,77294,77294,0,W
30456,77304,77304,0,E
30457,77305,77306,1,W
30459,77316,77316,0,W
30460,77318,77318,0,E
30462,77327,77328,1,W
30463,77332,77332,0,E
30465,77338,77338,0,W
30466,77346,77400,54,E
30467,77349,77400,51,W
30470,77360,77402,42,E
30471,77360,77402,42,W
30474,77374,77404,30,E
30472,77371,77404,33,W
30477,77388,77406,18,E
30476,77382,77406,24,W
30480,77402,77408,6,E
30479,77393,77408,15,W
30481,77404,77410,6,W
30485,77416,77416,0,E
30484,77415,77416,1,W
30486,77426,77426,0,W
30488,77430,77430,0,E
30489,77437,77438,1,W
30491,77444,77444,0,E
30493,77448,77448,0,W
30494,77458,77458,0,E
30499,77472,77520,48,E
30495,77459,77520,61,W
30502,77486,77522,36,E
30498,77470,77522,52,W
30505,77500,77524,24,E
30500,77481,77524,43,W
30508,77514,77526,12,E
30503,77492,77526,34,W
30513,77528,77528,0,E
30506,77503,77528,25,W
30509,77514,77530,16,W
30512,77525,77532,7,W
30514,77536,77536,0,W
30515,77542,77542,0,E
30517,77547,77548,1,W
30519,77556,77556,0,E
30520,77558,77558,0,W
30523,77570,77570,0,E
30522,77569,77570,1,W
30527,77584,77640,56,E
30524,77580,77640,60,W
30529,77598,77642,44,E
30528,77591,77642,51,W
30533,77612,77644,32,E
30531,77602,77644,42,W
30537,77626,77646,20,E
30534,77613,77646,33,W
30540,77640,77648,8,E
30536,77624,77648,24,W
30538,77635,77650,15,W
30542,77646,77652,6,W
30543,77654,77654,0,E
30545,77657,77658,1,W
30546,77668,77668,0,E
30547,77668,77668,0,W
30550,77679,77680,1,W
30551,77682,77682,0,E
30552,77690,77690,0,W
30554,77696,77696,0,E
30557,77710,77760,50,E
30556,77701,77760,59,W
30561,77724,77762,38,E
30558,77712,77762,50,W
30565,77738,77764,26,E
30560,77723,77764,41,W
30568,77752,77766,14,E
30564,77734,77766,32,W
30571,77766,77768,2,E
30566,77745,77768,23,W
30569,77756,77770,14,W
30572,77767,77772,5,W
30574,77778,77778,0,W
30575,77780,77780,0,E
30577,77789,77790,1,W
30579,77794,77794,0,E
30580,77800,77800,0,W
30581,77808,77808,0,E
30583,77811,77812,1,W
30585,77822,77880,58,E
30586,77822,77880,58,W
30589,77836,77882,46,E
30588,77833,77882,49,W
30593,77850,77884,34,E
30591,77844,77884,40,W
30595,77864,77886,22,E
30594,77855,77886,31,W
30600,77878,77888,10,E
30597,77866,77888,22,W
30599,77877,77890,13,W
30603,77892,77892,0,E
30602,77888,77892,4,W
30604,77899,77900,1,W
30607,77906,77906,0,E
30608,77910,77910,0,W
30609,77920,77920,0,E
30610,77921,77922,1,W
30613,77932,77932,0,W
30614,77934,77934,0,E
30617,77948,78000,52,E
30616,77943,78000,57,W
30621,77962,78002,40,E
30618,77954,78002,48,W
30623,77976,78004,28,E
30622,77965,78004,39,W
30628,77990,78006,16,E
30624,77976,78006,30,W
30631,78004,78008,4,E
30626,77987,78008,21,W
30629,77998,78010,12,W
30632,78009,78012,3,W
30635,78018,78018,0,E
30636,78020,78020,0,W
30638,78032,78032,0,E
30637,78031,78032,1,W
30640,78042,78042,0,W
30641,78046,78046,0,E
30643,78053,78054,1,W
30645,78060,78120,60,E
30646,78064,78120,56,W
30647,78074,78122,48,E
30649,78075,78122,47,W
30652,78088,78124,36,E
30651,78086,78124,38,W
30655,78102,78126,24,E
30654,78097,78126,29,W
30659,78116,78128,12,E
30657,78108,78128,20,W
30661,78130,78130,0,E
30660,78119,78130,11,W
30662,78130,78132,2,W
30665,78141,78142,1,W
30666,78144,78144,0,E
30668,78152,78152,0,W
30669,78158,78158,0,E
30671,78163,78164,1,W
30673,78172,78172,0,E
30674,78174,78174,0,W
30676,78186,78240,54,E
30675,78185,78240,55,W
30680,78200,78242,42,E
30679,78196,78242,46,W
30683,78214,78244,30,E
30681,78207,78244,37,W
30687,78228,78246,18,E
30684,78218,78246,28,W
30690,78242,78248,6,E
30688,78229,78248,19,W
30689,78240,78250,10,W
30693,78251,78252,1,W
30694,78256,78256,0,E
30695,78262,78262,0,W
30697,78270,78270,0,E
30698,78273,78274,1,W
30701,78284,78284,0,E
30702,78284,78284,0,W
30703,78295,78296,1,W
30704,78298,78298,0,E
30708,78312,78360,48,E
30706,78306,78360,54,W
30711,78326,78362,36,E
30709,78317,78362,45,W
30715,78340,78364,24,E
30712,78328,78364,36,W
30718,78354,78366,12,E
30714,78339,78366,27,W
30722,78368,78368,0,E
30717,78350,78368,18,W
30720,78361,78370,9,W
30723,78372,78372,0,W
30725,78382,78382,0,E
30726,78383,78384,1,W
30727,78394,78394,0,W
30729,78396,78396,0,E
30731,78405,78406,1,W
30732,78410,78410,0,E
30733,78416,78416,0,W
30736,78424,78480,56,E
30737,78427,78480,53,W
30739,78438,78482,44,E
30740,78438,78482,44,W
30742,78452,78484,32,E
30741,78449,78484,35,W
30746,78466,78486,20,E
30745,78460,78486,26,W
30749,78480,78488,8,E
30747,78471,78488,17,W
30751,78482,78490,8,W
30754,78494,78494,0,E
30753,78493,78494,1,W
30755,78504,78504,0,W
30756,78508,78508,0,E
30759,78515,78516,1,W
30760,78522,78522,0,E
30761,78526,78526,0,W
30763,78536,78536,0,E
30764,78537,78538,1,W
30768,78550,78600,50,E
30766,78548,78600,52,W
30770,78564,78602,38,E
30769,78559,78602,43,W
30774,78578,78604,26,E
30773,78570,78604,34,W
30777,78592,78606,14,E
30775,78581,78606,25,W
30781,78606,78608,2,E
30778,78592,78608,16,W
30780,78603,78610,7,W
30783,78614,78614,0,W
30784,78620,78620,0,E
30785,78625,78626,1,W
30788,78634,78634,0,E
30789,78636,78636,0,W
30792,78648,78648,0,E
30791,78647,78648,1,W
30794,78658,78658,0,W
30795,78662,78720,58,E
30797,78669,78720,51,W
30798,78676,78722,46,E
30799,78680,78722,42,W
30802,78690,78724,34,E
30803,78691,78724,33,W
30806,78704,78726,22,E
30805,78702,78726,24,W
30809,78718,78728,10,E
30807,78713,78728,15,W
30811,78724,78730,6,W
30812,78732,78732,0,E
30813,78735,78736,1,W
30816,78746,78746,0,E
30817,78746,78746,0,W
30818,78757,78758,1,W
30820,78760,78760,0,E
30821,78768,78768,0,W
30823,78774,78774,0,E
30826,78788,78840,52,E
30825,78779,78840,61,W
30831,78802,78842,40,E
30827,78790,78842,52,W
30834,78816,78844,28,E
30830,78801,78844,43,W
30837,78830,78846,16,E
30832,78812,78846,34,W
30840,78844,78848,4,E
30835,78823,78848,25,W
30838,78834,78850,16,W
30841,78845,78852,7,W
30843,78856,78856,0,W
30844,78858,78858,0,E
30846,78867,78868,1,W
30847,78872,78872,0,E
30849,78878,78878,0,W
30850,78886,78886,0,E
30852,78889,78890,1,W
30854,78900,78960,60,E
30855,78900,78960,60,W
30858,78914,78962,48,E
30857,78911,78962,51,W
30861,78928,78964,36,E
30860,78922,78964,42,W
30864,78942,78966,24,E
30863,78933,78966,33,W
30869,78956,78968,12,E
30865,78944,78968,24,W
30872,78970,78970,0,E
30868,78955,78970,15,W
30870,78966,78972,6,W
30874,78977,78978,1,W
30875,78984,78984,0,E
30877,78988,78988,0,W
30878,78998,78998,0,E
30879,78999,79000,1,W
30882,79010,79010,0,W
30883,79012,79012,0,E
30886,79026,79080,54,E
30884,79021,79080,59,W
30889,79040,79082,42,E
30887,79032,79082,50,W
30892,79054,79084,30,E
30890,79043,79084,41,W
30897,79068,79086,18,E
30893,79054,79086,32,W
30900,79082,79088,6,E
30896,79065,79088,23,W
30898,79076,79090,14,W
30901,79087,79092,5,W
30903,79096,79096,0,E
30904,79098,79098,0,W
30907,79110,79110,0,E
30906,79109,79110,1,W
30910,79120,79120,0,W
30911,79124,79124,0,E
30912,79131,79132,1,W
30913,79138,79138,0,E
30917,79152,79200,48,E
30915,79142,79200,58,W
30921,79166,79202,36,E
30918,79153,79202,49,W
30925,79180,79204,24,E
30920,79164,79204,40,W
30927,79194,79206,12,E
30922,79175,79206,31,W
30931,79208,79208,0,E
30926,79186,79208,22,W
30929,79197,79210,13,W
30932,79208,79212,4,W
30934,79223,79224,1,W
30935,79227,79228,1,E
30936,79238,79238,0,W
30938,79246,79246,0,E
30940,79253,79254,1,W
30941,79265,79320,55,E
30943,79268,79320,52,W
30945,79284,79322,38,E
30944,79283,79322,39,W
30949,79303,79324,21,E
30948,79298,79324,26,W
30952,79322,79326,4,E
30950,79313,79326,13,W
30954,79328,79328,0,W
30955,79341,79342,1,E
30956,79343,79344,1,W
30958,79358,79358,0,W
30959,79360,79360,0,E
30962,79373,79374,1,W
30963,79379,79440,61,E
30964,79388,79440,52,W
30966,79398,79442,44,E
30967,79403,79442,39,W
30969,79417,79444,27,E
30970,79418,79444,26,W
30973,79436,79446,10,E
30972,79433,79446,13,W
30975,79448,79448,0,W
30977,79455,79456,1,E
30978,79463,79464,1,W
30979,79474,79474,0,E
30981,79478,79478,0,W
30983,79493,79494,1,E
30984,79493,79494,1,W
30987,79512,79560,48,E
30986,79508,79560,52,W
30991,79531,79562,31,E
30988,79523,79562,39,W
30993,79550,79564,14,E
30992,79538,79564,26,W
30995,79553,79566,13,W
30997,79568,79568,0,W
30998,79569,79570,1,E
31000,79583,79584,1,W
31001,79588,79588,0,E
31002,79598,79598,0,W
31005,79607,79608,1,E
31006,79613,79614,1,W
31007,79626,79680,54,E
31008,79628,79680,52,W
31011,79645,79682,37,E
31010,79643,79682,39,W
31015,79664,79684,20,E
31014,79658,79684,26,W
31018,79683,79686,3,E
31016,79673,79686,13,W
31020,79688,79688,0,W
31021,79702,79702,0,E
31022,79703,79704,1,W
31024,79718,79718,0,W
31025,79721,79722,1,E
31027,79733,79734,1,W
31029,79740,79800,60,E
31030,79748,79800,52,W
31031,79759,79802,43,E
31033,79763,79802,39,W
31035,79778,79804,26,E
31036,79778,79804,26,W
31039,79797,79806,9,E
31038,79793,79806,13,W
31041,79808,79808,0,W
31043,79816,79816,0,E
31044,79823,79824,1,W
31045,79835,79836,1,E
31046,79838,79838,0,W
31050,79854,79854,0,E
31049,79853,79854,1,W
31053,79873,79920,47,E
31052,79868,79920,52,W
31057,79892,79922,30,E
31054,79883,79922,39,W
31059,79911,79924,13,E
31058,79898,79924,26,W
31060,79913,79926,13,W
31063,79928,79928,0,W
31064,79930,79930,0,E
31066,79943,79944,1,W
31067,79949,79950,1,E
31068,79958,79958,0,W
31070,79968,79968,0,E
31072,79973,79974,1,W
31073,79987,80040,53,E
31074,79988,80040,52,W
31077,80006,80042,36,E
31076,80003,80042,39,W
31081,80025,80044,19,E
31079,80018,80044,26,W
31083,80044,80046,2,E
31082,80033,80046,13,W
31086,80048,80048,0,W
31087,80063,80064,1,E
31088,80063,80064,1,W
31090,80078,80078,0,W
31091,80082,80082,0,E
31093,80093,80094,1,W
31095,80101,80160,59,E
31096,80108,80160,52,W
31097,80120,80162,42,E
31098,80123,80162,39,W
31102,80139,80164,25,E
31101,80138,80164,26,W
31105,80158,80166,8,E
31104,80153,80166,13,W
31107,80168,80168,0,W
31109,80177,80178,1,E
31110,80183,80184,1,W
31111,80196,80196,0,E
31112,80198,80198,0,W
31115,80213,80214,1,W
31116,80215,80216,1,E
31119,80234,80280,46,E
31117,80228,80280,52,W
31122,80253,80282,29,E
31120,80243,80282,39,W
31125,80272,80284,12,E
31124,80258,80284,26,W
31126,80273,80286,13,W
31129,80288,80288,0,W
31130,80291,80292,1,E
31131,80303,80304,1,W
31133,80310,80310,0,E
31134,80318,80318,0,W
31136,80329,80330,1,E
31138,80333,80334,1,W
31139,80348,80400,52,E
31140,80348,80400,52,W
31144,80367,80402,35,E
31142,80363,80402,39,W
31147,80386,80404,18,E
31145,80378,80404,26,W
31149,80405,80406,1,E
31148,80393,80406,13,W
31151,80408,80408,0,W
31154,80424,80424,0,E
31153,80423,80424,1,W
31156,80438,80438,0,W
31157,80443,80444,1,E
31159,80453,80454,1,W
31160,80462,80520,58,E
31162,80468,80520,52,W
31163,80481,80522,41,E
31164,80483,80522,39,W
31168,80500,80524,24,E
31167,80498,80524,26,W
31171,80519,80526,7,E
31169,80513,80526,13,W
31173,80528,80528,0,W
31174,80538,80538,0,E
31176,80543,80544,1,W
31177,80557,80558,1,E
31178,80558,80558,0,W
31181,80573,80574,1,W
31182,80576,80576,0,E
31185,80595,80640,45,E
31183,80588,80640,52,W
31188,80614,80642,28,E
31186,80603,80642,39,W
31191,80633,80644,11,E
31189,80618,80644,26,W
31192,80633,80646,13,W
31195,80648,80648,0,W
31196,80652,80652,0,E
31197,80663,80664,1,W
31199,80671,80672,1,E
31200,80678,80678,0,W
31202,80690,80690,0,E
31203,80693,80694,1,W
31206,80709,80760,51,E
31205,80708,80760,52,W
31210,80728,80762,34,E
31208,80723,80762,39,W
31212,80747,80764,17,E
31211,80738,80764,26,W
31215,80766,80766,0,E
31214,80753,80766,13,W
31217,80768,80768,0,W
31219,80783,80784,1,W
31220,80785,80786,1,E
31221,80798,80798,0,W
31223,80804,80804,0,E
31225,80813,80814,1,W
31226,80823,80880,57,E
31228,80828,80880,52,W
31229,80842,80882,40,E
31230,80843,80882,39,W
31234,80861,80884,23,E
31233,80858,80884,26,W
31237,80880,80886,6,E
31235,80873,80886,13,W
31239,80888,80888,0,W
31240,80899,80900,1,E
31241,80903,80904,1,W
31243,80918,80918,0,E
31244,80918,80918,0,W
31247,80933,80934,1,W
31248,80937,80938,1,E
31250,80956,81000,44,E
31249,80948,81000,52,W
31254,80975,81002,27,E
31252,80963,81002,39,W
31258,80994,81004,10,E
31255,80978,81004,26,W
31257,80993,81006,13,W
31260,81008,81008,0,W
31262,81013,81014,1,E
31263,81023,81024,1,W
31264,81032,81032,0,E
31266,81038,81038,0,W
31268,81051,81052,1,E
31269,81053,81054,1,W
31272,81070,81120,50,E
31271,81068,81120,52,W
31276,81089,81122,33,E
31273,81083,81122,39,W
31278,81108,81124,16,E
31277,81098,81124,26,W
31280,81113,81126,13,W
31282,81127,81128,1,E
31283,81128,81128,0,W
31285,81143,81144,1,W
31286,81146,81146,0,E
31287,81158,81158,0,W
31289,81165,81166,1,E
31291,81173,81174,1,W
31292,81184,81240,56,E
31293,81188,81240,52,W
31295,81203,81242,39,E
31296,81203,81242,39,W
31300,81222,81244,22,E
31299,81218,81244,26,W
31302,81241,81246,5,E
31301,81233,81246,13,W
31305,81248,81248,0,W
31306,81260,81260,0,E
31307,81263,81264,1,W
31309,81278,81278,0,W
31310,81279,81280,1,E
31312,81293,81294,1,W
31314,81298,81298,0,E
31316,81317,81360,43,E
31315,81308,81360,52,W
31320,81336,81362,26,E
31318,81323,81362,39,W
31324,81355,81364,9,E
31321,81338,81364,26,W
31323,81353,81366,13,W
31326,81368,81368,0,W
31328,81374,81374,0,E
31329,81383,81384,1,W
31330,81393,81394,1,E
31331,81398,81398,0,W
31334,81412,81412,0,E
31335,81413,81414,1,W
31338,81431,81480,49,E
31337,81428,81480,52,W
31341,81450,81482,32,E
31339,81443,81482,39,W
31344,81469,81484,15,E
31343,81458,81484,26,W
31345,81473,81486,13,W
31348,81488,81488,0,E
31349,81488,81488,0,W
31351,81503,81504,1,W
31352,81507,81508,1,E
31353,81518,81518,0,W
31354,81526,81526,0,E
31357,81533,81534,1,W
31358,81545,81600,55,E
31359,81548,81600,52,W
31362,81564,81602,38,E
31361,81563,81602,39,W
31366,81583,81604,21,E
31364,81578,81604,26,W
31368,81602,81606,4,E
31367,81593,81606,13,W
31371,81608,81608,0,W
31372,81621,81622,1,E
31373,81623,81624,1,W
31375,81638,81638,0,W
31376,81640,81640,0,E
31378,81653,81654,1,W
31380,81659,81720,61,E
31381,81668,81720,52,W
31382,81678,81722,44,E
31383,81683,81722,39,W
31386,81697,81724,27,E
31387,81698,81724,26,W
31390,81716,81726,10,E
31389,81713,81726,13,W
31392,81728,81728,0,W
31393,81735,81736,1,E
31395,81743,81744,1,W
31396,81754,81754,0,E
31397,81758,81758,0,W
31400,81773,81774,1,E
31401,81773,81774,1,W
31404,81792,81840,48,E
31402,81788,81840,52,W
31407,81811,81842,31,E
31405,81803,81842,39,W
31410,81830,81844,14,E
31409,81818,81844,26,W
31411,81833,81846,13,W
31414,81848,81848,0,W
31415,81849,81850,1,E
31416,81863,81864,1,W
31418,81868,81868,0,E
31419,81878,81878,0,W
31421,81887,81888,1,E
31423,81893,81894,1,W
31424,81906,81960,54,E
31425,81908,81960,52,W
31428,81925,81962,37,E
31427,81923,81962,39,W
31431,81944,81964,20,E
31430,81938,81964,26,W
31434,81963,81966,3,E
31433,81953,81966,13,W
31436,81968,81968,0,W
31438,81982,81982,0,E
31439,81983,81984,1,W
31441,81998,81998,0,W
31442,82001,82002,1,E
31444,82013,82014,1,W
31445,82020,82080,60,E
31447,82028,82080,52,W
31448,82039,82082,43,E
31449,82043,82082,39,W
31452,82058,82084,26,E
31453,82058,82084,26,W
31456,82077,82086,9,E
31454,82073,82086,13,W
31458,82088,82088,0,W
31459,82096,82096,0,E
31461,82103,82104,1,W
31462,82115,82116,1,E
31463,82118,82118,0,W
31467,82134,82134,0,E
31466,82133,82134,1,W
31470,82153,82200,47,E
31468,82148,82200,52,W
31473,82172,82202,30,E
31471,82163,82202,39,W
31476,82191,82204,13,E
31474,82178,82204,26,W
31477,82193,82206,13,W
31480,82208,82208,0,W
31481,82210,82210,0,E
31482,82223,82224,1,W
31483,82229,82230,1,E
31485,82238,82238,0,W
31487,82248,82248,0,E
31488,82253,82254,1,W
31490,82267,82320,53,E
31491,82268,82320,52,W
31494,82286,82322,36,E
31493,82283,82322,39,W
31497,82305,82324,19,E
31496,82298,82324,26,W
31500,82324,82326,2,E
31499,82313,82326,13,W
31502,82328,82328,0,W
31504,82343,82344,1,E
31505,82343,82344,1,W
31506,82358,82358,0,W
31508,82362,82362,0,E
31510,82373,82374,1,W
31511,82381,82440,59,E
31513,82388,82440,52,W
31514,82400,82442,42,E
31515,82403,82442,39,W
31519,82419,82444,25,E
31518,82418,82444,26,W
31521,82438,82446,8,E
31520,82433,82446,13,W
31524,82448,82448,0,W
31525,82457,82458,1,E
31526,82463,82464,1,W
31528,82476,82476,0,E
31529,82478,82478,0,W
31532,82493,82494,1,W
31533,82495,82496,1,E
31535,82514,82560,46,E
31534,82508,82560,52,W
31539,82533,82562,29,E
31537,82523,82562,39,W
31542,82552,82564,12,E
31540,82538,82564,26,W
31543,82553,82566,13,W
31545,82568,82568,0,W
31547,82571,82572,1,E
31548,82583,82584,1,W
31549,82590,82590,0,E
31551,82598,82598,0,W
31553,82609,82610,1,E
31554,82613,82614,1,W
31556,82628,82680,52,E
31557,82628,82680,52,W
31561,82647,82682,35,E
31558,82643,82682,39,W
31563,82666,82684,18,E
31562,82658,82684,26,W
31566,82685,82686,1,E
31565,82673,82686,13,W
31568,82688,82688,0,W
31571,82704,82704,0,E
31570,82703,82704,1,W
31572,82718,82718,0,W
31573,82723,82724,1,E
31576,82733,82734,1,W
31577,82742,82800,58,E
31578,82748,82800,52,W
31580,82761,82802,41,E
31581,82763,82802,39,W
31585,82780,82804,24,E
31584,82778,82804,26,W
31587,82799,82806,7,E
31586,82793,82806,13,W
31590,82808,82808,0,W
31591,82818,82818,0,E
31592,82831,82832,1,W
31594,82846,82846,0,E
31595,82854,82854,0,W
31597,82874,82920,46,E
31598,82877,82920,43,W
31601,82902,82922,20,E
31600,82900,82922,22,W
31603,82923,82924,1,W
31605,82930,82930,0,E
31606,82946,82946,0,W
31607,82958,82958,0,E
31609,82969,82970,1,W
31610,82986,83040,54,E
31612,82992,83040,48,W
31614,83014,83042,28,E
31615,83015,83042,27,W
31618,83042,83044,2,E
31617,83038,83044,6,W
31620,83061,83062,1,W
31621,83070,83070,0,E
31623,83084,83084,0,W
31624,83098,83098,0,E
31628,83126,83160,34,E
31626,83107,83160,53,W
31632,83154,83162,8,E
31629,83130,83162,32,W
31630,83153,83164,11,W
31634,83176,83176,0,W
31635,83182,83182,0,E
31637,83199,83200,1,W
31638,83210,83210,0,E
31642,83238,83280,42,E
31639,83222,83280,58,W
31644,83266,83282,16,E
31643,83245,83282,37,W
31645,83268,83284,16,W
31648,83291,83292,1,W
31649,83294,83294,0,E
31651,83314,83314,0,W
31652,83322,83322,0,E
31653,83337,83338,1,W
31656,83350,83400,50,E
31657,83360,83400,40,W
31658,83378,83402,24,E
31659,83383,83402,19,W
31661,83406,83406,0,E
31662,83406,83406,0,W
31665,83429,83430,1,W
31666,83434,83434,0,E
31667,83452,83452,0,W
31668,83462,83520,58,E
31671,83475,83520,45,W
31672,83490,83522,32,E
31673,83498,83522,24,W
31675,83518,83524,6,E
31676,83521,83524,3,W
31679,83544,83544,0,W
31680,83546,83546,0,E
31681,83567,83568,1,W
31682,83574,83574,0,E
31686,83602,83640,38,E
31685,83590,83640,50,W
31689,83630,83642,12,E
31687,83613,83642,29,W
31690,83636,83644,8,W
31692,83658,83658,0,E
31693,83659,83660,1,W
31695,83682,83682,0,W
31696,83686,83686,0,E
31700,83714,83760,46,E
31698,83705,83760,55,W
31703,83742,83762,20,E
31701,83728,83762,34,W
31704,83751,83764,13,W
31706,83770,83770,0,E
31707,83774,83774,0,W
31710,83798,83798,0,E
31709,83797,83798,1,W
31713,83826,83880,54,E
31712,83820,83880,60,W
31716,83854,83882,28,E
31715,83843,83882,39,W
31719,83882,83884,2,E
31718,83866,83884,18,W
31721,83889,83890,1,W
31723,83910,83910,0,E
31724,83912,83912,0,W
31726,83935,83936,1,W
31727,83938,83938,0,E
31730,83966,84000,34,E
31729,83958,84000,42,W
31733,83994,84002,8,E
31732,83981,84002,21,W
31734,84004,84004,0,W
31737,84022,84022,0,E
31738,84027,84028,1,W
31739,84050,84050,0,E
31740,84050,84050,0,W
31744,84078,84120,42,E
31743,84073,84120,47,W
31747,84106,84122,16,E
31746,84096,84122,26,W
31748,84119,84124,5,W
31751,84134,84134,0,E
31752,84142,84142,0,W
31753,84162,84162,0,E
31754,84165,84166,1,W
31758,84190,84240,50,E
31757,84188,84240,52,W
31761,84218,84242,24,E
31760,84211,84242,31,W
31762,84234,84244,10,W
31764,84246,84246,0,E
31766,84257,84258,1,W
31767,84274,84274,0,E
31768,84280,84280,0,W
31770,84302,84360,58,E
31771,84303,84360,57,W
31775,84330,84362,32,E
31774,84326,84362,36,W
31777,84358,84364,6,E
31776,84349,84364,15,W
31780,84372,84372,0,W
31781,84386,84386,0,E
31782,84395,84396,1,W
31784,84414,84414,0,E
31785,84418,84418,0,W
31789,84442,84480,38,E
31788,84441,84480,39,W
31791,84470,84482,12,E
31790,84464,84482,18,W
31794,84487,84488,1,W
31795,84498,84498,0,E
31796,84510,84510,0,W
31798,84526,84526,0,E
31799,84533,84534,1,W
31801,84554,84600,46,E
31802,84556,84600,44,W
31805,84582,84602,20,E
31804,84579,84602,23,W
31807,84602,84604,2,W
31809,84610,84610,0,E
31810,84625,84626,1,W
31812,84638,84638,0,E
31813,84648,84648,0,W
31814,84666,84720,54,E
31816,84671,84720,49,W
31818,84694,84722,28,E
31819,84694,84722,28,W
31822,84722,84724,2,E
31821,84717,84724,7,W
31824,84740,84740,0,W
31825,84750,84750,0,E
31827,84763,84764,1,W
31828,84778,84778,0,E
31832,84806,84840,34,E
31829,84786,84840,54,W
31836,84834,84842,8,E
31833,84809,84842,33,W
31835,84832,84844,12,W
31838,84855,84856,1,W
31839,84862,84862,0,E
31841,84878,84878,0,W
31842,84890,84890,0,E
31846,84918,84960,42,E
31843,84901,84960,59,W
31848,84946,84962,16,E
31847,84924,84962,38,W
31849,84947,84964,17,W
31852,84970,84970,0,W
31853,84974,84974,0,E
31855,84993,84994,1,W
31856,85002,85002,0,E
31857,85016,85016,0,W
31860,85030,85080,50,E
31861,85039,85080,41,W
31862,85058,85082,24,E
31863,85062,85082,20,W
31866,85086,85086,0,E
31865,85085,85086,1,W
31869,85108,85108,0,W
31870,85114,85114,0,E
31871,85131,85132,1,W
31872,85142,85200,58,E
31875,85154,85200,46,W
31876,85170,85202,32,E
31877,85177,85202,25,W
31879,85198,85204,6,E
31880,85200,85204,4,W
31883,85223,85224,1,W
31884,85226,85226,0,E
31885,85246,85246,0,W
31886,85254,85254,0,E
31890,85282,85320,38,E
31889,85269,85320,51,W
31893,85310,85322,12,E
31891,85292,85322,30,W
31894,85315,85324,9,W
31897,85338,85338,0,E
31898,85338,85338,0,W
31899,85361,85362,1,W
31900,85366,85366,0,E
31904,85394,85440,46,E
31902,85384,85440,56,W
31907,85422,85442,20,E
31905,85407,85442,35,W
31908,85430,85444,14,W
31910,85450,85450,0,E
31911,85453,85454,1,W
31913,85476,85476,0,W
31914,85478,85478,0,E
31917,85506,85560,54,E
31916,85499,85560,61,W
31921,85534,85562,28,E
31919,85522,85562,40,W
31923,85562,85564,2,E
31922,85545,85564,19,W
31925,85568,85568,0,W
31927,85590,85590,0,E
31928,85591,85592,1,W
31930,85614,85614,0,W
31931,85618,85618,0,E
31934,85646,85680,34,E
31933,85637,85680,43,W
31937,85674,85682,8,E
31936,85660,85682,22,W
31938,85683,85684,1,W
31941,85702,85702,0,E
31942,85706,85706,0,W
31945,85730,85730,0,E
31944,85729,85730,1,W
31948,85758,85800,42,E
31947,85752,85800,48,W
31951,85786,85802,16,E
31950,85775,85802,27,W
31952,85798,85804,6,W
31955,85814,85814,0,E
31956,85821,85822,1,W
31957,85842,85842,0,E
31958,85844,85844,0,W
31962,85870,85920,50,E
31961,85867,85920,53,W
31965,85898,85922,24,E
31964,85890,85922,32,W
31966,85913,85924,11,W
31968,85926,85926,0,E
31970,85936,85936,0,W
31971,85954,85954,0,E
31972,85959,85960,1,W
31974,85982,86040,58,E
31975,85982,86040,58,W
31979,86010,86042,32,E
31978,86005,86042,37,W
31981,86038,86044,6,E
31980,86028,86044,16,W
31984,86051,86052,1,W
31985,86066,86066,0,E
31986,86074,86074,0,W
31988,86094,86094,0,E
31989,86097,86098,1,W
31993,86122,86160,38,E
31992,86120,86160,40,W
31995,86150,86162,12,E
31994,86143,86162,19,W
31997,86166,86166,0,W
31999,86178,86178,0,E
32000,86189,86190,1,W
32002,86206,86206,0,E
32003,86212,86212,0,W
32005,86234,86280,46,E
32007,86235,86280,45,W
32009,86262,86282,20,E
32008,86258,86282,24,W
32011,86281,86284,3,W
32013,86290,86290,0,E
32014,86304,86304,0,W
32016,86318,86318,0,E
32017,86327,86328,1,W
