Car_Number,Arrive,Depart,Wait,Direction
3,0,0,0,E
4,0,0,0,W
5,39,40,1,W
6,48,48,0,E
1,0,60,60,N
2,0,60,60,S
7,66,66,0,S
10,102,102,0,N
9,96,120,24,E
8,78,120,42,W
11,117,120,3,W
13,144,144,0,E
14,156,156,0,W
12,132,180,48,S
17,198,198,0,S
18,204,204,0,N
15,192,240,48,E
16,195,240,45,W
20,240,240,0,E
19,234,240,6,W
22,273,274,1,W
23,288,288,0,E
21,264,300,36,S
24,306,306,0,N
26,330,330,0,S
27,336,360,24,E
25,312,360,48,W
28,351,360,9,W
29,384,384,0,E
30,390,390,0,W
32,408,420,12,N
31,396,420,24,S
35,462,462,0,S
34,432,480,48,E
33,429,480,51,W
37,480,480,0,E
36,468,480,12,W
38,507,508,1,W
41,528,528,0,E
39,510,540,30,N
40,528,540,12,S
45,594,594,0,S
43,576,600,24,E
42,546,600,54,W
44,585,600,15,W
47,624,624,0,E
48,624,624,0,W
46,612,660,48,N
49,660,660,0,S
53,714,714,0,N
51,672,720,48,E
50,663,720,57,W
54,720,720,0,E
52,702,720,18,W
56,741,742,1,W
57,768,768,0,E
55,726,780,54,S
59,792,792,0,S
60,816,816,0,N
61,816,840,24,E
58,780,840,60,W
62,819,840,21,W
64,858,858,0,W
65,864,864,0,E
66,897,898,1,W
63,858,900,42,S
68,918,918,0,N
69,924,924,0,S
67,912,960,48,E
70,936,960,24,W
71,960,960,0,E
72,975,976,1,W
74,1008,1008,0,E
75,1014,1014,0,W
76,1020,1020,0,N
73,990,1020,30,S
78,1056,1056,0,S
79,1056,1080,24,E
77,1053,1080,27,W
80,1092,1092,0,W
81,1104,1104,0,E
84,1131,1132,1,W
82,1122,1140,18,N
83,1122,1140,18,S
87,1188,1188,0,S
85,1152,1200,48,E
86,1170,1200,30,W
88,1200,1200,0,E
89,1209,1210,1,W
91,1248,1248,0,E
92,1248,1248,0,W
90,1224,1260,36,N
93,1254,1260,6,S
95,1296,1320,24,E
94,1287,1320,33,W
98,1326,1326,0,W
99,1344,1344,0,E
100,1365,1366,1,W
97,1326,1380,54,N
96,1320,1380,60,S
101,1386,1386,0,S
104,1428,1428,0,N
102,1392,1440,48,E
103,1404,1440,36,W
105,1440,1440,0,E
106,1443,1444,1,W
108,1482,1482,0,W
109,1488,1488,0,E
107,1452,1500,48,S
110,1518,1518,0,S
112,1530,1530,0,N
113,1536,1560,24,E
111,1521,1560,39,W
114,1560,1560,0,W
116,1584,1584,0,E
117,1599,1600,1,W
115,1584,1620,36,S
118,1632,1632,0,N
121,1650,1650,0,S
119,1632,1680,48,E
120,1638,1680,42,W
123,1680,1680,0,E
122,1677,1680,3,W
125,1716,1716,0,W
126,1728,1728,0,E
127,1734,1740,6,N
124,1716,1740,24,S
130,1782,1782,0,S
129,1776,1800,24,E
128,1755,1800,45,W
131,1794,1800,6,W
132,1824,1824,0,E
133,1833,1834,1,W
134,1836,1860,24,N
135,1848,1860,12,S
139,1914,1914,0,S
136,1872,1920,48,E
137,1872,1920,48,W
140,1920,1920,0,E
138,1911,1920,9,W
142,1950,1950,0,W
143,1968,1968,0,E
141,1938,1980,42,N
144,1980,1980,0,S
146,2016,2040,24,E
145,1989,2040,51,W
147,2028,2040,12,W
150,2064,2064,0,E
151,2067,2068,1,W
148,2040,2100,60,N
149,2046,2100,54,S
153,2112,2112,0,S
155,2142,2142,0,N
154,2112,2160,48,E
152,2106,2160,54,W
157,2160,2160,0,E
156,2145,2160,15,W
159,2184,2184,0,W
160,2208,2208,0,E
158,2178,2220,42,S
162,2244,2244,0,N
163,2244,2244,0,S
164,2256,2280,24,E
161,2223,2280,57,W
165,2262,2280,18,W
166,2301,2302,1,W
167,2304,2304,0,E
168,2310,2340,30,S
170,2346,2346,0,N
172,2376,2376,0,S
171,2352,2400,48,E
169,2340,2400,60,W
174,2400,2400,0,E
173,2379,2400,21,W
175,2418,2418,0,W
178,2448,2448,0,E
179,2457,2458,1,W
177,2448,2460,12,N
176,2442,2460,18,S
182,2508,2508,0,S
180,2496,2520,24,E
181,2496,2520,24,W
183,2535,2536,1,W
184,2544,2544,0,E
187,2574,2574,0,W
185,2550,2580,30,N
186,2574,2580,6,S
188,2592,2640,48,E
189,2613,2640,27,W
191,2640,2640,0,E
193,2652,2652,0,W
194,2688,2688,0,E
195,2691,2692,1,W
192,2652,2700,48,N
190,2640,2700,60,S
196,2706,2706,0,S
199,2754,2754,0,N
198,2736,2760,24,E
197,2730,2760,30,W
200,2769,2770,1,W
202,2784,2784,0,E
203,2808,2808,0,W
201,2772,2820,48,S
205,2838,2838,0,S
207,2856,2856,0,N
204,2832,2880,48,E
206,2847,2880,33,W
208,2880,2880,0,E
209,2886,2886,0,W
211,2925,2926,1,W
212,2928,2928,0,E
210,2904,2940,36,S
213,2958,2958,0,N
215,2970,2970,0,S
216,2976,3000,24,E
214,2964,3000,36,W
217,3003,3004,1,W
218,3024,3024,0,E
220,3042,3042,0,W
221,3060,3060,0,N
219,3036,3060,24,S
224,3102,3102,0,S
222,3072,3120,48,E
223,3081,3120,39,W
225,3120,3120,0,E
226,3120,3120,0,W
227,3159,3160,1,W
230,3168,3168,0,E
228,3162,3180,18,N
229,3168,3180,12,S
233,3234,3234,0,S
232,3216,3240,24,E
231,3198,3240,42,W
234,3237,3240,3,W
236,3264,3264,0,E
237,3276,3276,0,W
235,3264,3300,36,N
238,3300,3300,0,S
239,3312,3360,48,E
240,3315,3360,45,W
242,3360,3360,0,E
241,3354,3360,6,W
245,3393,3394,1,W
246,3408,3408,0,E
243,3366,3420,54,N
244,3366,3420,54,S
247,3432,3432,0,S
250,3468,3468,0,N
249,3456,3480,24,E
248,3432,3480,48,W
251,3471,3480,9,W
253,3504,3504,0,E
254,3510,3510,0,W
252,3498,3540,42,S
257,3564,3564,0,S
258,3570,3570,0,N
256,3552,3600,48,E
255,3549,3600,51,W
260,3600,3600,0,E
259,3588,3600,12,W
261,3627,3628,1,W
262,3630,3660,30,S
263,3672,3672,0,N
264,3674,3720,46,E
265,3687,3720,33,W
268,3748,3748,0,E
267,3747,3748,1,W
266,3732,3780,48,S
271,3830,3830,0,N
272,3834,3834,0,S
270,3822,3840,18,E
269,3807,3840,33,W
273,3867,3868,1,W
274,3896,3896,0,E
276,3936,3936,0,S
275,3927,3960,33,W
277,3970,3970,0,E
278,3987,3988,1,W
279,3988,4020,32,N
280,4038,4038,0,S
281,4044,4080,36,E
282,4047,4080,33,W
283,4107,4108,1,W
284,4118,4118,0,E
285,4140,4140,0,S
286,4146,4146,0,N
288,4192,4200,8,E
287,4167,4200,33,W
289,4227,4228,1,W
290,4242,4260,18,S
293,4304,4304,0,N
291,4266,4320,54,E
292,4287,4320,33,W
294,4340,4340,0,E
296,4347,4348,1,W
295,4344,4380,36,S
298,4414,4440,26,E
297,4407,4440,33,W
301,4467,4468,1,W
302,4488,4488,0,E
300,4462,4500,38,N
299,4446,4500,54,S
304,4548,4548,0,S
303,4527,4560,33,W
305,4562,4562,0,E
306,4587,4588,1,W
307,4620,4620,0,N
310,4650,4650,0,S
308,4636,4680,44,E
309,4647,4680,33,W
311,4707,4708,1,W
312,4710,4710,0,E
313,4752,4752,0,S
315,4778,4778,0,N
316,4784,4800,16,E
314,4767,4800,33,W
317,4827,4828,1,W
319,4858,4858,0,E
318,4854,4860,6,S
320,4887,4920,33,W
321,4932,4932,0,E
323,4947,4948,1,W
322,4936,4980,44,N
324,4956,4980,24,S
325,5006,5040,34,E
326,5007,5040,33,W
328,5067,5068,1,W
329,5080,5080,0,E
330,5094,5100,6,N
327,5058,5100,42,S
332,5154,5160,6,E
331,5127,5160,33,W
334,5187,5188,1,W
333,5160,5220,60,S
337,5252,5252,0,N
338,5262,5262,0,S
335,5228,5280,52,E
336,5247,5280,33,W
339,5302,5302,0,E
340,5307,5308,1,W
341,5364,5364,0,S
343,5376,5400,24,E
342,5367,5400,33,W
345,5427,5428,1,W
346,5450,5450,0,E
344,5410,5460,50,N
347,5466,5466,0,S
348,5487,5520,33,W
349,5524,5524,0,E
350,5547,5548,1,W
351,5568,5580,12,N
352,5568,5580,12,S
353,5598,5640,42,E
354,5607,5640,33,W
355,5667,5668,1,W
357,5672,5672,0,E
356,5670,5700,30,S
358,5726,5726,0,N
360,5746,5760,14,E
359,5727,5760,33,W
362,5787,5788,1,W
361,5772,5820,48,S
365,5874,5874,0,S
363,5820,5880,60,E
364,5847,5880,33,W
367,5894,5894,0,E
368,5907,5908,1,W
366,5884,5940,56,N
371,5976,5976,0,S
370,5968,6000,32,E
369,5967,6000,33,W
372,6027,6028,1,W
374,6042,6042,0,E
373,6042,6060,18,N
375,6078,6078,0,S
377,6116,6120,4,E
376,6087,6120,33,W
378,6147,6148,1,W
379,6180,6180,0,S
381,6200,6200,0,N
380,6190,6240,50,E
382,6207,6240,33,W
383,6264,6264,0,E
384,6267,6268,1,W
385,6282,6300,18,S
388,6358,6358,0,N
387,6338,6360,22,E
386,6327,6360,33,W
390,6387,6388,1,W
391,6412,6412,0,E
389,6384,6420,36,S
392,6447,6480,33,W
394,6486,6486,0,E
395,6507,6508,1,W
396,6516,6540,24,N
393,6486,6540,54,S
399,6588,6588,0,S
397,6560,6600,40,E
398,6567,6600,33,W
400,6627,6628,1,W
401,6634,6634,0,E
402,6674,6674,0,N
404,6690,6690,0,S
405,6708,6720,12,E
403,6687,6720,33,W
406,6747,6748,1,W
408,6792,6792,0,S
410,6832,6832,0,N
407,6782,6840,58,E
409,6807,6840,33,W
411,6856,6856,0,E
412,6867,6868,1,W
413,6894,6900,6,S
415,6930,6960,30,E
414,6927,6960,33,W
416,6987,6988,1,W
419,7004,7004,0,E
417,6990,7020,30,N
418,6996,7020,24,S
421,7078,7080,2,E
420,7047,7080,33,W
423,7107,7108,1,W
422,7098,7140,42,S
424,7148,7148,0,N
425,7152,7200,48,E
426,7167,7200,33,W
428,7226,7226,0,E
429,7227,7228,1,W
427,7200,7260,60,S
431,7306,7306,0,N
433,7313,7314,1,S
432,7308,7320,12,E
430,7294,7320,26,W
434,7361,7362,1,W
436,7426,7426,0,S
435,7390,7440,50,E
437,7428,7440,12,W
438,7472,7472,0,E
440,7495,7496,1,W
439,7481,7500,19,N
441,7539,7540,1,S
442,7554,7560,6,E
443,7562,7562,0,W
446,7652,7652,0,S
447,7656,7656,0,N
445,7636,7680,44,E
444,7629,7680,51,W
448,7696,7696,0,W
449,7718,7718,0,E
451,7765,7766,1,S
452,7800,7800,0,E
450,7763,7800,37,W
453,7830,7830,0,W
454,7831,7860,29,N
455,7878,7878,0,S
456,7882,7920,38,E
457,7897,7920,23,W
458,7964,7964,0,E
459,7964,7964,0,W
460,7991,7992,1,S
461,8006,8006,0,N
462,8031,8040,9,W
463,8046,8046,0,E
464,8098,8098,0,W
465,8104,8104,0,S
466,8128,8160,32,E
467,8165,8166,1,W
469,8210,8210,0,E
468,8181,8220,39,N
470,8217,8220,3,S
471,8232,8280,48,W
472,8292,8292,0,E
473,8299,8300,1,W
474,8330,8340,10,S
475,8356,8356,0,N
477,8374,8400,26,E
476,8366,8400,34,W
478,8433,8434,1,W
480,8456,8456,0,E
479,8443,8460,17,S
481,8500,8520,20,W
483,8538,8538,0,E
485,8567,8568,1,W
482,8531,8580,49,N
484,8556,8580,24,S
486,8620,8640,20,E
487,8634,8640,6,W
488,8669,8700,31,S
491,8706,8706,0,N
490,8702,8760,58,E
489,8701,8760,59,W
492,8768,8768,0,W
494,8784,8784,0,E
493,8782,8820,38,S
496,8866,8880,14,E
495,8835,8880,45,W
499,8902,8902,0,W
497,8881,8940,59,N
498,8895,8940,45,S
500,8948,9000,52,E
501,8969,9000,31,W
503,9030,9030,0,E
504,9036,9036,0,W
505,9056,9060,4,N
502,9008,9060,52,S
507,9112,9120,8,E
506,9103,9120,17,W
509,9170,9170,0,W
508,9121,9180,59,S
511,9231,9232,1,N
512,9234,9234,0,S
510,9194,9240,46,E
513,9237,9240,3,W
514,9276,9276,0,E
516,9347,9348,1,S
517,9358,9360,2,E
515,9304,9360,56,W
518,9371,9372,1,W
519,9406,9420,14,N
522,9460,9460,0,S
521,9440,9480,40,E
520,9438,9480,42,W
523,9505,9506,1,W
524,9522,9522,0,E
526,9573,9574,1,S
527,9581,9582,1,N
525,9572,9600,28,W
528,9604,9604,0,E
529,9639,9640,1,W
530,9686,9686,0,S
531,9686,9720,34,E
532,9706,9720,14,W
534,9768,9768,0,E
535,9773,9774,1,W
533,9756,9780,24,N
536,9799,9800,1,S
537,9840,9840,0,W
538,9850,9850,0,E
540,9912,9912,0,S
541,9931,9932,1,N
542,9932,9960,28,E
539,9907,9960,53,W
543,9974,9974,0,W
544,10014,10014,0,E
545,10025,10026,1,S
546,10041,10080,39,W
547,10096,10096,0,E
549,10108,10108,0,W
548,10106,10140,34,N
550,10138,10140,2,S
552,10178,10200,22,E
551,10175,10200,25,W
553,10242,10242,0,W
554,10251,10260,9,S
556,10281,10282,1,N
555,10260,10320,60,E
557,10309,10320,11,W
558,10342,10342,0,E
560,10376,10376,0,W
559,10364,10380,16,S
561,10424,10440,16,E
562,10443,10444,1,W
563,10456,10500,44,N
564,10477,10500,23,S
565,10506,10560,54,E
566,10510,10560,50,W
567,10577,10578,1,W
568,10588,10588,0,E
569,10590,10620,30,S
570,10631,10632,1,N
572,10670,10680,10,E
571,10644,10680,36,W
574,10711,10712,1,W
573,10703,10740,37,S
575,10752,10800,48,E
576,10778,10800,22,W
579,10834,10834,0,E
580,10845,10846,1,W
577,10806,10860,54,N
578,10816,10860,44,S
583,10909,10910,1,S
582,10902,10920,18,E
581,10900,10920,20,W
585,10955,10956,1,W
586,10970,10970,0,E
584,10950,10980,30,N
587,11002,11002,0,S
589,11038,11040,2,E
588,11010,11040,30,W
590,11065,11066,1,W
591,11094,11100,6,N
592,11095,11100,5,S
593,11106,11160,54,E
594,11120,11160,40,W
595,11174,11174,0,E
596,11175,11176,1,W
597,11188,11220,32,S
599,11238,11238,0,N
600,11242,11280,38,E
598,11230,11280,50,W
602,11285,11286,1,W
603,11310,11310,0,E
601,11281,11340,59,S
605,11374,11374,0,S
607,11382,11382,0,N
606,11378,11400,22,E
604,11340,11400,60,W
608,11395,11400,5,W
609,11446,11446,0,E
610,11450,11450,0,W
611,11467,11468,1,S
613,11514,11520,6,E
612,11505,11520,15,W
616,11560,11560,0,W
614,11526,11580,54,N
615,11560,11580,20,S
617,11582,11640,58,E
618,11615,11640,25,W
619,11650,11650,0,E
622,11670,11670,0,W
621,11670,11700,30,N
620,11653,11700,47,S
625,11746,11746,0,S
623,11718,11760,42,E
624,11725,11760,35,W
626,11780,11780,0,W
627,11786,11786,0,E
628,11814,11820,6,N
630,11839,11840,1,S
631,11854,11880,26,E
629,11835,11880,45,W
632,11890,11890,0,W
633,11922,11922,0,E
634,11932,11940,8,S
636,11958,11958,0,N
637,11990,12000,10,E
635,11945,12000,55,W
638,12000,12000,0,W
640,12055,12056,1,W
641,12058,12058,0,E
639,12025,12060,35,S
642,12102,12102,0,N
644,12118,12118,0,S
643,12110,12120,10,W
645,12126,12126,0,E
646,12165,12166,1,W
648,12211,12212,1,S
647,12194,12240,46,E
649,12220,12240,20,W
651,12262,12262,0,E
652,12275,12276,1,W
650,12246,12300,54,N
653,12304,12304,0,S
654,12330,12360,30,E
655,12330,12360,30,W
656,12385,12386,1,W
659,12398,12398,0,E
657,12390,12420,30,N
658,12397,12420,23,S
661,12466,12480,14,E
660,12440,12480,40,W
663,12495,12496,1,W
665,12534,12534,0,E
664,12534,12540,6,N
662,12490,12540,50,S
667,12583,12584,1,S
666,12550,12600,50,W
668,12602,12602,0,E
669,12605,12606,1,W
672,12676,12676,0,S
673,12678,12678,0,N
671,12670,12720,50,E
670,12660,12720,60,W
674,12715,12720,5,W
675,12738,12738,0,E
677,12770,12770,0,W
676,12769,12780,11,S
679,12822,12822,0,N
678,12806,12840,34,E
680,12825,12840,15,W
682,12874,12874,0,E
683,12880,12880,0,W
681,12862,12900,38,S
686,12955,12956,1,S
685,12942,12960,18,E
684,12935,12960,25,W
688,12990,12990,0,W
689,13010,13010,0,E
687,12966,13020,54,N
691,13048,13048,0,S
692,13078,13080,2,E
690,13045,13080,35,W
693,13100,13100,0,W
694,13110,13140,30,N
695,13141,13142,1,S
696,13146,13200,54,E
697,13155,13200,45,W
698,13210,13210,0,W
699,13214,13214,0,E
701,13254,13260,6,N
700,13234,13260,26,S
703,13282,13320,38,E
702,13265,13320,55,W
704,13320,13320,0,W
706,13350,13350,0,E
707,13375,13376,1,W
705,13327,13380,53,S
708,13398,13398,0,N
710,13420,13420,0,S
709,13418,13440,22,E
711,13430,13440,10,W
713,13486,13486,0,E
712,13485,13486,1,W
714,13513,13514,1,S
716,13542,13542,0,N
717,13554,13560,6,E
715,13540,13560,20,W
718,13595,13596,1,W
719,13606,13620,14,S
720,13622,13680,58,E
721,13650,13680,30,W
723,13690,13690,0,E
725,13705,13706,1,W
722,13686,13740,54,N
724,13699,13740,41,S
728,13792,13792,0,S
726,13758,13800,42,E
727,13760,13800,40,W
729,13815,13816,1,W
730,13826,13826,0,E
731,13830,13860,30,N
733,13885,13886,1,S
734,13894,13920,26,E
732,13870,13920,50,W
735,13925,13926,1,W
736,13962,13962,0,E
737,13974,13980,6,N
738,13978,13980,2,S
740,14030,14040,10,E
739,13980,14040,60,W
741,14035,14040,5,W
743,14090,14090,0,W
744,14098,14098,0,E
742,14071,14100,29,S
745,14118,14118,0,N
746,14145,14160,15,W
748,14166,14166,0,E
749,14200,14200,0,W
747,14164,14220,56,S
752,14257,14258,1,S
753,14262,14262,0,N
750,14234,14280,46,E
751,14255,14280,25,W
754,14302,14302,0,E
755,14310,14310,0,W
756,14350,14350,0,S
758,14370,14400,30,E
757,14365,14400,35,W
760,14420,14420,0,W
761,14438,14438,0,E
763,14452,14452,0,W
759,14406,14460,54,N
762,14443,14460,17,S
766,14489,14490,1,N
767,14497,14498,1,S
764,14477,14520,43,E
765,14484,14520,36,W
768,14516,14520,4,E
769,14516,14520,4,W
770,14548,14548,0,W
772,14555,14556,1,E
773,14572,14580,8,N
771,14551,14580,29,S
776,14605,14606,1,S
775,14594,14640,46,E
774,14580,14640,60,W
778,14633,14640,7,E
777,14612,14640,28,W
779,14644,14644,0,W
782,14672,14672,0,E
783,14676,14676,0,W
780,14655,14700,45,N
781,14659,14700,41,S
786,14713,14714,1,S
787,14738,14738,0,N
785,14711,14760,49,E
784,14708,14760,52,W
789,14750,14760,10,E
788,14740,14760,20,W
791,14772,14772,0,W
792,14789,14790,1,E
793,14804,14804,0,W
790,14767,14820,53,S
794,14821,14822,1,N
795,14821,14822,1,S
800,14875,14876,1,S
796,14828,14880,52,E
797,14836,14880,44,W
798,14867,14880,13,E
799,14868,14880,12,W
801,14900,14900,0,W
803,14906,14906,0,E
805,14932,14932,0,W
802,14904,14940,36,N
804,14929,14940,11,S
808,14983,14984,1,S
810,14987,14988,1,N
806,14945,15000,55,E
807,14964,15000,36,W
809,14984,15000,16,E
811,14996,15000,4,W
812,15023,15024,1,E
813,15028,15028,0,W
814,15037,15060,23,S
817,15070,15070,0,N
818,15091,15092,1,S
816,15062,15120,58,E
815,15060,15120,60,W
820,15101,15120,19,E
819,15092,15120,28,W
821,15124,15124,0,W
822,15140,15140,0,E
825,15156,15156,0,W
824,15153,15180,27,N
823,15145,15180,35,S
828,15199,15200,1,S
831,15236,15236,0,N
826,15179,15240,61,E
827,15188,15240,52,W
829,15218,15240,22,E
830,15220,15240,20,W
832,15252,15252,0,W
834,15257,15258,1,E
835,15284,15284,0,W
836,15296,15296,0,E
833,15253,15300,47,S
837,15307,15308,1,S
839,15319,15320,1,N
840,15335,15360,25,E
838,15316,15360,44,W
841,15348,15360,12,W
843,15374,15374,0,E
844,15380,15380,0,W
846,15412,15412,0,W
847,15413,15414,1,E
845,15402,15420,18,N
842,15361,15420,59,S
848,15415,15422,7,S
851,15469,15470,1,S
850,15452,15480,28,E
849,15444,15480,36,W
852,15476,15480,4,W
854,15491,15492,1,E
855,15508,15508,0,W
857,15530,15530,0,E
853,15485,15540,55,N
856,15523,15540,17,S
859,15568,15568,0,N
862,15577,15578,1,S
860,15569,15600,31,E
858,15540,15600,60,W
861,15572,15600,28,W
863,15604,15604,0,W
864,15608,15608,0,E
866,15636,15636,0,W
867,15647,15648,1,E
868,15651,15660,9,N
865,15631,15660,29,S
870,15685,15686,1,S
871,15686,15720,34,E
869,15668,15720,52,W
872,15700,15720,20,W
873,15725,15726,1,E
874,15732,15732,0,W
877,15764,15764,0,E
878,15764,15764,0,W
875,15734,15780,46,N
876,15739,15780,41,S
879,15793,15794,1,S
882,15817,15818,1,N
881,15803,15840,37,E
880,15796,15840,44,W
883,15828,15840,12,W
884,15842,15842,0,E
886,15860,15860,0,W
887,15881,15882,1,E
888,15892,15892,0,W
889,15900,15900,0,N
885,15847,15900,53,S
890,15901,15902,1,S
893,15955,15956,1,S
891,15920,15960,40,E
892,15924,15960,36,W
895,15959,15960,1,E
894,15956,15960,4,W
897,15988,15988,0,W
898,15998,15998,0,E
896,15983,16020,37,N
899,16009,16020,11,S
903,16063,16064,1,S
904,16066,16066,0,N
901,16037,16080,43,E
900,16020,16080,60,W
905,16076,16080,4,E
902,16052,16080,28,W
906,16084,16084,0,W
907,16115,16116,1,E
908,16116,16116,0,W
909,16117,16140,23,S
911,16149,16150,1,N
913,16171,16172,1,S
912,16154,16200,46,E
910,16148,16200,52,W
915,16193,16200,7,E
914,16180,16200,20,W
916,16212,16212,0,W
919,16232,16232,0,E
920,16244,16244,0,W
918,16232,16260,28,N
917,16225,16260,35,S
923,16279,16280,1,S
926,16315,16316,1,N
921,16271,16320,49,E
922,16276,16320,44,W
925,16310,16320,10,E
924,16308,16320,12,W
928,16340,16340,0,W
929,16349,16350,1,E
930,16372,16372,0,W
927,16333,16380,47,S
931,16387,16388,1,S
933,16398,16398,0,N
932,16388,16440,52,E
934,16404,16440,36,W
935,16427,16440,13,E
936,16436,16440,4,W
938,16466,16466,0,E
939,16468,16468,0,W
940,16481,16500,19,N
937,16441,16500,59,S
941,16495,16502,7,S
946,16549,16550,1,S
943,16505,16560,55,E
942,16500,16560,60,W
945,16544,16560,16,E
944,16532,16560,28,W
948,16564,16564,0,W
949,16583,16584,1,E
950,16596,16596,0,W
947,16564,16620,56,N
951,16603,16620,17,S
954,16647,16648,1,N
955,16657,16658,1,S
952,16622,16680,58,E
953,16628,16680,52,W
957,16661,16680,19,E
956,16660,16680,20,W
958,16692,16692,0,W
959,16700,16700,0,E
961,16724,16724,0,W
962,16730,16740,10,N
960,16711,16740,29,S
965,16765,16766,1,S
963,16739,16800,61,E
964,16756,16800,44,W
966,16778,16800,22,E
967,16788,16800,12,W
969,16817,16818,1,E
971,16820,16820,0,W
972,16852,16852,0,W
973,16856,16856,0,E
968,16813,16860,47,N
970,16819,16860,41,S
974,16873,16874,1,S
977,16896,16896,0,N
976,16895,16920,25,E
975,16884,16920,36,W
978,16916,16920,4,W
980,16934,16934,0,E
981,16948,16948,0,W
982,16973,16974,1,E
983,16979,16980,1,N
979,16927,16980,53,S
985,16981,16982,1,S
988,17035,17036,1,S
986,17012,17040,28,E
984,16980,17040,60,W
987,17012,17040,28,W
989,17044,17044,0,W
990,17051,17052,1,E
992,17076,17076,0,W
994,17090,17090,0,E
991,17062,17100,38,N
993,17089,17100,11,S
998,17143,17144,1,S
999,17145,17146,1,N
996,17129,17160,31,E
995,17108,17160,52,W
997,17140,17160,20,W
1000,17168,17168,0,E
1001,17172,17172,0,W
1003,17204,17204,0,W
1004,17207,17208,1,E
1002,17197,17220,23,S
1005,17228,17228,0,N
1008,17251,17252,1,S
1007,17246,17280,34,E
1006,17236,17280,44,W
1009,17268,17280,12,W
1010,17285,17286,1,E
1011,17300,17300,0,W
1014,17324,17324,0,E
1015,17332,17332,0,W
1013,17311,17340,29,N
1012,17305,17340,35,S
1016,17359,17360,1,S
1019,17394,17394,0,N
1017,17363,17400,37,E
1018,17364,17400,36,W
1020,17396,17400,4,W
1021,17402,17402,0,E
1023,17428,17428,0,W
1024,17441,17442,1,E
1022,17413,17460,47,S
1026,17467,17468,1,S
1027,17477,17478,1,N
1028,17480,17520,40,E
1025,17460,17520,60,W
1030,17519,17520,1,E
1029,17492,17520,28,W
1032,17524,17524,0,W
1033,17556,17556,0,W
1034,17558,17558,0,E
1035,17560,17580,20,N
1031,17521,17580,59,S
1036,17575,17582,7,S
1040,17629,17630,1,S
1038,17597,17640,43,E
1037,17588,17640,52,W
1041,17636,17640,4,E
1039,17620,17640,20,W
1043,17652,17652,0,W
1044,17675,17676,1,E
1046,17684,17684,0,W
1042,17643,17700,57,N
1045,17683,17700,17,S
1049,17726,17726,0,N
1050,17737,17738,1,S
1047,17714,17760,46,E
1048,17716,17760,44,W
1052,17753,17760,7,E
1051,17748,17760,12,W
1053,17780,17780,0,W
1055,17792,17792,0,E
1057,17812,17812,0,W
1056,17809,17820,11,N
1054,17791,17820,29,S
1060,17845,17846,1,S
1058,17831,17880,49,E
1059,17844,17880,36,W
1061,17870,17880,10,E
1062,17876,17880,4,W
1065,17908,17908,0,W
1066,17909,17910,1,E
1063,17892,17940,48,N
1064,17899,17940,41,S
1069,17953,17954,1,S
1071,17975,17976,1,N
1068,17948,18000,52,E
1067,17940,18000,60,W
1072,17987,18000,13,E
1070,17972,18000,28,W
1073,18004,18004,0,W
1075,18018,18018,0,W
1076,18026,18026,0,E
1078,18032,18032,0,W
1079,18043,18044,1,E
1080,18046,18046,0,W
1082,18058,18060,2,N
1074,18007,18060,53,S
1077,18030,18062,32,S
1081,18053,18064,11,S
1086,18076,18076,0,S
1089,18094,18094,0,N
1091,18099,18100,1,S
1083,18060,18120,60,E
1084,18060,18120,60,W
1087,18077,18120,43,E
1085,18074,18120,46,W
1090,18094,18120,26,E
1088,18088,18120,32,W
1093,18111,18122,11,E
1092,18102,18122,20,W
1094,18116,18122,6,W
1096,18128,18128,0,E
1098,18130,18130,0,W
1099,18144,18144,0,W
1101,18145,18146,1,E
1102,18158,18158,0,W
1103,18162,18162,0,E
1106,18172,18172,0,W
1097,18130,18180,50,N
1095,18122,18180,58,S
1104,18166,18182,16,N
1100,18145,18182,37,S
1105,18168,18184,16,S
1109,18191,18192,1,S
1112,18202,18202,0,N
1114,18214,18214,0,S
1119,18238,18238,0,N
1118,18237,18238,1,S
1107,18179,18240,61,E
1108,18186,18240,54,W
1110,18196,18240,44,E
1111,18200,18240,40,W
1113,18213,18240,27,E
1115,18214,18240,26,W
1117,18230,18242,12,E
1116,18228,18242,14,W
1120,18242,18242,0,W
1121,18247,18248,1,E
1122,18256,18256,0,W
1124,18264,18264,0,E
1125,18270,18270,0,W
1127,18281,18282,1,E
1129,18284,18284,0,W
1130,18298,18298,0,E
1131,18298,18298,0,W
1126,18274,18300,26,N
1123,18260,18300,40,S
1128,18283,18302,19,S
1132,18306,18306,0,S
1133,18310,18310,0,N
1137,18329,18330,1,S
1140,18346,18346,0,N
1142,18352,18352,0,S
1135,18315,18360,45,E
1134,18312,18360,48,W
1138,18332,18360,28,E
1136,18326,18360,34,W
1141,18349,18360,11,E
1139,18340,18360,20,W
1143,18354,18362,8,W
1144,18366,18366,0,E
1145,18368,18368,0,W
1148,18382,18382,0,W
1149,18383,18384,1,E
1150,18396,18396,0,W
1152,18400,18400,0,E
1153,18410,18410,0,W
1154,18417,18418,1,E
1147,18382,18420,38,N
1146,18375,18420,45,S
1155,18418,18422,4,N
1151,18398,18422,24,S
1156,18421,18424,3,S
1160,18444,18444,0,S
1163,18454,18454,0,N
1165,18467,18468,1,S
1158,18434,18480,46,E
1157,18424,18480,56,W
1161,18451,18480,29,E
1159,18438,18480,42,W
1166,18468,18480,12,E
1162,18452,18480,28,W
1164,18466,18482,16,W
1167,18480,18482,2,W
1168,18485,18486,1,E
1171,18494,18494,0,W
1172,18502,18502,0,E
1173,18508,18508,0,W
1175,18519,18520,1,E
1176,18522,18522,0,W
1179,18536,18536,0,E
1180,18536,18536,0,W
1169,18490,18540,50,N
1170,18490,18540,50,S
1177,18526,18542,16,N
1174,18513,18542,29,S
1178,18536,18544,8,S
1183,18559,18560,1,S
1184,18562,18562,0,N
1188,18582,18582,0,S
1191,18598,18598,0,N
1182,18553,18600,47,E
1181,18550,18600,50,W
1186,18570,18600,30,E
1185,18564,18600,36,W
1189,18587,18600,13,E
1187,18578,18600,22,W
1190,18592,18602,10,W
1192,18604,18604,0,E
1194,18606,18606,0,W
1195,18620,18620,0,W
1196,18621,18622,1,E
1199,18634,18634,0,W
1200,18638,18638,0,E
1201,18648,18648,0,W
1203,18655,18656,1,E
1198,18634,18660,26,N
1193,18605,18660,55,S
1197,18628,18662,34,S
1202,18651,18664,13,S
1205,18670,18670,0,N
1207,18674,18674,0,S
1211,18697,18698,1,S
1213,18706,18706,0,N
1206,18672,18720,48,E
1204,18662,18720,58,W
1209,18689,18720,31,E
1208,18676,18720,44,W
1214,18706,18720,14,E
1210,18690,18720,30,W
1212,18704,18722,18,W
1215,18718,18722,4,W
1217,18723,18724,1,E
1218,18732,18732,0,W
1219,18740,18740,0,E
1222,18746,18746,0,W
1223,18757,18758,1,E
1224,18760,18760,0,W
1226,18774,18774,0,E
1227,18774,18774,0,W
1220,18742,18780,38,N
1216,18720,18780,60,S
1228,18778,18782,4,N
1221,18743,18782,39,S
1225,18766,18784,18,S
1230,18789,18790,1,S
1234,18812,18812,0,S
1235,18814,18814,0,N
1239,18835,18836,1,S
1231,18791,18840,49,E
1229,18788,18840,52,W
1233,18808,18840,32,E
1232,18802,18840,38,W
1237,18825,18840,15,E
1236,18816,18840,24,W
1240,18842,18842,0,E
1238,18830,18842,12,W
1241,18844,18844,0,W
1244,18858,18858,0,W
1245,18859,18860,1,E
1246,18872,18872,0,W
1247,18876,18876,0,E
1250,18886,18886,0,W
1251,18893,18894,1,E
1242,18850,18900,50,N
1243,18858,18900,42,S
1249,18886,18902,16,N
1248,18881,18902,21,S
1253,18904,18904,0,S
1256,18922,18922,0,N
1257,18927,18928,1,S
1262,18950,18950,0,S
1264,18958,18958,0,N
1254,18910,18960,50,E
1252,18900,18960,60,W
1258,18927,18960,33,E
1255,18914,18960,46,W
1261,18944,18960,16,E
1259,18928,18960,32,W
1265,18961,18962,1,E
1260,18942,18962,20,W
1263,18956,18962,6,W
1266,18970,18970,0,W
1268,18978,18978,0,E
1269,18984,18984,0,W
1271,18995,18996,1,E
1273,18998,18998,0,W
1274,19012,19012,0,E
1275,19012,19012,0,W
1270,18994,19020,26,N
1267,18973,19020,47,S
1272,18996,19022,26,S
1276,19019,19024,5,S
1279,19030,19030,0,N
1281,19042,19042,0,S
1286,19066,19066,0,N
1285,19065,19066,1,S
1278,19029,19080,51,E
1277,19026,19080,54,W
1282,19046,19080,34,E
1280,19040,19080,40,W
1284,19063,19080,17,E
1283,19054,19080,26,W
1288,19080,19082,2,E
1287,19068,19082,14,W
1289,19082,19082,0,W
1291,19096,19096,0,W
1292,19097,19098,1,E
1294,19110,19110,0,W
1296,19114,19114,0,E
1297,19124,19124,0,W
1298,19131,19132,1,E
1301,19138,19138,0,W
1293,19102,19140,38,N
1290,19088,19140,52,S
1300,19138,19142,4,N
1295,19111,19142,31,S
1299,19134,19144,10,S
1304,19157,19158,1,S
1307,19174,19174,0,N
1308,19180,19180,0,S
1302,19148,19200,52,E
1303,19152,19200,48,W
1305,19165,19200,35,E
1306,19166,19200,34,W
1310,19182,19200,18,E
1309,19180,19200,20,W
1312,19199,19202,3,E
1311,19194,19202,8,W
1314,19208,19208,0,W
1316,19216,19216,0,E
1317,19222,19222,0,W
1319,19233,19234,1,E
1320,19236,19236,0,W
1323,19250,19250,0,E
1324,19250,19250,0,W
1315,19210,19260,50,N
1313,19203,19260,57,S
1321,19246,19262,16,N
1318,19226,19262,36,S
1322,19249,19264,15,S
1327,19272,19272,0,S
1329,19282,19282,0,N
1332,19295,19296,1,S
1335,19318,19318,0,N
1336,19318,19318,0,S
1326,19267,19320,53,E
1325,19264,19320,56,W
1330,19284,19320,36,E
1328,19278,19320,42,W
1333,19301,19320,19,E
1331,19292,19320,28,W
1337,19318,19322,4,E
1334,19306,19322,16,W
1338,19320,19322,2,W
1339,19334,19334,0,W
1340,19335,19336,1,E
1342,19348,19348,0,W
1343,19352,19352,0,E
1345,19362,19362,0,W
1347,19369,19370,1,E
1348,19376,19376,0,W
1344,19354,19380,26,N
1341,19341,19380,39,S
1346,19364,19382,18,S
1350,19387,19388,1,S
1351,19390,19390,0,N
1355,19410,19410,0,S
1358,19426,19426,0,N
1360,19433,19434,1,S
1349,19386,19440,54,E
1352,19390,19440,50,W
1353,19403,19440,37,E
1354,19404,19440,36,W
1357,19420,19440,20,E
1356,19418,19440,22,W
1361,19437,19442,5,E
1359,19432,19442,10,W
1362,19446,19446,0,W
1363,19454,19454,0,E
1365,19460,19460,0,W
1367,19471,19472,1,E
1368,19474,19474,0,W
1370,19488,19488,0,E
1371,19488,19488,0,W
1366,19462,19500,38,N
1364,19456,19500,44,S
1372,19498,19502,4,N
1369,19479,19502,23,S
1373,19502,19504,2,S
1378,19525,19526,1,S
1380,19534,19534,0,N
1383,19548,19548,0,S
1375,19505,19560,55,E
1374,19502,19560,58,W
1377,19522,19560,38,E
1376,19516,19560,44,W
1381,19539,19560,21,E
1379,19530,19560,30,W
1384,19556,19562,6,E
1382,19544,19562,18,W
1385,19558,19562,4,W
1388,19572,19572,0,W
1389,19573,19574,1,E
1390,19586,19586,0,W
1391,19590,19590,0,E
1393,19600,19600,0,W
1395,19607,19608,1,E
1396,19614,19614,0,W
1386,19570,19620,50,N
1387,19571,19620,49,S
1394,19606,19622,16,N
1392,19594,19622,28,S
1397,19617,19624,7,S
1400,19640,19640,0,S
1402,19642,19642,0,N
1406,19663,19664,1,S
1409,19678,19678,0,N
1398,19624,19680,56,E
1399,19628,19680,52,W
1401,19641,19680,39,E
1403,19642,19680,38,W
1405,19658,19680,22,E
1404,19656,19680,24,W
1408,19675,19682,7,E
1407,19670,19682,12,W
1410,19684,19684,0,W
1412,19692,19692,0,E
1413,19698,19698,0,W
1415,19709,19710,1,E
1416,19712,19712,0,W
1418,19726,19726,0,E
1419,19726,19726,0,W
1417,19714,19740,26,N
1411,19686,19740,54,S
1414,19709,19742,33,S
1420,19732,19744,12,S
1423,19750,19750,0,N
1425,19755,19756,1,S
1429,19778,19778,0,S
1431,19786,19786,0,N
1422,19743,19800,57,E
1421,19740,19800,60,W
1426,19760,19800,40,E
1424,19754,19800,46,W
1428,19777,19800,23,E
1427,19768,19800,32,W
1432,19794,19802,8,E
1430,19782,19802,20,W
1433,19796,19802,6,W
1435,19810,19810,0,W
1436,19811,19812,1,E
1439,19824,19824,0,W
1440,19828,19828,0,E
1441,19838,19838,0,W
1442,19845,19846,1,E
1444,19852,19852,0,W
1437,19822,19860,38,N
1434,19801,19860,59,S
1445,19858,19862,4,N
1438,19824,19862,38,S
1443,19847,19864,17,S
1448,19870,19870,0,S
1452,19894,19894,0,N
1451,19893,19894,1,S
1457,19916,19916,0,S
1446,19862,19920,58,E
1447,19866,19920,54,W
1449,19879,19920,41,E
1450,19880,19920,40,W
1454,19896,19920,24,E
1453,19894,19920,26,W
1456,19913,19922,9,E
1455,19908,19922,14,W
1458,19922,19922,0,W
1460,19930,19930,0,E
1461,19936,19936,0,W
1463,19947,19948,1,E
1464,19950,19950,0,W
1466,19964,19964,0,E
1467,19964,19964,0,W
1469,19978,19978,0,W
1459,19930,19980,50,N
1462,19939,19980,41,S
1468,19966,19982,16,N
1465,19962,19982,20,S
1471,19985,19986,1,S
1474,20002,20002,0,N
1476,20008,20008,0,S
1479,20031,20032,1,S
1482,20038,20038,0,N
1470,19981,20040,59,E
1472,19992,20040,48,W
1473,19998,20040,42,E
1475,20006,20040,34,W
1477,20015,20040,25,E
1478,20020,20040,20,W
1480,20032,20042,10,E
1481,20034,20042,8,W
1483,20048,20048,0,W
1484,20049,20050,1,E
1486,20062,20062,0,W
1487,20066,20066,0,E
1489,20076,20076,0,W
1491,20083,20084,1,E
1492,20090,20090,0,W
1488,20074,20100,26,N
1485,20054,20100,46,S
1490,20077,20102,25,S
1493,20100,20104,4,S
1496,20110,20110,0,N
1499,20123,20124,1,S
1502,20146,20146,0,N
1503,20146,20146,0,S
1494,20100,20160,60,E
1495,20104,20160,56,W
1497,20117,20160,43,E
1498,20118,20160,42,W
1501,20134,20160,26,E
1500,20132,20160,28,W
1505,20151,20162,11,E
1504,20146,20162,16,W
1506,20160,20162,2,W
1507,20168,20168,0,E
1509,20174,20174,0,W
1511,20185,20186,1,E
1512,20188,20188,0,W
1514,20202,20202,0,E
1515,20202,20202,0,W
1517,20216,20216,0,W
1510,20182,20220,38,N
1508,20169,20220,51,S
1518,20218,20222,4,N
1513,20192,20222,30,S
1516,20215,20224,9,S
1522,20238,20238,0,S
1525,20254,20254,0,N
1527,20261,20262,1,S
1519,20219,20280,61,E
1520,20230,20280,50,W
1521,20236,20280,44,E
1523,20244,20280,36,W
1524,20253,20280,27,E
1526,20258,20280,22,W
1528,20270,20282,12,E
1529,20272,20282,10,W
1531,20286,20286,0,W
1532,20287,20288,1,E
1534,20300,20300,0,W
1535,20304,20304,0,E
1537,20314,20314,0,W
1538,20321,20322,1,E
1540,20328,20328,0,W
1542,20338,20338,0,E
1533,20290,20340,50,N
1530,20284,20340,56,S
1539,20326,20342,16,N
1536,20307,20342,35,S
1541,20330,20344,14,S
1544,20353,20354,1,S
1547,20362,20362,0,N
1550,20376,20376,0,S
1553,20398,20398,0,N
1545,20355,20400,45,E
1543,20342,20400,58,W
1549,20372,20400,28,E
1546,20356,20400,44,W
1552,20389,20400,11,E
1548,20370,20400,30,W
1551,20384,20402,18,W
1554,20398,20402,4,W
1556,20406,20406,0,E
1557,20412,20412,0,W
1559,20423,20424,1,E
1560,20426,20426,0,W
1562,20440,20440,0,E
1563,20440,20440,0,W
1565,20454,20454,0,W
1566,20457,20458,1,E
1561,20434,20460,26,N
1555,20399,20460,61,S
1558,20422,20462,40,S
1564,20445,20464,19,S
1567,20468,20468,0,S
1569,20470,20470,0,N
1572,20491,20492,1,S
1575,20506,20506,0,N
1578,20514,20514,0,S
1570,20474,20520,46,E
1568,20468,20520,52,W
1573,20491,20520,29,E
1571,20482,20520,38,W
1576,20508,20520,12,E
1574,20496,20520,24,W
1577,20510,20522,12,W
1579,20524,20524,0,W
1580,20525,20526,1,E
1582,20538,20538,0,W
1584,20542,20542,0,E
1585,20552,20552,0,W
1586,20559,20560,1,E
1588,20566,20566,0,W
1589,20576,20576,0,E
1583,20542,20580,38,N
1581,20537,20580,43,S
1590,20578,20582,4,N
1587,20560,20582,22,S
1592,20583,20584,1,S
1595,20606,20606,0,S
1598,20614,20614,0,N
1601,20629,20630,1,S
1593,20593,20640,47,E
1591,20580,20640,60,W
1597,20610,20640,30,E
1594,20594,20640,46,W
1600,20627,20640,13,E
1596,20608,20640,32,W
1599,20622,20642,20,W
1602,20636,20642,6,W
1603,20644,20644,0,E
1605,20650,20650,0,W
1607,20661,20662,1,E
1608,20664,20664,0,W
1610,20678,20678,0,E
1611,20678,20678,0,W
1613,20692,20692,0,W
1614,20695,20696,1,E
1604,20650,20700,50,N
1606,20652,20700,48,S
1612,20686,20702,16,N
1609,20675,20702,27,S
1615,20698,20704,6,S
1620,20722,20722,0,N
1619,20721,20722,1,S
1623,20744,20744,0,S
1626,20758,20758,0,N
1617,20712,20760,48,E
1616,20706,20760,54,W
1621,20729,20760,31,E
1618,20720,20760,40,W
1624,20746,20760,14,E
1622,20734,20760,26,W
1625,20748,20762,14,W
1627,20762,20762,0,W
1628,20763,20764,1,E
1630,20776,20776,0,W
1631,20780,20780,0,E
1633,20790,20790,0,W
1635,20797,20798,1,E
1636,20804,20804,0,W
1638,20814,20814,0,E
1639,20818,20818,0,W
1634,20794,20820,26,N
1629,20767,20820,53,S
1632,20790,20822,32,S
1637,20813,20824,11,S
1640,20830,20830,0,N
1643,20836,20836,0,S
1646,20859,20860,1,S
1649,20866,20866,0,N
1641,20831,20880,49,E
1642,20832,20880,48,W
1645,20848,20880,32,E
1644,20846,20880,34,W
1648,20865,20880,15,E
1647,20860,20880,20,W
1652,20882,20882,0,E
1650,20874,20882,8,W
1653,20888,20888,0,W
1654,20899,20900,1,E
1656,20902,20902,0,W
1658,20916,20916,0,E
1659,20916,20916,0,W
1661,20930,20930,0,W
1662,20933,20934,1,E
1655,20902,20940,38,N
1651,20882,20940,58,S
1663,20938,20942,4,N
1657,20905,20942,37,S
1660,20928,20944,16,S
1666,20951,20952,1,S
1670,20974,20974,0,N
1671,20974,20974,0,S
1674,20997,20998,1,S
1665,20950,21000,50,E
1664,20944,21000,56,W
1668,20967,21000,33,E
1667,20958,21000,42,W
1672,20984,21000,16,E
1669,20972,21000,28,W
1676,21001,21002,1,E
1673,20986,21002,16,W
1675,21000,21002,2,W
1678,21014,21014,0,W
1679,21018,21018,0,E
1681,21028,21028,0,W
1682,21035,21036,1,E
1683,21042,21042,0,W
1686,21052,21052,0,E
1687,21056,21056,0,W
1677,21010,21060,50,N
1680,21020,21060,40,S
1685,21046,21062,16,N
1684,21043,21062,19,S
1688,21066,21066,0,S
1691,21082,21082,0,N
1694,21089,21090,1,S
1697,21112,21112,0,S
1699,21118,21118,0,N
1689,21069,21120,51,E
1690,21070,21120,50,W
1693,21086,21120,34,E
1692,21084,21120,36,W
1696,21103,21120,17,E
1695,21098,21120,22,W
1700,21120,21122,2,E
1698,21112,21122,10,W
1701,21126,21126,0,W
1703,21137,21138,1,E
1704,21140,21140,0,W
1706,21154,21154,0,E
1707,21154,21154,0,W
1709,21168,21168,0,W
1710,21171,21172,1,E
1705,21154,21180,26,N
1702,21135,21180,45,S
1708,21158,21182,24,S
1711,21181,21184,3,S
1714,21190,21190,0,N
1716,21204,21204,0,S
1721,21226,21226,0,N
1722,21227,21228,1,S
1713,21188,21240,52,E
1712,21182,21240,58,W
1717,21205,21240,35,E
1715,21196,21240,44,W
1719,21222,21240,18,E
1718,21210,21240,30,W
1724,21239,21242,3,E
1720,21224,21242,18,W
1723,21238,21242,4,W
1726,21252,21252,0,W
1727,21256,21256,0,E
1729,21266,21266,0,W
1731,21273,21274,1,E
1732,21280,21280,0,W
1733,21290,21290,0,E
1734,21294,21294,0,W
1728,21262,21300,38,N
1725,21250,21300,50,S
1736,21298,21302,4,N
1730,21273,21302,29,S
1735,21296,21304,8,S
1739,21319,21320,1,S
1742,21334,21334,0,N
1745,21342,21342,0,S
1737,21307,21360,53,E
1738,21308,21360,52,W
1741,21324,21360,36,E
1740,21322,21360,38,W
1744,21341,21360,19,E
1743,21336,21360,24,W
1747,21358,21362,4,E
1746,21350,21362,12,W
1748,21364,21364,0,W
1751,21375,21376,1,E
1752,21378,21378,0,W
1754,21392,21392,0,E
1755,21392,21392,0,W
1757,21406,21406,0,W
1758,21409,21410,1,E
1750,21370,21420,50,N
1749,21365,21420,55,S
1756,21406,21422,16,N
1753,21388,21422,34,S
1759,21411,21424,13,S
1762,21434,21434,0,S
1764,21442,21442,0,N
1767,21457,21458,1,S
1772,21478,21478,0,N
1761,21426,21480,54,E
1760,21420,21480,60,W
1765,21443,21480,37,E
1763,21434,21480,46,W
1768,21460,21480,20,E
1766,21448,21480,32,W
1771,21477,21482,5,E
1769,21462,21482,20,W
1770,21476,21482,6,W
1774,21490,21490,0,W
1775,21494,21494,0,E
1777,21504,21504,0,W
1778,21511,21512,1,E
1780,21518,21518,0,W
1782,21528,21528,0,E
1783,21532,21532,0,W
1779,21514,21540,26,N
1773,21480,21540,60,S
1776,21503,21542,39,S
1781,21526,21544,18,S
1787,21550,21550,0,N
1786,21549,21550,1,S
1790,21572,21572,0,S
1793,21586,21586,0,N
1795,21595,21596,1,S
1784,21545,21600,55,E
1785,21546,21600,54,W
1789,21562,21600,38,E
1788,21560,21600,40,W
1792,21579,21600,21,E
1791,21574,21600,26,W
1796,21596,21602,6,E
1794,21588,21602,14,W
1797,21602,21602,0,W
1798,21608,21608,0,W
1799,21613,21614,1,E
1800,21614,21614,0,W
1802,21620,21620,0,W
1803,21621,21622,1,E
1805,21626,21626,0,W
1807,21629,21630,1,E
1808,21632,21632,0,W
1809,21637,21638,1,E
1810,21638,21638,0,W
1813,21644,21644,0,W
1814,21645,21646,1,E
1815,21650,21650,0,W
1817,21653,21654,1,E
1819,21656,21656,0,W
1804,21622,21660,38,N
1801,21618,21660,42,S
1811,21639,21662,23,N
1806,21629,21662,33,S
1818,21656,21664,8,N
1812,21640,21664,24,S
1816,21651,21666,15,S
1821,21662,21668,6,S
1825,21673,21674,1,N
1826,21673,21674,1,S
1830,21684,21684,0,S
1833,21690,21690,0,N
1836,21695,21696,1,S
1840,21706,21706,0,S
1841,21707,21708,1,N
1845,21717,21718,1,S
1820,21661,21720,59,E
1822,21662,21720,58,W
1824,21669,21720,51,E
1823,21668,21720,52,W
1828,21677,21720,43,E
1827,21674,21720,46,W
1831,21685,21722,37,E
1829,21680,21722,42,W
1835,21693,21722,29,E
1832,21686,21722,36,W
1838,21701,21722,21,E
1834,21692,21722,30,W
1842,21709,21724,15,E
1837,21698,21724,26,W
1846,21717,21724,7,E
1839,21704,21724,20,W
1843,21710,21724,14,W
1849,21725,21726,1,E
1844,21716,21726,10,W
1847,21722,21726,4,W
1851,21728,21728,0,W
1852,21733,21734,1,E
1853,21734,21734,0,W
1855,21740,21740,0,W
1857,21741,21742,1,E
1858,21746,21746,0,W
1859,21749,21750,1,E
1861,21752,21752,0,W
1862,21757,21758,1,E
1864,21758,21758,0,W
1866,21764,21764,0,W
1867,21765,21766,1,E
1868,21770,21770,0,W
1870,21773,21774,1,E
1872,21776,21776,0,W
1848,21724,21780,56,N
1850,21728,21780,52,S
1856,21741,21782,41,N
1854,21739,21782,43,S
1863,21758,21784,26,N
1860,21750,21784,34,S
1871,21775,21786,11,N
1865,21761,21786,25,S
1869,21772,21788,16,S
1875,21783,21790,7,S
1878,21792,21792,0,N
1879,21794,21794,0,S
1883,21805,21806,1,S
1886,21809,21810,1,N
1889,21816,21816,0,S
1893,21826,21826,0,N
1894,21827,21828,1,S
1899,21838,21838,0,S
1873,21781,21840,59,E
1874,21782,21840,58,W
1877,21789,21840,51,E
1876,21788,21840,52,W
1881,21797,21840,43,E
1880,21794,21840,46,W
1884,21805,21842,37,E
1882,21800,21842,42,W
1888,21813,21842,29,E
1885,21806,21842,36,W
1891,21821,21842,21,E
1887,21812,21842,30,W
1895,21829,21844,15,E
1890,21818,21844,26,W
1898,21837,21844,7,E
1892,21824,21844,20,W
1896,21830,21844,14,W
1902,21845,21846,1,E
1897,21836,21846,10,W
1900,21842,21846,4,W
1903,21848,21848,0,W
1905,21853,21854,1,E
1906,21854,21854,0,W
1909,21860,21860,0,W
1910,21861,21862,1,E
1911,21866,21866,0,W
1912,21869,21870,1,E
1914,21872,21872,0,W
1916,21877,21878,1,E
1917,21878,21878,0,W
1919,21884,21884,0,W
1920,21885,21886,1,E
1921,21890,21890,0,W
1923,21893,21894,1,E
1925,21896,21896,0,W
1901,21843,21900,57,N
1904,21849,21900,51,S
1907,21860,21902,42,N
1908,21860,21902,42,S
1915,21877,21904,27,N
1913,21871,21904,33,S
1924,21894,21906,12,N
1918,21882,21906,24,S
1922,21893,21908,15,S
1928,21904,21910,6,S
1931,21911,21912,1,N
1933,21915,21916,1,S
1937,21926,21926,0,S
1939,21928,21928,0,N
1942,21937,21938,1,S
1946,21945,21946,1,N
1947,21948,21948,0,S
1926,21901,21960,59,E
1927,21902,21960,58,W
1930,21909,21960,51,E
1929,21908,21960,52,W
1934,21917,21960,43,E
1932,21914,21960,46,W
1936,21925,21962,37,E
1935,21920,21962,42,W
1941,21933,21962,29,E
1938,21926,21962,36,W
1944,21941,21962,21,E
1940,21932,21962,30,W
1948,21949,21964,15,E
1943,21938,21964,26,W
1951,21957,21964,7,E
1945,21944,21964,20,W
1949,21950,21964,14,W
1955,21965,21966,1,E
1950,21956,21966,10,W
1954,21962,21966,4,W
1956,21968,21968,0,W
1958,21973,21974,1,E
1959,21974,21974,0,W
1961,21980,21980,0,W
1963,21981,21982,1,E
1964,21986,21986,0,W
1965,21989,21990,1,E
1967,21992,21992,0,W
1969,21997,21998,1,E
1970,21998,21998,0,W
1972,22004,22004,0,W
1973,22005,22006,1,E
1974,22010,22010,0,W
1976,22013,22014,1,E
1978,22016,22016,0,W
1953,21962,22020,58,N
1952,21959,22020,61,S
1960,21979,22022,43,N
1957,21970,22022,52,S
1968,21996,22024,28,N
1962,21981,22024,43,S
1975,22013,22026,13,N
1966,21992,22026,34,S
1971,22003,22028,25,S
1984,22030,22030,0,N
1977,22014,22030,16,S
1981,22025,22032,7,S
1986,22036,22036,0,S
1991,22047,22048,1,N
1992,22047,22048,1,S
1995,22058,22058,0,S
1998,22064,22064,0,N
2000,22069,22070,1,S
1979,22021,22080,59,E
1980,22022,22080,58,W
1983,22029,22080,51,E
1982,22028,22080,52,W
1987,22037,22080,43,E
1985,22034,22080,46,W
1989,22045,22082,37,E
1988,22040,22082,42,W
1994,22053,22082,29,E
1990,22046,22082,36,W
1997,22061,22082,21,E
1993,22052,22082,30,W
2001,22069,22084,15,E
1996,22058,22084,26,W
2004,22077,22084,7,E
1999,22064,22084,20,W
2002,22070,22084,14,W
2008,22085,22086,1,E
2003,22076,22086,10,W
2007,22082,22086,4,W
2009,22088,22088,0,W
2011,22093,22094,1,E
2012,22094,22094,0,W
2014,22100,22100,0,W
2015,22101,22102,1,E
2017,22106,22106,0,W
2018,22109,22110,1,E
2019,22112,22112,0,W
2022,22117,22118,1,E
2023,22118,22118,0,W
2025,22124,22124,0,W
2026,22125,22126,1,E
2027,22130,22130,0,W
2029,22133,22134,1,E
2031,22136,22136,0,W
2006,22081,22140,59,N
2005,22080,22140,60,S
2013,22098,22142,44,N
2010,22091,22142,51,S
2021,22115,22144,29,N
2016,22102,22144,42,S
2028,22132,22146,14,N
2020,22113,22146,33,S
2024,22124,22148,24,S
2036,22149,22150,1,N
2030,22135,22150,15,S
2034,22146,22152,6,S
2039,22157,22158,1,S
2043,22166,22166,0,N
2045,22168,22168,0,S
2049,22179,22180,1,S
2051,22183,22184,1,N
2054,22190,22190,0,S
2032,22141,22200,59,E
2033,22142,22200,58,W
2037,22149,22200,51,E
2035,22148,22200,52,W
2040,22157,22200,43,E
2038,22154,22200,46,W
2042,22165,22202,37,E
2041,22160,22202,42,W
2047,22173,22202,29,E
2044,22166,22202,36,W
2050,22181,22202,21,E
2046,22172,22202,30,W
2053,22189,22204,15,E
2048,22178,22204,26,W
2057,22197,22204,7,E
2052,22184,22204,20,W
2055,22190,22204,14,W
2061,22205,22206,1,E
2056,22196,22206,10,W
2060,22202,22206,4,W
2062,22208,22208,0,W
2064,22213,22214,1,E
2065,22214,22214,0,W
2067,22220,22220,0,W
2068,22221,22222,1,E
2070,22226,22226,0,W
2071,22229,22230,1,E
2072,22232,22232,0,W
2075,22237,22238,1,E
2076,22238,22238,0,W
2077,22244,22244,0,W
2079,22245,22246,1,E
2080,22250,22250,0,W
2082,22253,22254,1,E
2084,22256,22256,0,W
2058,22200,22260,60,N
2059,22201,22260,59,S
2066,22217,22262,45,N
2063,22212,22262,50,S
2073,22234,22264,30,N
2069,22223,22264,41,S
2081,22251,22266,15,N
2074,22234,22266,32,S
2088,22268,22268,0,N
2078,22245,22268,23,S
2083,22256,22270,14,S
2087,22267,22272,5,S
2093,22278,22278,0,S
2095,22285,22286,1,N
2098,22289,22290,1,S
2102,22300,22300,0,S
2104,22302,22302,0,N
2108,22311,22312,1,S
2085,22261,22320,59,E
2086,22262,22320,58,W
2090,22269,22320,51,E
2089,22268,22320,52,W
2092,22277,22320,43,E
2091,22274,22320,46,W
2096,22285,22322,37,E
2094,22280,22322,42,W
2100,22293,22322,29,E
2097,22286,22322,36,W
2103,22301,22322,21,E
2099,22292,22322,30,W
2106,22309,22324,15,E
2101,22298,22324,26,W
2110,22317,22324,7,E
2105,22304,22324,20,W
2107,22310,22324,14,W
2114,22325,22326,1,E
2109,22316,22326,10,W
2113,22322,22326,4,W
2115,22328,22328,0,W
2117,22333,22334,1,E
2118,22334,22334,0,W
2120,22340,22340,0,W
2121,22341,22342,1,E
2123,22346,22346,0,W
2124,22349,22350,1,E
2125,22352,22352,0,W
2128,22357,22358,1,E
2129,22358,22358,0,W
2130,22364,22364,0,W
2131,22365,22366,1,E
2134,22370,22370,0,W
2135,22373,22374,1,E
2136,22376,22376,0,W
2111,22319,22380,61,N
2112,22322,22380,58,S
2119,22336,22382,46,N
2116,22333,22382,49,S
2126,22353,22384,31,N
2122,22344,22384,40,S
2133,22370,22386,16,N
2127,22355,22386,31,S
2140,22387,22388,1,N
2132,22366,22388,22,S
2137,22377,22390,13,S
2141,22388,22392,4,S
2146,22399,22400,1,S
2148,22404,22404,0,N
2151,22410,22410,0,S
2155,22421,22422,1,N
2156,22421,22422,1,S
2161,22432,22432,0,S
2164,22438,22438,0,N
2138,22381,22440,59,E
2139,22382,22440,58,W
2143,22389,22440,51,E
2142,22388,22440,52,W
2145,22397,22440,43,E
2144,22394,22440,46,W
2149,22405,22442,37,E
2147,22400,22442,42,W
2153,22413,22442,29,E
2150,22406,22442,36,W
2157,22421,22442,21,E
2152,22412,22442,30,W
2159,22429,22444,15,E
2154,22418,22444,26,W
2163,22437,22444,7,E
2158,22424,22444,20,W
2160,22430,22444,14,W
2167,22445,22446,1,E
2162,22436,22446,10,W
2165,22442,22446,4,W
2168,22448,22448,0,W
2169,22453,22454,1,E
2171,22454,22454,0,W
2173,22460,22460,0,W
2174,22461,22462,1,E
2176,22466,22466,0,W
2177,22469,22470,1,E
2179,22472,22472,0,W
2181,22477,22478,1,E
2182,22478,22478,0,W
2183,22484,22484,0,W
2184,22485,22486,1,E
2187,22490,22490,0,W
2188,22493,22494,1,E
2189,22496,22496,0,W
2172,22455,22500,45,N
2166,22443,22500,57,S
2178,22472,22502,30,N
2170,22454,22502,48,S
2186,22489,22504,15,N
2175,22465,22504,39,S
2193,22506,22506,0,N
2180,22476,22506,30,S
2185,22487,22508,21,S
2190,22498,22510,12,S
2195,22509,22512,3,S
2199,22520,22520,0,S
2201,22523,22524,1,N
2204,22531,22532,1,S
2208,22540,22540,0,N
2210,22542,22542,0,S
2214,22553,22554,1,S
2216,22557,22558,1,N
2191,22501,22560,59,E
2192,22502,22560,58,W
2196,22509,22560,51,E
2194,22508,22560,52,W
2198,22517,22560,43,E
2197,22514,22560,46,W
2202,22525,22562,37,E
2200,22520,22562,42,W
2206,22533,22562,29,E
2203,22526,22562,36,W
2209,22541,22562,21,E
2205,22532,22562,30,W
2212,22549,22564,15,E
2207,22538,22564,26,W
2217,22557,22564,7,E
2211,22544,22564,20,W
2213,22550,22564,14,W
2220,22565,22566,1,E
2215,22556,22566,10,W
2218,22562,22566,4,W
2221,22568,22568,0,W
2222,22573,22574,1,E
2224,22574,22574,0,W
2226,22580,22580,0,W
2227,22581,22582,1,E
2229,22586,22586,0,W
2230,22589,22590,1,E
2232,22592,22592,0,W
2234,22597,22598,1,E
2235,22598,22598,0,W
2236,22604,22604,0,W
2237,22605,22606,1,E
2240,22610,22610,0,W
2241,22613,22614,1,E
2242,22616,22616,0,W
2223,22574,22620,46,N
2219,22564,22620,56,S
2231,22591,22622,31,N
2225,22575,22622,47,S
2238,22608,22624,16,N
2228,22586,22624,38,S
2246,22625,22626,1,N
2233,22597,22626,29,S
2239,22608,22628,20,S
2243,22619,22630,11,S
2249,22630,22632,2,S
2254,22642,22642,0,N
2253,22641,22642,1,S
2257,22652,22652,0,S
2261,22659,22660,1,N
2263,22663,22664,1,S
2267,22674,22674,0,S
2268,22676,22676,0,N
2244,22621,22680,59,E
2245,22622,22680,58,W
2248,22629,22680,51,E
2247,22628,22680,52,W
2251,22637,22680,43,E
2250,22634,22680,46,W
2255,22645,22682,37,E
2252,22640,22682,42,W
2259,22653,22682,29,E
2256,22646,22682,36,W
2262,22661,22682,21,E
2258,22652,22682,30,W
2265,22669,22684,15,E
2260,22658,22684,26,W
2270,22677,22684,7,E
2264,22664,22684,20,W
2266,22670,22684,14,W
2273,22685,22686,1,E
2269,22676,22686,10,W
2271,22682,22686,4,W
2274,22688,22688,0,W
2276,22693,22694,1,E
2277,22694,22694,0,W
2279,22700,22700,0,W
2280,22701,22702,1,E
2281,22706,22706,0,W
2283,22709,22710,1,E
2285,22712,22712,0,W
2286,22717,22718,1,E
2288,22718,22718,0,W
2289,22724,22724,0,W
2290,22725,22726,1,E
2293,22730,22730,0,W
2294,22733,22734,1,E
2295,22736,22736,0,W
2275,22693,22740,47,N
2272,22685,22740,55,S
2284,22710,22742,32,N
2278,22696,22742,46,S
2291,22727,22744,17,N
2282,22707,22744,37,S
2299,22744,22746,2,N
2287,22718,22746,28,S
2292,22729,22748,19,S
2296,22740,22750,10,S
2302,22751,22752,1,S
2306,22761,22762,1,N
2307,22762,22762,0,S
2311,22773,22774,1,S
2313,22778,22778,0,N
2316,22784,22784,0,S
2320,22795,22796,1,N
2321,22795,22796,1,S
2297,22741,22800,59,E
2298,22742,22800,58,W
2301,22749,22800,51,E
2300,22748,22800,52,W
2304,22757,22800,43,E
2303,22754,22800,46,W
2308,22765,22802,37,E
2305,22760,22802,42,W
2312,22773,22802,29,E
2309,22766,22802,36,W
2315,22781,22802,21,E
2310,22772,22802,30,W
2318,22789,22804,15,E
2314,22778,22804,26,W
2323,22797,22804,7,E
2317,22784,22804,20,W
2319,22790,22804,14,W
2325,22805,22806,1,E
2322,22796,22806,10,W
2324,22802,22806,4,W
2327,22808,22808,0,W
2329,22813,22814,1,E
2330,22814,22814,0,W
2332,22820,22820,0,W
2333,22821,22822,1,E
2334,22826,22826,0,W
2337,22829,22830,1,E
2338,22832,22832,0,W
2339,22837,22838,1,E
2340,22838,22838,0,W
2342,22844,22844,0,W
2343,22845,22846,1,E
2346,22850,22850,0,W
2347,22853,22854,1,E
2348,22856,22856,0,W
2328,22812,22860,48,N
2326,22806,22860,54,S
2336,22829,22862,33,N
2331,22817,22862,45,S
2344,22846,22864,18,N
2335,22828,22864,36,S
2352,22863,22866,3,N
2341,22839,22866,27,S
2345,22850,22868,18,S
2349,22861,22870,9,S
2355,22872,22872,0,S
2358,22880,22880,0,N
2360,22883,22884,1,S
2365,22894,22894,0,S
2366,22897,22898,1,N
2370,22905,22906,1,S
2373,22914,22914,0,N
2374,22916,22916,0,S
2350,22861,22920,59,E
2351,22862,22920,58,W
2354,22869,22920,51,E
2353,22868,22920,52,W
2357,22877,22920,43,E
2356,22874,22920,46,W
2361,22885,22922,37,E
2359,22880,22922,42,W
2364,22893,22922,29,E
2362,22886,22922,36,W
2368,22901,22922,21,E
2363,22892,22922,30,W
2371,22909,22924,15,E
2367,22898,22924,26,W
2376,22917,22924,7,E
2369,22904,22924,20,W
2372,22910,22924,14,W
2378,22925,22926,1,E
2375,22916,22926,10,W
2377,22922,22926,4,W
2380,22928,22928,0,W
2382,22933,22934,1,E
2383,22934,22934,0,W
2385,22940,22940,0,W
2386,22941,22942,1,E
2387,22946,22946,0,W
2390,22949,22950,1,E
2391,22952,22952,0,W
2392,22957,22958,1,E
2393,22958,22958,0,W
2395,22964,22964,0,W
2397,22965,22966,1,E
2398,22970,22970,0,W
2400,22973,22974,1,E
2401,22976,22976,0,W
2381,22931,22980,49,N
2379,22927,22980,53,S
2388,22948,22982,34,N
2384,22938,22982,44,S
2396,22965,22984,19,N
2389,22949,22984,35,S
2403,22982,22986,4,N
2394,22960,22986,26,S
2399,22971,22988,17,S
2404,22982,22990,8,S
2408,22993,22994,1,S
2411,22999,23000,1,N
2413,23004,23004,0,S
2419,23016,23016,0,N
2418,23015,23016,1,S
2423,23026,23026,0,S
2426,23033,23034,1,N
2428,23037,23038,1,S
2402,22981,23040,59,E
2405,22982,23040,58,W
2407,22989,23040,51,E
2406,22988,23040,52,W
2410,22997,23040,43,E
2409,22994,23040,46,W
2414,23005,23042,37,E
2412,23000,23042,42,W
2417,23013,23042,29,E
2415,23006,23042,36,W
2421,23021,23042,21,E
2416,23012,23042,30,W
2424,23029,23044,15,E
2420,23018,23044,26,W
2429,23037,23044,7,E
2422,23024,23044,20,W
2425,23030,23044,14,W
2431,23045,23046,1,E
2427,23036,23046,10,W
2430,23042,23046,4,W
2433,23048,23048,0,W
2435,23053,23054,1,E
2436,23054,23054,0,W
2438,23060,23060,0,W
2439,23061,23062,1,E
2440,23066,23066,0,W
2442,23069,23070,1,E
2444,23072,23072,0,W
2445,23077,23078,1,E
2446,23078,23078,0,W
2449,23084,23084,0,W
2450,23085,23086,1,E
2451,23090,23090,0,W
2453,23093,23094,1,E
2454,23096,23096,0,W
2434,23050,23100,50,N
2432,23048,23100,52,S
2441,23067,23102,35,N
2437,23059,23102,43,S
2448,23084,23104,20,N
2443,23070,23104,34,S
2455,23101,23106,5,N
2447,23081,23106,25,S
2452,23092,23108,16,S
2458,23103,23110,7,S
2461,23114,23114,0,S
2464,23118,23118,0,N
2466,23125,23126,1,S
2471,23135,23136,1,N
2472,23136,23136,0,S
2476,23147,23148,1,S
2479,23152,23152,0,N
2482,23158,23158,0,S
2456,23101,23160,59,E
2457,23102,23160,58,W
2460,23109,23160,51,E
2459,23108,23160,52,W
2463,23117,23160,43,E
2462,23114,23160,46,W
2467,23125,23162,37,E
2465,23120,23162,42,W
2470,23133,23162,29,E
2468,23126,23162,36,W
2474,23141,23162,21,E
2469,23132,23162,30,W
2477,23149,23164,15,E
2473,23138,23164,26,W
2481,23157,23164,7,E
2475,23144,23164,20,W
2478,23150,23164,14,W
2484,23165,23166,1,E
2480,23156,23166,10,W
2483,23162,23166,4,W
2485,23168,23168,0,W
2488,23173,23174,1,E
2489,23174,23174,0,W
2491,23180,23180,0,W
2492,23181,23182,1,E
2494,23186,23186,0,W
2495,23189,23190,1,E
2497,23192,23192,0,W
2498,23197,23198,1,E
2499,23198,23198,0,W
2502,23204,23204,0,W
2503,23205,23206,1,E
2504,23210,23210,0,W
2506,23213,23214,1,E
2507,23216,23216,0,W
2486,23169,23220,51,N
2487,23169,23220,51,S
2493,23186,23222,36,N
2490,23180,23222,42,S
2501,23203,23224,21,N
2496,23191,23224,33,S
2508,23220,23226,6,N
2500,23202,23226,24,S
2505,23213,23228,15,S
2511,23224,23230,6,S
2515,23235,23236,1,S
2516,23237,23238,1,N
2520,23246,23246,0,S
2524,23254,23254,0,N
2525,23257,23258,1,S
2529,23268,23268,0,S
2532,23271,23272,1,N
2509,23221,23280,59,E
2510,23222,23280,58,W
2513,23229,23280,51,E
2512,23228,23280,52,W
2517,23237,23280,43,E
2514,23234,23280,46,W
2519,23245,23282,37,E
2518,23240,23282,42,W
2523,23253,23282,29,E
2521,23246,23282,36,W
2527,23261,23282,21,E
2522,23252,23282,30,W
2530,23269,23284,15,E
2526,23258,23284,26,W
2534,23277,23284,7,E
2528,23264,23284,20,W
2531,23270,23284,14,W
2537,23285,23286,1,E
2533,23276,23286,10,W
2536,23282,23286,4,W
2539,23288,23288,0,W
2541,23293,23294,1,E
2542,23294,23294,0,W
2543,23300,23300,0,W
2545,23301,23302,1,E
2547,23306,23306,0,W
2548,23309,23310,1,E
2550,23312,23312,0,W
2551,23317,23318,1,E
2552,23318,23318,0,W
2555,23324,23324,0,W
2556,23325,23326,1,E
2557,23330,23330,0,W
2558,23333,23334,1,E
2560,23336,23336,0,W
2538,23288,23340,52,N
2535,23279,23340,61,S
2546,23305,23342,37,N
2540,23290,23342,52,S
2553,23322,23344,22,N
2544,23301,23344,43,S
2561,23339,23346,7,N
2549,23312,23346,34,S
2554,23323,23348,25,S
2559,23334,23350,16,S
2564,23345,23352,7,S
2568,23356,23356,0,N
2569,23356,23356,0,S
2574,23367,23368,1,S
2576,23373,23374,1,N
2578,23378,23378,0,S
2584,23390,23390,0,N
2582,23389,23390,1,S
2562,23341,23400,59,E
2563,23342,23400,58,W
2566,23349,23400,51,E
2565,23348,23400,52,W
2570,23357,23400,43,E
2567,23354,23400,46,W
2572,23365,23402,37,E
2571,23360,23402,42,W
2577,23373,23402,29,E
2573,23366,23402,36,W
2580,23381,23402,21,E
2575,23372,23402,30,W
2583,23389,23404,15,E
2579,23378,23404,26,W
2587,23397,23404,7,E
2581,23384,23404,20,W
2585,23390,23404,14,W
2590,23405,23406,1,E
2586,23396,23406,10,W
2589,23402,23406,4,W
2592,23408,23408,0,W
2594,23413,23414,1,E
2595,23414,23414,0,W
2596,23420,23420,0,W
2597,23421,23422,1,E
2600,23426,23426,0,W
2601,23429,23430,1,E
2602,23432,23432,0,W
2604,23437,23438,1,E
2605,23438,23438,0,W
2608,23444,23444,0,W
2609,23445,23446,1,E
2610,23450,23450,0,W
2611,23453,23454,1,E
2613,23456,23456,0,W
2591,23407,23460,53,N
2588,23400,23460,60,S
2599,23424,23462,38,N
2593,23411,23462,51,S
2606,23441,23464,23,N
2598,23422,23464,42,S
2614,23458,23466,8,N
2603,23433,23466,33,S
2607,23444,23468,24,S
2612,23455,23470,15,S
2617,23466,23472,6,S
2621,23475,23476,1,N
2622,23477,23478,1,S
2627,23488,23488,0,S
2628,23492,23492,0,N
2632,23499,23500,1,S
2635,23509,23510,1,N
2637,23510,23510,0,S
2615,23461,23520,59,E
2616,23462,23520,58,W
2619,23469,23520,51,E
2618,23468,23520,52,W
2623,23477,23520,43,E
2620,23474,23520,46,W
2625,23485,23522,37,E
2624,23480,23522,42,W
2630,23493,23522,29,E
2626,23486,23522,36,W
2633,23501,23522,21,E
2629,23492,23522,30,W
2636,23509,23524,15,E
2631,23498,23524,26,W
2640,23517,23524,7,E
2634,23504,23524,20,W
2638,23510,23524,14,W
2643,23525,23526,1,E
2639,23516,23526,10,W
2642,23522,23526,4,W
2645,23528,23528,0,W
2647,23533,23534,1,E
2648,23534,23534,0,W
2649,23540,23540,0,W
2650,23541,23542,1,E
2653,23546,23546,0,W
2654,23549,23550,1,E
2655,23552,23552,0,W
2657,23557,23558,1,E
2658,23558,23558,0,W
2660,23564,23564,0,W
2662,23565,23566,1,E
2663,23570,23570,0,W
2664,23573,23574,1,E
2666,23576,23576,0,W
2644,23526,23580,54,N
2641,23521,23580,59,S
2651,23543,23582,39,N
2646,23532,23582,50,S
2659,23560,23584,24,N
2652,23543,23584,41,S
2667,23577,23586,9,N
2656,23554,23586,32,S
2661,23565,23588,23,S
2665,23576,23590,14,S
2670,23587,23592,5,S
2673,23594,23594,0,N
2676,23598,23598,0,S
2680,23609,23610,1,S
2681,23611,23612,1,N
2685,23620,23620,0,S
2688,23628,23628,0,N
2691,23631,23632,1,S
2668,23581,23640,59,E
2669,23582,23640,58,W
2672,23589,23640,51,E
2671,23588,23640,52,W
2675,23597,23640,43,E
2674,23594,23640,46,W
2678,23605,23642,37,E
2677,23600,23642,42,W
2683,23613,23642,29,E
2679,23606,23642,36,W
2686,23621,23642,21,E
2682,23612,23642,30,W
2689,23629,23644,15,E
2684,23618,23644,26,W
2693,23637,23644,7,E
2687,23624,23644,20,W
2690,23630,23644,14,W
2697,23645,23646,1,E
2692,23636,23646,10,W
2695,23642,23646,4,W
2698,23648,23648,0,W
2700,23653,23654,1,E
2701,23654,23654,0,W
2702,23660,23660,0,W
2703,23661,23662,1,E
2706,23666,23666,0,W
2707,23669,23670,1,E
2708,23672,23672,0,W
2710,23677,23678,1,E
2711,23678,23678,0,W
2713,23684,23684,0,W
2714,23685,23686,1,E
2716,23690,23690,0,W
2717,23693,23694,1,E
2719,23696,23696,0,W
2696,23645,23700,55,N
2694,23642,23700,58,S
2704,23662,23702,40,N
2699,23653,23702,49,S
2712,23679,23704,25,N
2705,23664,23704,40,S
2718,23696,23706,10,N
2709,23675,23706,31,S
2715,23686,23708,22,S
2720,23697,23710,13,S
2723,23708,23712,4,S
2726,23713,23714,1,N
2729,23719,23720,1,S
2733,23730,23730,0,N
2734,23730,23730,0,S
2738,23741,23742,1,S
2741,23747,23748,1,N
2744,23752,23752,0,S
2721,23701,23760,59,E
2722,23702,23760,58,W
2725,23709,23760,51,E
2724,23708,23760,52,W
2728,23717,23760,43,E
2727,23714,23760,46,W
2731,23725,23762,37,E
2730,23720,23762,42,W
2736,23733,23762,29,E
2732,23726,23762,36,W
2739,23741,23762,21,E
2735,23732,23762,30,W
2742,23749,23764,15,E
2737,23738,23764,26,W
2746,23757,23764,7,E
2740,23744,23764,20,W
2743,23750,23764,14,W
2750,23765,23766,1,E
2745,23756,23766,10,W
2747,23762,23766,4,W
2751,23768,23768,0,W
2752,23773,23774,1,E
2754,23774,23774,0,W
2755,23780,23780,0,W
2757,23781,23782,1,E
2759,23786,23786,0,W
2760,23789,23790,1,E
2761,23792,23792,0,W
2763,23797,23798,1,E
2765,23798,23798,0,W
2766,23804,23804,0,W
2767,23805,23806,1,E
2769,23810,23810,0,W
2770,23813,23814,1,E
2772,23816,23816,0,W
2749,23764,23820,56,N
2748,23763,23820,57,S
2756,23781,23822,41,N
2753,23774,23822,48,S
2764,23798,23824,26,N
2758,23785,23824,39,S
2771,23815,23826,11,N
2762,23796,23826,30,S
2768,23807,23828,21,S
2773,23818,23830,12,S
2779,23832,23832,0,N
2777,23829,23832,3,S
2782,23840,23840,0,S
2786,23849,23850,1,N
2787,23851,23852,1,S
2792,23862,23862,0,S
2794,23866,23866,0,N
2797,23873,23874,1,S
2774,23821,23880,59,E
2775,23822,23880,58,W
2778,23829,23880,51,E
2776,23828,23880,52,W
2781,23837,23880,43,E
2780,23834,23880,46,W
2784,23845,23882,37,E
2783,23840,23882,42,W
2789,23853,23882,29,E
2785,23846,23882,36,W
2791,23861,23882,21,E
2788,23852,23882,30,W
2795,23869,23884,15,E
2790,23858,23884,26,W
2799,23877,23884,7,E
2793,23864,23884,20,W
2796,23870,23884,14,W
2803,23885,23886,1,E
2798,23876,23886,10,W
2800,23882,23886,4,W
2804,23888,23888,0,W
2805,23893,23894,1,E
2806,23894,23894,0,W
2809,23900,23900,0,W
2810,23901,23902,1,E
2812,23906,23906,0,W
2813,23909,23910,1,E
2814,23912,23912,0,W
2817,23917,23918,1,E
2818,23918,23918,0,W
2819,23924,23924,0,W
2820,23925,23926,1,E
2822,23930,23930,0,W
2823,23933,23934,1,E
2825,23936,23936,0,W
2801,23883,23940,57,N
2802,23884,23940,56,S
2808,23900,23942,42,N
2807,23895,23942,47,S
2815,23917,23944,27,N
2811,23906,23944,38,S
2824,23934,23946,12,N
2816,23917,23946,29,S
2821,23928,23948,20,S
2826,23939,23950,11,S
2832,23951,23952,1,N
2831,23950,23952,2,S
2836,23961,23962,1,S
2839,23968,23968,0,N
2840,23972,23972,0,S
2845,23983,23984,1,S
2847,23985,23986,1,N
2850,23994,23994,0,S
2827,23941,24000,59,E
2828,23942,24000,58,W
2830,23949,24000,51,E
2829,23948,24000,52,W
2834,23957,24000,43,E
2833,23954,24000,46,W
2837,23965,24002,37,E
2835,23960,24002,42,W
2842,23973,24002,29,E
2838,23966,24002,36,W
2844,23981,24002,21,E
2841,23972,24002,30,W
2848,23989,24004,15,E
2843,23978,24004,26,W
2852,23997,24004,7,E
2846,23984,24004,20,W
2849,23990,24004,14,W
2856,24005,24006,1,E
2851,23996,24006,10,W
2854,24002,24006,4,W
2857,24008,24008,0,W
2858,24013,24014,1,E
2859,24014,24014,0,W
2862,24020,24020,0,W
2863,24021,24022,1,E
2864,24026,24026,0,W
2866,24029,24030,1,E
2867,24032,24032,0,W
2869,24037,24038,1,E
2871,24038,24038,0,W
2872,24044,24044,0,W
2873,24045,24046,1,E
2875,24050,24050,0,W
2877,24053,24054,1,E
2878,24056,24056,0,W
2853,24002,24060,58,N
2855,24005,24060,55,S
2861,24019,24062,43,N
2860,24016,24062,46,S
2868,24036,24064,28,N
2865,24027,24064,37,S
2876,24053,24066,13,N
2870,24038,24066,28,S
2874,24049,24068,19,S
2884,24070,24070,0,N
2879,24060,24070,10,S
2885,24071,24072,1,S
2889,24082,24082,0,S
2892,24087,24088,1,N
2894,24093,24094,1,S
2898,24104,24104,0,N
2899,24104,24104,0,S
2903,24115,24116,1,S
2880,24061,24120,59,E
2881,24062,24120,58,W
2883,24069,24120,51,E
2882,24068,24120,52,W
2887,24077,24120,43,E
2886,24074,24120,46,W
2890,24085,24122,37,E
2888,24080,24122,42,W
2895,24093,24122,29,E
2891,24086,24122,36,W
2897,24101,24122,21,E
2893,24092,24122,30,W
2901,24109,24124,15,E
2896,24098,24124,26,W
2905,24117,24124,7,E
2900,24104,24124,20,W
2902,24110,24124,14,W
2908,24125,24126,1,E
2904,24116,24126,10,W
2907,24122,24126,4,W
2910,24128,24128,0,W
2911,24133,24134,1,E
2912,24134,24134,0,W
2915,24140,24140,0,W
2916,24141,24142,1,E
2917,24146,24146,0,W
2919,24149,24150,1,E
2920,24152,24152,0,W
2922,24157,24158,1,E
2923,24158,24158,0,W
2925,24164,24164,0,W
2926,24165,24166,1,E
2928,24170,24170,0,W
2930,24173,24174,1,E
2931,24176,24176,0,W
2906,24121,24180,59,N
2909,24126,24180,54,S
2914,24138,24182,44,N
2913,24137,24182,45,S
2921,24155,24184,29,N
2918,24148,24184,36,S
2929,24172,24186,14,N
2924,24159,24186,27,S
2927,24170,24188,18,S
2936,24189,24190,1,N
2932,24181,24190,9,S
2938,24192,24192,0,S
2942,24203,24204,1,S
2944,24206,24206,0,N
2948,24214,24214,0,S
2951,24223,24224,1,N
2953,24225,24226,1,S
2956,24236,24236,0,S
2933,24181,24240,59,E
2934,24182,24240,58,W
2937,24189,24240,51,E
2935,24188,24240,52,W
2940,24197,24240,43,E
2939,24194,24240,46,W
2943,24205,24242,37,E
2941,24200,24242,42,W
2947,24213,24242,29,E
2945,24206,24242,36,W
2950,24221,24242,21,E
2946,24212,24242,30,W
2954,24229,24244,15,E
2949,24218,24244,26,W
2958,24237,24244,7,E
2952,24224,24244,20,W
2955,24230,24244,14,W
2961,24245,24246,1,E
2957,24236,24246,10,W
2960,24242,24246,4,W
2963,24248,24248,0,W
2964,24253,24254,1,E
2965,24254,24254,0,W
2968,24260,24260,0,W
2969,24261,24262,1,E
2970,24266,24266,0,W
2972,24269,24270,1,E
2973,24272,24272,0,W
2975,24277,24278,1,E
2976,24278,24278,0,W
2978,24284,24284,0,W
2979,24285,24286,1,E
2980,24290,24290,0,W
2983,24293,24294,1,E
2984,24296,24296,0,W
2959,24240,24300,60,N
2962,24247,24300,53,S
2966,24257,24302,45,N
2967,24258,24302,44,S
2974,24274,24304,30,N
2971,24269,24304,35,S
2981,24291,24306,15,N
2977,24280,24306,26,S
2988,24308,24308,0,N
2982,24291,24308,17,S
2986,24302,24310,8,S
2991,24313,24314,1,S
2995,24324,24324,0,S
2996,24325,24326,1,N
3001,24335,24336,1,S
3004,24342,24342,0,N
3006,24346,24346,0,S
3010,24357,24358,1,S
2985,24301,24360,59,E
2987,24302,24360,58,W
2990,24309,24360,51,E
2989,24308,24360,52,W
2993,24317,24360,43,E
2992,24314,24360,46,W
2997,24325,24362,37,E
2994,24320,24362,42,W
3000,24333,24362,29,E
2998,24326,24362,36,W
3003,24341,24362,21,E
2999,24332,24362,30,W
3007,24349,24364,15,E
3002,24338,24364,26,W
3011,24357,24364,7,E
3005,24344,24364,20,W
3008,24350,24364,14,W
3014,24365,24366,1,E
3009,24356,24366,10,W
3013,24362,24366,4,W
3016,24368,24368,0,W
3017,24373,24374,1,E
3018,24374,24374,0,W
3021,24380,24380,0,W
3022,24381,24382,1,E
3023,24386,24386,0,W
3024,24389,24390,1,E
3026,24392,24392,0,W
3028,24397,24398,1,E
3029,24398,24398,0,W
3031,24404,24404,0,W
3032,24405,24406,1,E
3034,24410,24410,0,W
3036,24413,24414,1,E
3037,24416,24416,0,W
3012,24359,24420,61,N
3015,24368,24420,52,S
3019,24376,24422,46,N
3020,24379,24422,43,S
3027,24393,24424,31,N
3025,24390,24424,34,S
3033,24410,24426,16,N
3030,24401,24426,25,S
3041,24427,24428,1,N
3035,24412,24428,16,S
3040,24423,24430,7,S
3044,24434,24434,0,S
3048,24444,24444,0,N
3049,24445,24446,1,S
3054,24456,24456,0,S
3056,24461,24462,1,N
3059,24467,24468,1,S
3064,24478,24478,0,N
3065,24478,24478,0,S
3038,24421,24480,59,E
3039,24422,24480,58,W
3043,24429,24480,51,E
3042,24428,24480,52,W
3046,24437,24480,43,E
3045,24434,24480,46,W
3050,24445,24482,37,E
3047,24440,24482,42,W
3053,24453,24482,29,E
3051,24446,24482,36,W
3057,24461,24482,21,E
3052,24452,24482,30,W
3060,24469,24484,15,E
3055,24458,24484,26,W
3063,24477,24484,7,E
3058,24464,24484,20,W
3061,24470,24484,14,W
3067,24485,24486,1,E
3062,24476,24486,10,W
3066,24482,24486,4,W
3068,24488,24488,0,W
3070,24493,24494,1,E
3071,24494,24494,0,W
3074,24500,24500,0,W
3075,24501,24502,1,E
3076,24506,24506,0,W
3077,24509,24510,1,E
3080,24512,24512,0,W
3081,24517,24518,1,E
3082,24518,24518,0,W
3084,24524,24524,0,W
3085,24525,24526,1,E
3087,24530,24530,0,W
3089,24533,24534,1,E
3090,24536,24536,0,W
3072,24495,24540,45,N
3069,24489,24540,51,S
3079,24512,24542,30,N
3073,24500,24542,42,S
3086,24529,24544,15,N
3078,24511,24544,33,S
3094,24546,24546,0,N
3083,24522,24546,24,S
3088,24533,24548,15,S
3093,24544,24550,6,S
3098,24555,24556,1,S
3101,24563,24564,1,N
3103,24566,24566,0,S
3107,24577,24578,1,S
3109,24580,24580,0,N
3112,24588,24588,0,S
3116,24597,24598,1,N
3091,24541,24600,59,E
3092,24542,24600,58,W
3096,24549,24600,51,E
3095,24548,24600,52,W
3099,24557,24600,43,E
3097,24554,24600,46,W
3102,24565,24602,37,E
3100,24560,24602,42,W
3106,24573,24602,29,E
3104,24566,24602,36,W
3110,24581,24602,21,E
3105,24572,24602,30,W
3113,24589,24604,15,E
3108,24578,24604,26,W
3117,24597,24604,7,E
3111,24584,24604,20,W
3114,24590,24604,14,W
3120,24605,24606,1,E
3115,24596,24606,10,W
3119,24602,24606,4,W
3121,24608,24608,0,W
3123,24613,24614,1,E
3125,24614,24614,0,W
3126,24620,24620,0,W
3128,24621,24622,1,E
3129,24626,24626,0,W
3130,24629,24630,1,E
3133,24632,24632,0,W
3134,24637,24638,1,E
3135,24638,24638,0,W
3137,24644,24644,0,W
3138,24645,24646,1,E
3140,24650,24650,0,W
3141,24653,24654,1,E
3143,24656,24656,0,W
3124,24614,24660,46,N
3118,24599,24660,61,S
3131,24631,24662,31,N
3122,24610,24662,52,S
3139,24648,24664,16,N
3127,24621,24664,43,S
3146,24665,24666,1,N
3132,24632,24666,34,S
3136,24643,24668,25,S
3142,24654,24670,16,S
3147,24665,24672,7,S
3151,24676,24676,0,S
3154,24682,24682,0,N
3157,24687,24688,1,S
3160,24698,24698,0,S
3162,24699,24700,1,N
3165,24709,24710,1,S
3168,24716,24716,0,N
3144,24661,24720,59,E
3145,24662,24720,58,W
3149,24669,24720,51,E
3148,24668,24720,52,W
3152,24677,24720,43,E
3150,24674,24720,46,W
3155,24685,24722,37,E
3153,24680,24722,42,W
3159,24693,24722,29,E
3156,24686,24722,36,W
3163,24701,24722,21,E
3158,24692,24722,30,W
3166,24709,24724,15,E
3161,24698,24724,26,W
3170,24717,24724,7,E
3164,24704,24724,20,W
3167,24710,24724,14,W
3173,24725,24726,1,E
3169,24716,24726,10,W
3172,24722,24726,4,W
3174,24728,24728,0,W
3177,24733,24734,1,E
3178,24734,24734,0,W
3179,24740,24740,0,W
3180,24741,24742,1,E
3182,24746,24746,0,W
3183,24749,24750,1,E
3185,24752,24752,0,W
3187,24757,24758,1,E
3188,24758,24758,0,W
3190,24764,24764,0,W
3191,24765,24766,1,E
3193,24770,24770,0,W
3194,24773,24774,1,E
3196,24776,24776,0,W
3176,24733,24780,47,N
3171,24720,24780,60,S
3184,24750,24782,32,N
3175,24731,24782,51,S
3192,24767,24784,17,N
3181,24742,24784,42,S
3199,24784,24786,2,N
3186,24753,24786,33,S
3189,24764,24788,24,S
3195,24775,24790,15,S
3200,24786,24792,6,S
3204,24797,24798,1,S
3207,24801,24802,1,N
3210,24808,24808,0,S
3213,24818,24818,0,N
3215,24819,24820,1,S
3219,24830,24830,0,S
3221,24835,24836,1,N
3197,24781,24840,59,E
3198,24782,24840,58,W
3202,24789,24840,51,E
3201,24788,24840,52,W
3205,24797,24840,43,E
3203,24794,24840,46,W
3208,24805,24842,37,E
3206,24800,24842,42,W
3212,24813,24842,29,E
3209,24806,24842,36,W
3216,24821,24842,21,E
3211,24812,24842,30,W
3218,24829,24844,15,E
3214,24818,24844,26,W
3223,24837,24844,7,E
3217,24824,24844,20,W
3220,24830,24844,14,W
3226,24845,24846,1,E
3222,24836,24846,10,W
3225,24842,24846,4,W
3227,24848,24848,0,W
3230,24853,24854,1,E
3231,24854,24854,0,W
3232,24860,24860,0,W
3233,24861,24862,1,E
3235,24866,24866,0,W
3237,24869,24870,1,E
3238,24872,24872,0,W
3240,24877,24878,1,E
3241,24878,24878,0,W
3242,24884,24884,0,W
3244,24885,24886,1,E
3246,24890,24890,0,W
3247,24893,24894,1,E
3249,24896,24896,0,W
3228,24852,24900,48,N
3224,24841,24900,59,S
3236,24869,24902,33,N
3229,24852,24902,50,S
3245,24886,24904,18,N
3234,24863,24904,41,S
3252,24903,24906,3,N
3239,24874,24906,32,S
3243,24885,24908,23,S
3248,24896,24910,14,S
3253,24907,24912,5,S
3258,24918,24918,0,S
3259,24920,24920,0,N
3263,24929,24930,1,S
3266,24937,24938,1,N
3268,24940,24940,0,S
3273,24951,24952,1,S
3274,24954,24954,0,N
3250,24901,24960,59,E
3251,24902,24960,58,W
3255,24909,24960,51,E
3254,24908,24960,52,W
3257,24917,24960,43,E
3256,24914,24960,46,W
3261,24925,24962,37,E
3260,24920,24962,42,W
3265,24933,24962,29,E
3262,24926,24962,36,W
3269,24941,24962,21,E
3264,24932,24962,30,W
3271,24949,24964,15,E
3267,24938,24964,26,W
3276,24957,24964,7,E
3270,24944,24964,20,W
3272,24950,24964,14,W
3279,24965,24966,1,E
3275,24956,24966,10,W
3278,24962,24966,4,W
3280,24968,24968,0,W
3283,24973,24974,1,E
3284,24974,24974,0,W
3285,24980,24980,0,W
3286,24981,24982,1,E
3288,24986,24986,0,W
3290,24989,24990,1,E
3291,24992,24992,0,W
3293,24997,24998,1,E
3294,24998,24998,0,W
3295,25004,25004,0,W
3297,25005,25006,1,E
3299,25010,25010,0,W
3300,25013,25014,1,E
3301,25016,25016,0,W
3281,24971,25020,49,N
3277,24962,25020,58,S
3289,24988,25022,34,N
3282,24973,25022,49,S
3296,25005,25024,19,N
3287,24984,25024,40,S
3304,25022,25026,4,N
3292,24995,25026,31,S
3298,25006,25028,22,S
3302,25017,25030,13,S
3306,25028,25032,4,S
3311,25039,25040,1,N
3312,25039,25040,1,S
3316,25050,25050,0,S
3319,25056,25056,0,N
3321,25061,25062,1,S
3326,25072,25072,0,S
3327,25073,25074,1,N
3303,25021,25080,59,E
3305,25022,25080,58,W
3308,25029,25080,51,E
3307,25028,25080,52,W
3310,25037,25080,43,E
3309,25034,25080,46,W
3314,25045,25082,37,E
3313,25040,25082,42,W
3318,25053,25082,29,E
3315,25046,25082,36,W
3322,25061,25082,21,E
3317,25052,25082,30,W
3324,25069,25084,15,E
3320,25058,25084,26,W
3329,25077,25084,7,E
3323,25064,25084,20,W
3325,25070,25084,14,W
3332,25085,25086,1,E
3328,25076,25086,10,W
3330,25082,25086,4,W
3333,25088,25088,0,W
3335,25093,25094,1,E
3337,25094,25094,0,W
3338,25100,25100,0,W
3339,25101,25102,1,E
3341,25106,25106,0,W
3343,25109,25110,1,E
3344,25112,25112,0,W
3346,25117,25118,1,E
3347,25118,25118,0,W
3349,25124,25124,0,W
3350,25125,25126,1,E
3352,25130,25130,0,W
3353,25133,25134,1,E
3354,25136,25136,0,W
3334,25090,25140,50,N
3331,25083,25140,57,S
3342,25107,25142,35,N
3336,25094,25142,48,S
3348,25124,25144,20,N
3340,25105,25144,39,S
3356,25141,25146,5,N
3345,25116,25146,30,S
3351,25127,25148,21,S
3355,25138,25150,12,S
3360,25149,25152,3,S
3364,25158,25158,0,N
3365,25160,25160,0,S
3369,25171,25172,1,S
3372,25175,25176,1,N
3375,25182,25182,0,S
3379,25192,25192,0,N
3380,25193,25194,1,S
3357,25141,25200,59,E
3358,25142,25200,58,W
3361,25149,25200,51,E
3359,25148,25200,52,W
3363,25157,25200,43,E
3362,25154,25200,46,W
3367,25165,25202,37,E
3366,25160,25202,42,W
3371,25173,25202,29,E
3368,25166,25202,36,W
3374,25181,25202,21,E
3370,25172,25202,30,W
3377,25189,25204,15,E
3373,25178,25204,26,W
3382,25197,25204,7,E
3376,25184,25204,20,W
3378,25190,25204,14,W
3385,25205,25206,1,E
3381,25196,25206,10,W
3383,25202,25206,4,W
3386,25207,25208,1,W
3388,25211,25212,1,E
3390,25212,25212,0,W
3391,25217,25218,1,E
3392,25217,25218,1,W
3395,25222,25222,0,W
3396,25223,25224,1,E
3397,25227,25228,1,W
3399,25229,25230,1,E
3400,25232,25232,0,W
3402,25235,25236,1,E
3404,25237,25238,1,W
3405,25241,25242,1,E
3406,25242,25242,0,W
3409,25247,25248,1,E
3410,25247,25248,1,W
3412,25252,25252,0,W
3413,25253,25254,1,E
3415,25257,25258,1,W
3387,25209,25260,51,N
3384,25204,25260,56,S
3394,25221,25262,41,N
3389,25212,25262,50,S
3401,25233,25264,31,N
3393,25220,25264,44,S
3408,25245,25266,21,N
3398,25228,25266,38,S
3414,25257,25268,11,N
3403,25236,25268,32,S
3422,25269,25270,1,N
3407,25244,25270,26,S
3411,25252,25272,20,S
3417,25260,25274,14,S
3421,25268,25276,8,S
3425,25276,25278,2,S
3428,25281,25282,1,N
3431,25284,25284,0,S
3434,25292,25292,0,S
3436,25293,25294,1,N
3439,25300,25300,0,S
3442,25305,25306,1,N
3445,25308,25308,0,S
3448,25316,25316,0,S
3449,25317,25318,1,N
3416,25259,25320,61,E
3418,25262,25320,58,W
3419,25265,25320,55,E
3420,25267,25320,53,W
3423,25271,25320,49,E
3424,25272,25320,48,W
3426,25277,25322,45,E
3427,25277,25322,45,W
3430,25283,25322,39,E
3429,25282,25322,40,W
3433,25289,25322,33,E
3432,25287,25322,35,W
3437,25295,25324,29,E
3435,25292,25324,32,W
3440,25301,25324,23,E
3438,25297,25324,27,W
3443,25307,25324,17,E
3441,25302,25324,22,W
3447,25313,25326,13,E
3444,25307,25326,19,W
3451,25319,25326,7,E
3446,25312,25326,14,W
3454,25325,25326,1,E
3450,25317,25326,9,W
3452,25322,25328,6,W
3455,25327,25328,1,W
3457,25331,25332,1,E
3459,25332,25332,0,W
3460,25337,25338,1,E
3461,25337,25338,1,W
3464,25342,25342,0,W
3465,25343,25344,1,E
3466,25347,25348,1,W
3468,25349,25350,1,E
3469,25352,25352,0,W
3471,25355,25356,1,E
3473,25357,25358,1,W
3474,25361,25362,1,E
3475,25362,25362,0,W
3478,25367,25368,1,E
3479,25367,25368,1,W
3481,25372,25372,0,W
3482,25373,25374,1,E
3484,25377,25378,1,W
3456,25329,25380,51,N
3453,25324,25380,56,S
3463,25341,25382,41,N
3458,25332,25382,50,S
3470,25353,25384,31,N
3462,25340,25384,44,S
3477,25365,25386,21,N
3467,25348,25386,38,S
3483,25377,25388,11,N
3472,25356,25388,32,S
3491,25389,25390,1,N
3476,25364,25390,26,S
3480,25372,25392,20,S
3486,25380,25394,14,S
3490,25388,25396,8,S
3494,25396,25398,2,S
3497,25401,25402,1,N
3500,25404,25404,0,S
3503,25412,25412,0,S
3505,25413,25414,1,N
3508,25420,25420,0,S
3511,25425,25426,1,N
3514,25428,25428,0,S
3517,25436,25436,0,S
3518,25437,25438,1,N
3485,25379,25440,61,E
3487,25382,25440,58,W
3488,25385,25440,55,E
3489,25387,25440,53,W
3492,25391,25440,49,E
3493,25392,25440,48,W
3495,25397,25442,45,E
3496,25397,25442,45,W
3499,25403,25442,39,E
3498,25402,25442,40,W
3502,25409,25442,33,E
3501,25407,25442,35,W
3506,25415,25444,29,E
3504,25412,25444,32,W
3509,25421,25444,23,E
3507,25417,25444,27,W
3512,25427,25444,17,E
3510,25422,25444,22,W
3516,25433,25446,13,E
3513,25427,25446,19,W
3520,25439,25446,7,E
3515,25432,25446,14,W
3523,25445,25446,1,E
3519,25437,25446,9,W
3521,25442,25448,6,W
3524,25447,25448,1,W
3526,25451,25452,1,E
3528,25452,25452,0,W
3529,25457,25458,1,E
3530,25457,25458,1,W
3533,25462,25462,0,W
3534,25463,25464,1,E
3535,25467,25468,1,W
3537,25469,25470,1,E
3538,25472,25472,0,W
3540,25475,25476,1,E
3542,25477,25478,1,W
3543,25481,25482,1,E
3544,25482,25482,0,W
3547,25487,25488,1,E
3548,25487,25488,1,W
3550,25492,25492,0,W
3551,25493,25494,1,E
3553,25497,25498,1,W
3525,25449,25500,51,N
3522,25444,25500,56,S
3532,25461,25502,41,N
3527,25452,25502,50,S
3539,25473,25504,31,N
3531,25460,25504,44,S
3546,25485,25506,21,N
3536,25468,25506,38,S
3552,25497,25508,11,N
3541,25476,25508,32,S
3560,25509,25510,1,N
3545,25484,25510,26,S
3549,25492,25512,20,S
3555,25500,25514,14,S
3559,25508,25516,8,S
3563,25516,25518,2,S
3566,25521,25522,1,N
3569,25524,25524,0,S
3572,25532,25532,0,S
3574,25533,25534,1,N
3577,25540,25540,0,S
3580,25545,25546,1,N
3583,25548,25548,0,S
3586,25556,25556,0,S
3587,25557,25558,1,N
3554,25499,25560,61,E
3556,25502,25560,58,W
3557,25505,25560,55,E
3558,25507,25560,53,W
3561,25511,25560,49,E
3562,25512,25560,48,W
3564,25517,25562,45,E
3565,25517,25562,45,W
3568,25523,25562,39,E
3567,25522,25562,40,W
3571,25529,25562,33,E
3570,25527,25562,35,W
3575,25535,25564,29,E
3573,25532,25564,32,W
3578,25541,25564,23,E
3576,25537,25564,27,W
3581,25547,25564,17,E
3579,25542,25564,22,W
3585,25553,25566,13,E
3582,25547,25566,19,W
3589,25559,25566,7,E
3584,25552,25566,14,W
3592,25565,25566,1,E
3588,25557,25566,9,W
3590,25562,25568,6,W
3593,25567,25568,1,W
3595,25571,25572,1,E
3597,25572,25572,0,W
3598,25577,25578,1,E
3599,25577,25578,1,W
3602,25582,25582,0,W
3603,25583,25584,1,E
3604,25587,25588,1,W
3606,25589,25590,1,E
3607,25592,25592,0,W
3609,25595,25596,1,E
3611,25597,25598,1,W
3612,25601,25602,1,E
3613,25602,25602,0,W
3616,25607,25608,1,E
3617,25607,25608,1,W
3619,25612,25612,0,W
3620,25613,25614,1,E
3622,25617,25618,1,W
3594,25569,25620,51,N
3591,25564,25620,56,S
3601,25581,25622,41,N
3596,25572,25622,50,S
3608,25593,25624,31,N
3600,25580,25624,44,S
3615,25605,25626,21,N
3605,25588,25626,38,S
3621,25617,25628,11,N
3610,25596,25628,32,S
3629,25629,25630,1,N
3614,25604,25630,26,S
3618,25612,25632,20,S
3624,25620,25634,14,S
3628,25628,25636,8,S
3632,25636,25638,2,S
3635,25641,25642,1,N
3638,25644,25644,0,S
3641,25652,25652,0,S
3643,25653,25654,1,N
3646,25660,25660,0,S
3649,25665,25666,1,N
3652,25668,25668,0,S
3655,25676,25676,0,S
3656,25677,25678,1,N
3623,25619,25680,61,E
3625,25622,25680,58,W
3626,25625,25680,55,E
3627,25627,25680,53,W
3630,25631,25680,49,E
3631,25632,25680,48,W
3633,25637,25682,45,E
3634,25637,25682,45,W
3637,25643,25682,39,E
3636,25642,25682,40,W
3640,25649,25682,33,E
3639,25647,25682,35,W
3644,25655,25684,29,E
3642,25652,25684,32,W
3647,25661,25684,23,E
3645,25657,25684,27,W
3650,25667,25684,17,E
3648,25662,25684,22,W
3654,25673,25686,13,E
3651,25667,25686,19,W
3658,25679,25686,7,E
3653,25672,25686,14,W
3661,25685,25686,1,E
3657,25677,25686,9,W
3659,25682,25688,6,W
3662,25687,25688,1,W
3664,25691,25692,1,E
3666,25692,25692,0,W
3667,25697,25698,1,E
3668,25697,25698,1,W
3671,25702,25702,0,W
3672,25703,25704,1,E
3673,25707,25708,1,W
3675,25709,25710,1,E
3676,25712,25712,0,W
3678,25715,25716,1,E
3680,25717,25718,1,W
3681,25721,25722,1,E
3682,25722,25722,0,W
3685,25727,25728,1,E
3686,25727,25728,1,W
3688,25732,25732,0,W
3689,25733,25734,1,E
3691,25737,25738,1,W
3663,25689,25740,51,N
3660,25684,25740,56,S
3670,25701,25742,41,N
3665,25692,25742,50,S
3677,25713,25744,31,N
3669,25700,25744,44,S
3684,25725,25746,21,N
3674,25708,25746,38,S
3690,25737,25748,11,N
3679,25716,25748,32,S
3698,25749,25750,1,N
3683,25724,25750,26,S
3687,25732,25752,20,S
3693,25740,25754,14,S
3697,25748,25756,8,S
3701,25756,25758,2,S
3704,25761,25762,1,N
3707,25764,25764,0,S
3710,25772,25772,0,S
3712,25773,25774,1,N
3715,25780,25780,0,S
3718,25785,25786,1,N
3721,25788,25788,0,S
3724,25796,25796,0,S
3725,25797,25798,1,N
3692,25739,25800,61,E
3694,25742,25800,58,W
3695,25745,25800,55,E
3696,25747,25800,53,W
3699,25751,25800,49,E
3700,25752,25800,48,W
3702,25757,25802,45,E
3703,25757,25802,45,W
3706,25763,25802,39,E
3705,25762,25802,40,W
3709,25769,25802,33,E
3708,25767,25802,35,W
3713,25775,25804,29,E
3711,25772,25804,32,W
3716,25781,25804,23,E
3714,25777,25804,27,W
3719,25787,25804,17,E
3717,25782,25804,22,W
3723,25793,25806,13,E
3720,25787,25806,19,W
3727,25799,25806,7,E
3722,25792,25806,14,W
3730,25805,25806,1,E
3726,25797,25806,9,W
3728,25802,25808,6,W
3731,25807,25808,1,W
3733,25811,25812,1,E
3735,25812,25812,0,W
3736,25817,25818,1,E
3737,25817,25818,1,W
3740,25822,25822,0,W
3741,25823,25824,1,E
3742,25827,25828,1,W
3744,25829,25830,1,E
3745,25832,25832,0,W
3747,25835,25836,1,E
3749,25837,25838,1,W
3750,25841,25842,1,E
3751,25842,25842,0,W
3754,25847,25848,1,E
3755,25847,25848,1,W
3757,25852,25852,0,W
3758,25853,25854,1,E
3760,25857,25858,1,W
3732,25809,25860,51,N
3729,25804,25860,56,S
3739,25821,25862,41,N
3734,25812,25862,50,S
3746,25833,25864,31,N
3738,25820,25864,44,S
3753,25845,25866,21,N
3743,25828,25866,38,S
3759,25857,25868,11,N
3748,25836,25868,32,S
3767,25869,25870,1,N
3752,25844,25870,26,S
3756,25852,25872,20,S
3762,25860,25874,14,S
3766,25868,25876,8,S
3770,25876,25878,2,S
3773,25881,25882,1,N
3776,25884,25884,0,S
3779,25892,25892,0,S
3781,25893,25894,1,N
3784,25900,25900,0,S
3787,25905,25906,1,N
3790,25908,25908,0,S
3793,25916,25916,0,S
3794,25917,25918,1,N
3761,25859,25920,61,E
3763,25862,25920,58,W
3764,25865,25920,55,E
3765,25867,25920,53,W
3768,25871,25920,49,E
3769,25872,25920,48,W
3771,25877,25922,45,E
3772,25877,25922,45,W
3775,25883,25922,39,E
3774,25882,25922,40,W
3778,25889,25922,33,E
3777,25887,25922,35,W
3782,25895,25924,29,E
3780,25892,25924,32,W
3785,25901,25924,23,E
3783,25897,25924,27,W
3788,25907,25924,17,E
3786,25902,25924,22,W
3792,25913,25926,13,E
3789,25907,25926,19,W
3796,25919,25926,7,E
3791,25912,25926,14,W
3799,25925,25926,1,E
3795,25917,25926,9,W
3797,25922,25928,6,W
3800,25927,25928,1,W
3802,25931,25932,1,E
3804,25932,25932,0,W
3805,25937,25938,1,E
3806,25937,25938,1,W
3809,25942,25942,0,W
3810,25943,25944,1,E
3811,25947,25948,1,W
3813,25949,25950,1,E
3814,25952,25952,0,W
3816,25955,25956,1,E
3818,25957,25958,1,W
3819,25961,25962,1,E
3820,25962,25962,0,W
3823,25967,25968,1,E
3824,25967,25968,1,W
3826,25972,25972,0,W
3827,25973,25974,1,E
3829,25977,25978,1,W
3801,25929,25980,51,N
3798,25924,25980,56,S
3808,25941,25982,41,N
3803,25932,25982,50,S
3815,25953,25984,31,N
3807,25940,25984,44,S
3822,25965,25986,21,N
3812,25948,25986,38,S
3828,25977,25988,11,N
3817,25956,25988,32,S
3836,25989,25990,1,N
3821,25964,25990,26,S
3825,25972,25992,20,S
3831,25980,25994,14,S
3835,25988,25996,8,S
3839,25996,25998,2,S
3842,26001,26002,1,N
3845,26004,26004,0,S
3848,26012,26012,0,S
3850,26013,26014,1,N
3853,26020,26020,0,S
3856,26025,26026,1,N
3859,26028,26028,0,S
3862,26036,26036,0,S
3863,26037,26038,1,N
3830,25979,26040,61,E
3832,25982,26040,58,W
3833,25985,26040,55,E
3834,25987,26040,53,W
3837,25991,26040,49,E
3838,25992,26040,48,W
3840,25997,26042,45,E
3841,25997,26042,45,W
3844,26003,26042,39,E
3843,26002,26042,40,W
3847,26009,26042,33,E
3846,26007,26042,35,W
3851,26015,26044,29,E
3849,26012,26044,32,W
3854,26021,26044,23,E
3852,26017,26044,27,W
3857,26027,26044,17,E
3855,26022,26044,22,W
3861,26033,26046,13,E
3858,26027,26046,19,W
3865,26039,26046,7,E
3860,26032,26046,14,W
3868,26045,26046,1,E
3864,26037,26046,9,W
3866,26042,26048,6,W
3869,26047,26048,1,W
3871,26051,26052,1,E
3873,26052,26052,0,W
3874,26057,26058,1,E
3875,26057,26058,1,W
3878,26062,26062,0,W
3879,26063,26064,1,E
3880,26067,26068,1,W
3882,26069,26070,1,E
3883,26072,26072,0,W
3885,26075,26076,1,E
3887,26077,26078,1,W
3888,26081,26082,1,E
3889,26082,26082,0,W
3892,26087,26088,1,E
3893,26087,26088,1,W
3895,26092,26092,0,W
3896,26093,26094,1,E
3898,26097,26098,1,W
3870,26049,26100,51,N
3867,26044,26100,56,S
3877,26061,26102,41,N
3872,26052,26102,50,S
3884,26073,26104,31,N
3876,26060,26104,44,S
3891,26085,26106,21,N
3881,26068,26106,38,S
3897,26097,26108,11,N
3886,26076,26108,32,S
3905,26109,26110,1,N
3890,26084,26110,26,S
3894,26092,26112,20,S
3900,26100,26114,14,S
3904,26108,26116,8,S
3908,26116,26118,2,S
3911,26121,26122,1,N
3914,26124,26124,0,S
3917,26132,26132,0,S
3919,26133,26134,1,N
3922,26140,26140,0,S
3925,26145,26146,1,N
3928,26148,26148,0,S
3931,26156,26156,0,S
3932,26157,26158,1,N
3899,26099,26160,61,E
3901,26102,26160,58,W
3902,26105,26160,55,E
3903,26107,26160,53,W
3906,26111,26160,49,E
3907,26112,26160,48,W
3909,26117,26162,45,E
3910,26117,26162,45,W
3913,26123,26162,39,E
3912,26122,26162,40,W
3916,26129,26162,33,E
3915,26127,26162,35,W
3920,26135,26164,29,E
3918,26132,26164,32,W
3923,26141,26164,23,E
3921,26137,26164,27,W
3926,26147,26164,17,E
3924,26142,26164,22,W
3930,26153,26166,13,E
3927,26147,26166,19,W
3934,26159,26166,7,E
3929,26152,26166,14,W
3937,26165,26166,1,E
3933,26157,26166,9,W
3935,26162,26168,6,W
3938,26167,26168,1,W
3940,26171,26172,1,E
3942,26172,26172,0,W
3943,26177,26178,1,E
3944,26177,26178,1,W
3947,26182,26182,0,W
3948,26183,26184,1,E
3949,26187,26188,1,W
3951,26189,26190,1,E
3952,26192,26192,0,W
3954,26195,26196,1,E
3956,26197,26198,1,W
3957,26201,26202,1,E
3958,26202,26202,0,W
3961,26207,26208,1,E
3962,26207,26208,1,W
3964,26212,26212,0,W
3965,26213,26214,1,E
3967,26217,26218,1,W
3939,26169,26220,51,N
3936,26164,26220,56,S
3946,26181,26222,41,N
3941,26172,26222,50,S
3953,26193,26224,31,N
3945,26180,26224,44,S
3960,26205,26226,21,N
3950,26188,26226,38,S
3966,26217,26228,11,N
3955,26196,26228,32,S
3974,26229,26230,1,N
3959,26204,26230,26,S
3963,26212,26232,20,S
3969,26220,26234,14,S
3973,26228,26236,8,S
3977,26236,26238,2,S
3980,26241,26242,1,N
3983,26244,26244,0,S
3986,26252,26252,0,S
3988,26253,26254,1,N
3991,26260,26260,0,S
3994,26265,26266,1,N
3997,26268,26268,0,S
4000,26276,26276,0,S
4001,26277,26278,1,N
3968,26219,26280,61,E
3970,26222,26280,58,W
3971,26225,26280,55,E
3972,26227,26280,53,W
3975,26231,26280,49,E
3976,26232,26280,48,W
3978,26237,26282,45,E
3979,26237,26282,45,W
3982,26243,26282,39,E
3981,26242,26282,40,W
3985,26249,26282,33,E
3984,26247,26282,35,W
3989,26255,26284,29,E
3987,26252,26284,32,W
3992,26261,26284,23,E
3990,26257,26284,27,W
3995,26267,26284,17,E
3993,26262,26284,22,W
3999,26273,26286,13,E
3996,26267,26286,19,W
4003,26279,26286,7,E
3998,26272,26286,14,W
4006,26285,26286,1,E
4002,26277,26286,9,W
4004,26282,26288,6,W
4007,26287,26288,1,W
4009,26291,26292,1,E
4011,26292,26292,0,W
4012,26297,26298,1,E
4013,26297,26298,1,W
4016,26302,26302,0,W
4017,26303,26304,1,E
4018,26307,26308,1,W
4020,26309,26310,1,E
4021,26312,26312,0,W
4023,26315,26316,1,E
4025,26317,26318,1,W
4026,26321,26322,1,E
4027,26322,26322,0,W
4030,26327,26328,1,E
4031,26327,26328,1,W
4033,26332,26332,0,W
4034,26333,26334,1,E
4036,26337,26338,1,W
4008,26289,26340,51,N
4005,26284,26340,56,S
4015,26301,26342,41,N
4010,26292,26342,50,S
4022,26313,26344,31,N
4014,26300,26344,44,S
4029,26325,26346,21,N
4019,26308,26346,38,S
4035,26337,26348,11,N
4024,26316,26348,32,S
4043,26349,26350,1,N
4028,26324,26350,26,S
4032,26332,26352,20,S
4038,26340,26354,14,S
4042,26348,26356,8,S
4046,26356,26358,2,S
4049,26361,26362,1,N
4052,26364,26364,0,S
4055,26372,26372,0,S
4057,26373,26374,1,N
4060,26380,26380,0,S
4063,26385,26386,1,N
4066,26388,26388,0,S
4069,26396,26396,0,S
4070,26397,26398,1,N
4037,26339,26400,61,E
4039,26342,26400,58,W
4040,26345,26400,55,E
4041,26347,26400,53,W
4044,26351,26400,49,E
4045,26352,26400,48,W
4047,26357,26402,45,E
4048,26357,26402,45,W
4051,26363,26402,39,E
4050,26362,26402,40,W
4054,26369,26402,33,E
4053,26367,26402,35,W
4058,26375,26404,29,E
4056,26372,26404,32,W
4061,26381,26404,23,E
4059,26377,26404,27,W
4064,26387,26404,17,E
4062,26382,26404,22,W
4068,26393,26406,13,E
4065,26387,26406,19,W
4072,26399,26406,7,E
4067,26392,26406,14,W
4075,26405,26406,1,E
4071,26397,26406,9,W
4073,26402,26408,6,W
4076,26407,26408,1,W
4078,26411,26412,1,E
4080,26412,26412,0,W
4081,26417,26418,1,E
4082,26417,26418,1,W
4085,26422,26422,0,W
4086,26423,26424,1,E
4087,26427,26428,1,W
4089,26429,26430,1,E
4090,26432,26432,0,W
4092,26435,26436,1,E
4094,26437,26438,1,W
4095,26441,26442,1,E
4096,26442,26442,0,W
4099,26447,26448,1,E
4100,26447,26448,1,W
4102,26452,26452,0,W
4103,26453,26454,1,E
4105,26457,26458,1,W
4077,26409,26460,51,N
4074,26404,26460,56,S
4084,26421,26462,41,N
4079,26412,26462,50,S
4091,26433,26464,31,N
4083,26420,26464,44,S
4098,26445,26466,21,N
4088,26428,26466,38,S
4104,26457,26468,11,N
4093,26436,26468,32,S
4112,26469,26470,1,N
4097,26444,26470,26,S
4101,26452,26472,20,S
4107,26460,26474,14,S
4111,26468,26476,8,S
4115,26476,26478,2,S
4118,26481,26482,1,N
4121,26484,26484,0,S
4124,26492,26492,0,S
4126,26493,26494,1,N
4129,26500,26500,0,S
4132,26505,26506,1,N
4135,26508,26508,0,S
4138,26516,26516,0,S
4139,26517,26518,1,N
4106,26459,26520,61,E
4108,26462,26520,58,W
4109,26465,26520,55,E
4110,26467,26520,53,W
4113,26471,26520,49,E
4114,26472,26520,48,W
4116,26477,26522,45,E
4117,26477,26522,45,W
4120,26483,26522,39,E
4119,26482,26522,40,W
4123,26489,26522,33,E
4122,26487,26522,35,W
4127,26495,26524,29,E
4125,26492,26524,32,W
4130,26501,26524,23,E
4128,26497,26524,27,W
4133,26507,26524,17,E
4131,26502,26524,22,W
4137,26513,26526,13,E
4134,26507,26526,19,W
4141,26519,26526,7,E
4136,26512,26526,14,W
4144,26525,26526,1,E
4140,26517,26526,9,W
4142,26522,26528,6,W
4145,26527,26528,1,W
4147,26531,26532,1,E
4149,26532,26532,0,W
4150,26537,26538,1,E
4151,26537,26538,1,W
4154,26542,26542,0,W
4155,26543,26544,1,E
4156,26547,26548,1,W
4158,26549,26550,1,E
4159,26552,26552,0,W
4161,26555,26556,1,E
4163,26557,26558,1,W
4164,26561,26562,1,E
4165,26562,26562,0,W
4168,26567,26568,1,E
4169,26567,26568,1,W
4171,26572,26572,0,W
4172,26573,26574,1,E
4174,26577,26578,1,W
4146,26529,26580,51,N
4143,26524,26580,56,S
4153,26541,26582,41,N
4148,26532,26582,50,S
4160,26553,26584,31,N
4152,26540,26584,44,S
4167,26565,26586,21,N
4157,26548,26586,38,S
4173,26577,26588,11,N
4162,26556,26588,32,S
4181,26589,26590,1,N
4166,26564,26590,26,S
4170,26572,26592,20,S
4176,26580,26594,14,S
4180,26588,26596,8,S
4184,26596,26598,2,S
4187,26601,26602,1,N
4190,26604,26604,0,S
4193,26612,26612,0,S
4195,26613,26614,1,N
4198,26620,26620,0,S
4201,26625,26626,1,N
4204,26628,26628,0,S
4207,26636,26636,0,S
4208,26637,26638,1,N
4175,26579,26640,61,E
4177,26582,26640,58,W
4178,26585,26640,55,E
4179,26587,26640,53,W
4182,26591,26640,49,E
4183,26592,26640,48,W
4185,26597,26642,45,E
4186,26597,26642,45,W
4189,26603,26642,39,E
4188,26602,26642,40,W
4192,26609,26642,33,E
4191,26607,26642,35,W
4196,26615,26644,29,E
4194,26612,26644,32,W
4199,26621,26644,23,E
4197,26617,26644,27,W
4202,26627,26644,17,E
4200,26622,26644,22,W
4206,26633,26646,13,E
4203,26627,26646,19,W
4210,26639,26646,7,E
4205,26632,26646,14,W
4213,26645,26646,1,E
4209,26637,26646,9,W
4211,26642,26648,6,W
4214,26647,26648,1,W
4216,26651,26652,1,E
4218,26652,26652,0,W
4219,26657,26658,1,E
4220,26657,26658,1,W
4223,26662,26662,0,W
4224,26663,26664,1,E
4225,26667,26668,1,W
4227,26669,26670,1,E
4228,26672,26672,0,W
4230,26675,26676,1,E
4232,26677,26678,1,W
4233,26681,26682,1,E
4234,26682,26682,0,W
4237,26687,26688,1,E
4238,26687,26688,1,W
4240,26692,26692,0,W
4241,26693,26694,1,E
4243,26697,26698,1,W
4215,26649,26700,51,N
4212,26644,26700,56,S
4222,26661,26702,41,N
4217,26652,26702,50,S
4229,26673,26704,31,N
4221,26660,26704,44,S
4236,26685,26706,21,N
4226,26668,26706,38,S
4242,26697,26708,11,N
4231,26676,26708,32,S
4250,26709,26710,1,N
4235,26684,26710,26,S
4239,26692,26712,20,S
4245,26700,26714,14,S
4249,26708,26716,8,S
4253,26716,26718,2,S
4256,26721,26722,1,N
4259,26724,26724,0,S
4262,26732,26732,0,S
4264,26733,26734,1,N
4267,26740,26740,0,S
4270,26745,26746,1,N
4273,26748,26748,0,S
4276,26756,26756,0,S
4277,26757,26758,1,N
4244,26699,26760,61,E
4246,26702,26760,58,W
4247,26705,26760,55,E
4248,26707,26760,53,W
4251,26711,26760,49,E
4252,26712,26760,48,W
4254,26717,26762,45,E
4255,26717,26762,45,W
4258,26723,26762,39,E
4257,26722,26762,40,W
4261,26729,26762,33,E
4260,26727,26762,35,W
4265,26735,26764,29,E
4263,26732,26764,32,W
4268,26741,26764,23,E
4266,26737,26764,27,W
4271,26747,26764,17,E
4269,26742,26764,22,W
4275,26753,26766,13,E
4272,26747,26766,19,W
4279,26759,26766,7,E
4274,26752,26766,14,W
4282,26765,26766,1,E
4278,26757,26766,9,W
4280,26762,26768,6,W
4283,26767,26768,1,W
4285,26771,26772,1,E
4287,26772,26772,0,W
4288,26777,26778,1,E
4289,26777,26778,1,W
4292,26782,26782,0,W
4293,26783,26784,1,E
4294,26787,26788,1,W
4296,26789,26790,1,E
4297,26792,26792,0,W
4299,26795,26796,1,E
4301,26797,26798,1,W
4302,26801,26802,1,E
4303,26802,26802,0,W
4306,26807,26808,1,E
4307,26807,26808,1,W
4309,26812,26812,0,W
4310,26813,26814,1,E
4312,26817,26818,1,W
4284,26769,26820,51,N
4281,26764,26820,56,S
4291,26781,26822,41,N
4286,26772,26822,50,S
4298,26793,26824,31,N
4290,26780,26824,44,S
4305,26805,26826,21,N
4295,26788,26826,38,S
4311,26817,26828,11,N
4300,26796,26828,32,S
4319,26829,26830,1,N
4304,26804,26830,26,S
4308,26812,26832,20,S
4314,26820,26834,14,S
4318,26828,26836,8,S
4322,26836,26838,2,S
4325,26841,26842,1,N
4328,26844,26844,0,S
4331,26852,26852,0,S
4333,26853,26854,1,N
4336,26860,26860,0,S
4339,26865,26866,1,N
4342,26868,26868,0,S
4345,26876,26876,0,S
4346,26877,26878,1,N
4313,26819,26880,61,E
4315,26822,26880,58,W
4316,26825,26880,55,E
4317,26827,26880,53,W
4320,26831,26880,49,E
4321,26832,26880,48,W
4323,26837,26882,45,E
4324,26837,26882,45,W
4327,26843,26882,39,E
4326,26842,26882,40,W
4330,26849,26882,33,E
4329,26847,26882,35,W
4334,26855,26884,29,E
4332,26852,26884,32,W
4337,26861,26884,23,E
4335,26857,26884,27,W
4340,26867,26884,17,E
4338,26862,26884,22,W
4344,26873,26886,13,E
4341,26867,26886,19,W
4348,26879,26886,7,E
4343,26872,26886,14,W
4351,26885,26886,1,E
4347,26877,26886,9,W
4349,26882,26888,6,W
4352,26887,26888,1,W
4354,26891,26892,1,E
4356,26892,26892,0,W
4357,26897,26898,1,E
4358,26897,26898,1,W
4361,26902,26902,0,W
4362,26903,26904,1,E
4363,26907,26908,1,W
4365,26909,26910,1,E
4366,26912,26912,0,W
4368,26915,26916,1,E
4370,26917,26918,1,W
4371,26921,26922,1,E
4372,26922,26922,0,W
4375,26927,26928,1,E
4376,26927,26928,1,W
4378,26932,26932,0,W
4379,26933,26934,1,E
4381,26937,26938,1,W
4353,26889,26940,51,N
4350,26884,26940,56,S
4360,26901,26942,41,N
4355,26892,26942,50,S
4367,26913,26944,31,N
4359,26900,26944,44,S
4374,26925,26946,21,N
4364,26908,26946,38,S
4380,26937,26948,11,N
4369,26916,26948,32,S
4388,26949,26950,1,N
4373,26924,26950,26,S
4377,26932,26952,20,S
4383,26940,26954,14,S
4387,26948,26956,8,S
4391,26956,26958,2,S
4394,26961,26962,1,N
4397,26964,26964,0,S
4400,26972,26972,0,S
4402,26973,26974,1,N
4405,26980,26980,0,S
4408,26985,26986,1,N
4411,26988,26988,0,S
4414,26996,26996,0,S
4415,26997,26998,1,N
4382,26939,27000,61,E
4384,26942,27000,58,W
4385,26945,27000,55,E
4386,26947,27000,53,W
4389,26951,27000,49,E
4390,26952,27000,48,W
4392,26957,27002,45,E
4393,26957,27002,45,W
4396,26963,27002,39,E
4395,26962,27002,40,W
4399,26969,27002,33,E
4398,26967,27002,35,W
4403,26975,27004,29,E
4401,26972,27004,32,W
4406,26981,27004,23,E
4404,26977,27004,27,W
4409,26987,27004,17,E
4407,26982,27004,22,W
4413,26993,27006,13,E
4410,26987,27006,19,W
4417,26999,27006,7,E
4412,26992,27006,14,W
4420,27005,27006,1,E
4416,26997,27006,9,W
4418,27002,27008,6,W
4421,27007,27008,1,W
4423,27011,27012,1,E
4425,27012,27012,0,W
4426,27017,27018,1,E
4427,27017,27018,1,W
4430,27022,27022,0,W
4431,27023,27024,1,E
4432,27027,27028,1,W
4434,27029,27030,1,E
4435,27032,27032,0,W
4437,27035,27036,1,E
4439,27037,27038,1,W
4440,27041,27042,1,E
4441,27042,27042,0,W
4444,27047,27048,1,E
4445,27047,27048,1,W
4447,27052,27052,0,W
4448,27053,27054,1,E
4450,27057,27058,1,W
4422,27009,27060,51,N
4419,27004,27060,56,S
4429,27021,27062,41,N
4424,27012,27062,50,S
4436,27033,27064,31,N
4428,27020,27064,44,S
4443,27045,27066,21,N
4433,27028,27066,38,S
4449,27057,27068,11,N
4438,27036,27068,32,S
4457,27069,27070,1,N
4442,27044,27070,26,S
4446,27052,27072,20,S
4452,27060,27074,14,S
4456,27068,27076,8,S
4460,27076,27078,2,S
4463,27081,27082,1,N
4466,27084,27084,0,S
4469,27092,27092,0,S
4471,27093,27094,1,N
4474,27100,27100,0,S
4477,27105,27106,1,N
4480,27108,27108,0,S
4483,27116,27116,0,S
4484,27117,27118,1,N
4451,27059,27120,61,E
4453,27062,27120,58,W
4454,27065,27120,55,E
4455,27067,27120,53,W
4458,27071,27120,49,E
4459,27072,27120,48,W
4461,27077,27122,45,E
4462,27077,27122,45,W
4465,27083,27122,39,E
4464,27082,27122,40,W
4468,27089,27122,33,E
4467,27087,27122,35,W
4472,27095,27124,29,E
4470,27092,27124,32,W
4475,27101,27124,23,E
4473,27097,27124,27,W
4478,27107,27124,17,E
4476,27102,27124,22,W
4482,27113,27126,13,E
4479,27107,27126,19,W
4486,27119,27126,7,E
4481,27112,27126,14,W
4489,27125,27126,1,E
4485,27117,27126,9,W
4487,27122,27128,6,W
4490,27127,27128,1,W
4492,27131,27132,1,E
4494,27132,27132,0,W
4495,27137,27138,1,E
4496,27137,27138,1,W
4499,27142,27142,0,W
4500,27143,27144,1,E
4501,27147,27148,1,W
4503,27149,27150,1,E
4504,27152,27152,0,W
4506,27155,27156,1,E
4508,27157,27158,1,W
4509,27161,27162,1,E
4510,27162,27162,0,W
4513,27167,27168,1,E
4514,27167,27168,1,W
4516,27172,27172,0,W
4517,27173,27174,1,E
4519,27177,27178,1,W
4491,27129,27180,51,N
4488,27124,27180,56,S
4498,27141,27182,41,N
4493,27132,27182,50,S
4505,27153,27184,31,N
4497,27140,27184,44,S
4512,27165,27186,21,N
4502,27148,27186,38,S
4518,27177,27188,11,N
4507,27156,27188,32,S
4526,27189,27190,1,N
4511,27164,27190,26,S
4515,27172,27192,20,S
4521,27180,27194,14,S
4525,27188,27196,8,S
4529,27196,27198,2,S
4532,27201,27202,1,N
4535,27204,27204,0,S
4538,27212,27212,0,S
4540,27213,27214,1,N
4543,27220,27220,0,S
4546,27225,27226,1,N
4549,27228,27228,0,S
4552,27236,27236,0,S
4553,27237,27238,1,N
4520,27179,27240,61,E
4522,27182,27240,58,W
4523,27185,27240,55,E
4524,27187,27240,53,W
4527,27191,27240,49,E
4528,27192,27240,48,W
4530,27197,27242,45,E
4531,27197,27242,45,W
4534,27203,27242,39,E
4533,27202,27242,40,W
4537,27209,27242,33,E
4536,27207,27242,35,W
4541,27215,27244,29,E
4539,27212,27244,32,W
4544,27221,27244,23,E
4542,27217,27244,27,W
4547,27227,27244,17,E
4545,27222,27244,22,W
4551,27233,27246,13,E
4548,27227,27246,19,W
4555,27239,27246,7,E
4550,27232,27246,14,W
4558,27245,27246,1,E
4554,27237,27246,9,W
4556,27242,27248,6,W
4559,27247,27248,1,W
4561,27251,27252,1,E
4563,27252,27252,0,W
4564,27257,27258,1,E
4565,27257,27258,1,W
4568,27262,27262,0,W
4569,27263,27264,1,E
4570,27267,27268,1,W
4572,27269,27270,1,E
4573,27272,27272,0,W
4575,27275,27276,1,E
4577,27277,27278,1,W
4578,27281,27282,1,E
4579,27282,27282,0,W
4582,27287,27288,1,E
4583,27287,27288,1,W
4585,27292,27292,0,W
4586,27293,27294,1,E
4588,27297,27298,1,W
4560,27249,27300,51,N
4557,27244,27300,56,S
4567,27261,27302,41,N
4562,27252,27302,50,S
4574,27273,27304,31,N
4566,27260,27304,44,S
4581,27285,27306,21,N
4571,27268,27306,38,S
4587,27297,27308,11,N
4576,27276,27308,32,S
4595,27309,27310,1,N
4580,27284,27310,26,S
4584,27292,27312,20,S
4590,27300,27314,14,S
4594,27308,27316,8,S
4598,27316,27318,2,S
4601,27321,27322,1,N
4604,27324,27324,0,S
4607,27332,27332,0,S
4609,27333,27334,1,N
4612,27340,27340,0,S
4615,27345,27346,1,N
4618,27348,27348,0,S
4621,27356,27356,0,S
4622,27357,27358,1,N
4589,27299,27360,61,E
4591,27302,27360,58,W
4592,27305,27360,55,E
4593,27307,27360,53,W
4596,27311,27360,49,E
4597,27312,27360,48,W
4599,27317,27362,45,E
4600,27317,27362,45,W
4603,27323,27362,39,E
4602,27322,27362,40,W
4606,27329,27362,33,E
4605,27327,27362,35,W
4610,27335,27364,29,E
4608,27332,27364,32,W
4613,27341,27364,23,E
4611,27337,27364,27,W
4616,27347,27364,17,E
4614,27342,27364,22,W
4620,27353,27366,13,E
4617,27347,27366,19,W
4624,27359,27366,7,E
4619,27352,27366,14,W
4627,27365,27366,1,E
4623,27357,27366,9,W
4625,27362,27368,6,W
4628,27367,27368,1,W
4630,27371,27372,1,E
4632,27372,27372,0,W
4633,27377,27378,1,E
4634,27377,27378,1,W
4637,27382,27382,0,W
4638,27383,27384,1,E
4639,27387,27388,1,W
4641,27389,27390,1,E
4642,27392,27392,0,W
4644,27395,27396,1,E
4646,27397,27398,1,W
4647,27401,27402,1,E
4648,27402,27402,0,W
4651,27407,27408,1,E
4652,27407,27408,1,W
4654,27412,27412,0,W
4655,27413,27414,1,E
4657,27417,27418,1,W
4629,27369,27420,51,N
4626,27364,27420,56,S
4636,27381,27422,41,N
4631,27372,27422,50,S
4643,27393,27424,31,N
4635,27380,27424,44,S
4650,27405,27426,21,N
4640,27388,27426,38,S
4656,27417,27428,11,N
4645,27396,27428,32,S
4664,27429,27430,1,N
4649,27404,27430,26,S
4653,27412,27432,20,S
4659,27420,27434,14,S
4663,27428,27436,8,S
4667,27436,27438,2,S
4670,27441,27442,1,N
4673,27444,27444,0,S
4676,27452,27452,0,S
4678,27453,27454,1,N
4681,27460,27460,0,S
4684,27465,27466,1,N
4687,27468,27468,0,S
4690,27476,27476,0,S
4691,27477,27478,1,N
4658,27419,27480,61,E
4660,27422,27480,58,W
4661,27425,27480,55,E
4662,27427,27480,53,W
4665,27431,27480,49,E
4666,27432,27480,48,W
4668,27437,27482,45,E
4669,27437,27482,45,W
4672,27443,27482,39,E
4671,27442,27482,40,W
4675,27449,27482,33,E
4674,27447,27482,35,W
4679,27455,27484,29,E
4677,27452,27484,32,W
4682,27461,27484,23,E
4680,27457,27484,27,W
4685,27467,27484,17,E
4683,27462,27484,22,W
4689,27473,27486,13,E
4686,27467,27486,19,W
4693,27479,27486,7,E
4688,27472,27486,14,W
4696,27485,27486,1,E
4692,27477,27486,9,W
4694,27482,27488,6,W
4697,27487,27488,1,W
4699,27491,27492,1,E
4701,27492,27492,0,W
4702,27497,27498,1,E
4703,27497,27498,1,W
4706,27502,27502,0,W
4707,27503,27504,1,E
4708,27507,27508,1,W
4710,27509,27510,1,E
4711,27512,27512,0,W
4713,27515,27516,1,E
4715,27517,27518,1,W
4716,27521,27522,1,E
4717,27522,27522,0,W
4720,27527,27528,1,E
4721,27527,27528,1,W
4723,27532,27532,0,W
4724,27533,27534,1,E
4726,27537,27538,1,W
4698,27489,27540,51,N
4695,27484,27540,56,S
4705,27501,27542,41,N
4700,27492,27542,50,S
4712,27513,27544,31,N
4704,27500,27544,44,S
4719,27525,27546,21,N
4709,27508,27546,38,S
4725,27537,27548,11,N
4714,27516,27548,32,S
4733,27549,27550,1,N
4718,27524,27550,26,S
4722,27532,27552,20,S
4728,27540,27554,14,S
4732,27548,27556,8,S
4736,27556,27558,2,S
4739,27561,27562,1,N
4742,27564,27564,0,S
4745,27572,27572,0,S
4747,27573,27574,1,N
4750,27580,27580,0,S
4753,27585,27586,1,N
4756,27588,27588,0,S
4759,27596,27596,0,S
4760,27597,27598,1,N
4727,27539,27600,61,E
4729,27542,27600,58,W
4730,27545,27600,55,E
4731,27547,27600,53,W
4734,27551,27600,49,E
4735,27552,27600,48,W
4737,27557,27602,45,E
4738,27557,27602,45,W
4741,27563,27602,39,E
4740,27562,27602,40,W
4744,27569,27602,33,E
4743,27567,27602,35,W
4748,27575,27604,29,E
4746,27572,27604,32,W
4751,27581,27604,23,E
4749,27577,27604,27,W
4754,27587,27604,17,E
4752,27582,27604,22,W
4758,27593,27606,13,E
4755,27587,27606,19,W
4762,27599,27606,7,E
4757,27592,27606,14,W
4765,27605,27606,1,E
4761,27597,27606,9,W
4763,27602,27608,6,W
4766,27607,27608,1,W
4768,27611,27612,1,E
4770,27612,27612,0,W
4771,27617,27618,1,E
4772,27617,27618,1,W
4775,27622,27622,0,W
4776,27623,27624,1,E
4777,27627,27628,1,W
4779,27629,27630,1,E
4780,27632,27632,0,W
4782,27635,27636,1,E
4784,27637,27638,1,W
4785,27641,27642,1,E
4786,27642,27642,0,W
4789,27647,27648,1,E
4790,27647,27648,1,W
4792,27652,27652,0,W
4793,27653,27654,1,E
4795,27657,27658,1,W
4767,27609,27660,51,N
4764,27604,27660,56,S
4774,27621,27662,41,N
4769,27612,27662,50,S
4781,27633,27664,31,N
4773,27620,27664,44,S
4788,27645,27666,21,N
4778,27628,27666,38,S
4794,27657,27668,11,N
4783,27636,27668,32,S
4802,27669,27670,1,N
4787,27644,27670,26,S
4791,27652,27672,20,S
4797,27660,27674,14,S
4801,27668,27676,8,S
4805,27676,27678,2,S
4808,27681,27682,1,N
4811,27684,27684,0,S
4814,27692,27692,0,S
4816,27693,27694,1,N
4819,27700,27700,0,S
4822,27705,27706,1,N
4825,27708,27708,0,S
4828,27716,27716,0,S
4829,27717,27718,1,N
4796,27659,27720,61,E
4798,27662,27720,58,W
4799,27665,27720,55,E
4800,27667,27720,53,W
4803,27671,27720,49,E
4804,27672,27720,48,W
4806,27677,27722,45,E
4807,27677,27722,45,W
4810,27683,27722,39,E
4809,27682,27722,40,W
4813,27689,27722,33,E
4812,27687,27722,35,W
4817,27695,27724,29,E
4815,27692,27724,32,W
4820,27701,27724,23,E
4818,27697,27724,27,W
4823,27707,27724,17,E
4821,27702,27724,22,W
4827,27713,27726,13,E
4824,27707,27726,19,W
4831,27719,27726,7,E
4826,27712,27726,14,W
4834,27725,27726,1,E
4830,27717,27726,9,W
4832,27722,27728,6,W
4835,27727,27728,1,W
4837,27731,27732,1,E
4839,27732,27732,0,W
4840,27737,27738,1,E
4841,27737,27738,1,W
4844,27742,27742,0,W
4845,27743,27744,1,E
4846,27747,27748,1,W
4848,27749,27750,1,E
4849,27752,27752,0,W
4851,27755,27756,1,E
4853,27757,27758,1,W
4854,27761,27762,1,E
4855,27762,27762,0,W
4858,27767,27768,1,E
4859,27767,27768,1,W
4861,27772,27772,0,W
4862,27773,27774,1,E
4864,27777,27778,1,W
4836,27729,27780,51,N
4833,27724,27780,56,S
4843,27741,27782,41,N
4838,27732,27782,50,S
4850,27753,27784,31,N
4842,27740,27784,44,S
4857,27765,27786,21,N
4847,27748,27786,38,S
4863,27777,27788,11,N
4852,27756,27788,32,S
4871,27789,27790,1,N
4856,27764,27790,26,S
4860,27772,27792,20,S
4866,27780,27794,14,S
4870,27788,27796,8,S
4874,27796,27798,2,S
4877,27801,27802,1,N
4880,27804,27804,0,S
4883,27812,27812,0,S
4885,27813,27814,1,N
4888,27820,27820,0,S
4891,27825,27826,1,N
4894,27828,27828,0,S
4897,27836,27836,0,S
4898,27837,27838,1,N
4865,27779,27840,61,E
4867,27782,27840,58,W
4868,27785,27840,55,E
4869,27787,27840,53,W
4872,27791,27840,49,E
4873,27792,27840,48,W
4875,27797,27842,45,E
4876,27797,27842,45,W
4879,27803,27842,39,E
4878,27802,27842,40,W
4882,27809,27842,33,E
4881,27807,27842,35,W
4886,27815,27844,29,E
4884,27812,27844,32,W
4889,27821,27844,23,E
4887,27817,27844,27,W
4892,27827,27844,17,E
4890,27822,27844,22,W
4896,27833,27846,13,E
4893,27827,27846,19,W
4900,27839,27846,7,E
4895,27832,27846,14,W
4903,27845,27846,1,E
4899,27837,27846,9,W
4901,27842,27848,6,W
4904,27847,27848,1,W
4906,27851,27852,1,E
4908,27852,27852,0,W
4909,27857,27858,1,E
4910,27857,27858,1,W
4913,27862,27862,0,W
4914,27863,27864,1,E
4915,27867,27868,1,W
4917,27869,27870,1,E
4918,27872,27872,0,W
4920,27875,27876,1,E
4922,27877,27878,1,W
4923,27881,27882,1,E
4924,27882,27882,0,W
4927,27887,27888,1,E
4928,27887,27888,1,W
4930,27892,27892,0,W
4931,27893,27894,1,E
4933,27897,27898,1,W
4905,27849,27900,51,N
4902,27844,27900,56,S
4912,27861,27902,41,N
4907,27852,27902,50,S
4919,27873,27904,31,N
4911,27860,27904,44,S
4926,27885,27906,21,N
4916,27868,27906,38,S
4932,27897,27908,11,N
4921,27876,27908,32,S
4940,27909,27910,1,N
4925,27884,27910,26,S
4929,27892,27912,20,S
4935,27900,27914,14,S
4939,27908,27916,8,S
4943,27916,27918,2,S
4946,27921,27922,1,N
4949,27924,27924,0,S
4952,27932,27932,0,S
4954,27933,27934,1,N
4957,27940,27940,0,S
4960,27945,27946,1,N
4963,27948,27948,0,S
4966,27956,27956,0,S
4967,27957,27958,1,N
4934,27899,27960,61,E
4936,27902,27960,58,W
4937,27905,27960,55,E
4938,27907,27960,53,W
4941,27911,27960,49,E
4942,27912,27960,48,W
4944,27917,27962,45,E
4945,27917,27962,45,W
4948,27923,27962,39,E
4947,27922,27962,40,W
4951,27929,27962,33,E
4950,27927,27962,35,W
4955,27935,27964,29,E
4953,27932,27964,32,W
4958,27941,27964,23,E
4956,27937,27964,27,W
4961,27947,27964,17,E
4959,27942,27964,22,W
4965,27953,27966,13,E
4962,27947,27966,19,W
4969,27959,27966,7,E
4964,27952,27966,14,W
4972,27965,27966,1,E
4968,27957,27966,9,W
4970,27962,27968,6,W
4973,27967,27968,1,W
4975,27971,27972,1,E
4977,27972,27972,0,W
4978,27977,27978,1,E
4979,27977,27978,1,W
4982,27982,27982,0,W
4983,27983,27984,1,E
4984,27987,27988,1,W
4986,27989,27990,1,E
4987,27992,27992,0,W
4989,27995,27996,1,E
4991,27997,27998,1,W
4992,28001,28002,1,E
4993,28002,28002,0,W
4996,28007,28008,1,E
4997,28007,28008,1,W
4999,28012,28012,0,W
5000,28013,28014,1,E
5002,28017,28018,1,W
4974,27969,28020,51,N
4971,27964,28020,56,S
4981,27981,28022,41,N
4976,27972,28022,50,S
4988,27993,28024,31,N
4980,27980,28024,44,S
4995,28005,28026,21,N
4985,27988,28026,38,S
5001,28017,28028,11,N
4990,27996,28028,32,S
5009,28029,28030,1,N
4994,28004,28030,26,S
4998,28012,28032,20,S
5004,28020,28034,14,S
5008,28028,28036,8,S
5012,28036,28038,2,S
5015,28041,28042,1,N
5018,28044,28044,0,S
5021,28052,28052,0,S
5023,28053,28054,1,N
5026,28060,28060,0,S
5029,28065,28066,1,N
5032,28068,28068,0,S
5035,28076,28076,0,S
5036,28077,28078,1,N
5003,28019,28080,61,E
5005,28022,28080,58,W
5006,28025,28080,55,E
5007,28027,28080,53,W
5010,28031,28080,49,E
5011,28032,28080,48,W
5013,28037,28082,45,E
5014,28037,28082,45,W
5017,28043,28082,39,E
5016,28042,28082,40,W
5020,28049,28082,33,E
5019,28047,28082,35,W
5024,28055,28084,29,E
5022,28052,28084,32,W
5027,28061,28084,23,E
5025,28057,28084,27,W
5030,28067,28084,17,E
5028,28062,28084,22,W
5034,28073,28086,13,E
5031,28067,28086,19,W
5038,28079,28086,7,E
5033,28072,28086,14,W
5041,28085,28086,1,E
5037,28077,28086,9,W
5039,28082,28088,6,W
5042,28087,28088,1,W
5044,28091,28092,1,E
5046,28092,28092,0,W
5047,28097,28098,1,E
5048,28097,28098,1,W
5051,28102,28102,0,W
5052,28103,28104,1,E
5053,28107,28108,1,W
5055,28109,28110,1,E
5056,28112,28112,0,W
5058,28115,28116,1,E
5060,28117,28118,1,W
5061,28121,28122,1,E
5062,28122,28122,0,W
5065,28127,28128,1,E
5066,28127,28128,1,W
5068,28132,28132,0,W
5069,28133,28134,1,E
5071,28137,28138,1,W
5043,28089,28140,51,N
5040,28084,28140,56,S
5050,28101,28142,41,N
5045,28092,28142,50,S
5057,28113,28144,31,N
5049,28100,28144,44,S
5064,28125,28146,21,N
5054,28108,28146,38,S
5070,28137,28148,11,N
5059,28116,28148,32,S
5078,28149,28150,1,N
5063,28124,28150,26,S
5067,28132,28152,20,S
5073,28140,28154,14,S
5077,28148,28156,8,S
5081,28156,28158,2,S
5084,28161,28162,1,N
5087,28164,28164,0,S
5090,28172,28172,0,S
5092,28173,28174,1,N
5095,28180,28180,0,S
5098,28185,28186,1,N
5101,28188,28188,0,S
5104,28196,28196,0,S
5105,28197,28198,1,N
5072,28139,28200,61,E
5074,28142,28200,58,W
5075,28145,28200,55,E
5076,28147,28200,53,W
5079,28151,28200,49,E
5080,28152,28200,48,W
5082,28157,28202,45,E
5083,28157,28202,45,W
5086,28163,28202,39,E
5085,28162,28202,40,W
5089,28169,28202,33,E
5088,28167,28202,35,W
5093,28175,28204,29,E
5091,28172,28204,32,W
5096,28181,28204,23,E
5094,28177,28204,27,W
5099,28187,28204,17,E
5097,28182,28204,22,W
5103,28193,28206,13,E
5100,28187,28206,19,W
5107,28199,28206,7,E
5102,28192,28206,14,W
5110,28205,28206,1,E
5106,28197,28206,9,W
5108,28202,28208,6,W
5111,28207,28208,1,W
5113,28211,28212,1,E
5115,28212,28212,0,W
5116,28217,28218,1,E
5117,28217,28218,1,W
5120,28222,28222,0,W
5121,28223,28224,1,E
5122,28227,28228,1,W
5124,28229,28230,1,E
5125,28232,28232,0,W
5127,28235,28236,1,E
5129,28237,28238,1,W
5130,28241,28242,1,E
5131,28242,28242,0,W
5134,28247,28248,1,E
5135,28247,28248,1,W
5137,28252,28252,0,W
5138,28253,28254,1,E
5140,28257,28258,1,W
5112,28209,28260,51,N
5109,28204,28260,56,S
5119,28221,28262,41,N
5114,28212,28262,50,S
5126,28233,28264,31,N
5118,28220,28264,44,S
5133,28245,28266,21,N
5123,28228,28266,38,S
5139,28257,28268,11,N
5128,28236,28268,32,S
5147,28269,28270,1,N
5132,28244,28270,26,S
5136,28252,28272,20,S
5142,28260,28274,14,S
5146,28268,28276,8,S
5150,28276,28278,2,S
5153,28281,28282,1,N
5156,28284,28284,0,S
5159,28292,28292,0,S
5161,28293,28294,1,N
5164,28300,28300,0,S
5167,28305,28306,1,N
5170,28308,28308,0,S
5173,28316,28316,0,S
5174,28317,28318,1,N
5141,28259,28320,61,E
5143,28262,28320,58,W
5144,28265,28320,55,E
5145,28267,28320,53,W
5148,28271,28320,49,E
5149,28272,28320,48,W
5151,28277,28322,45,E
5152,28277,28322,45,W
5155,28283,28322,39,E
5154,28282,28322,40,W
5158,28289,28322,33,E
5157,28287,28322,35,W
5162,28295,28324,29,E
5160,28292,28324,32,W
5165,28301,28324,23,E
5163,28297,28324,27,W
5168,28307,28324,17,E
5166,28302,28324,22,W
5172,28313,28326,13,E
5169,28307,28326,19,W
5176,28319,28326,7,E
5171,28312,28326,14,W
5179,28325,28326,1,E
5175,28317,28326,9,W
5177,28322,28328,6,W
5180,28327,28328,1,W
5182,28331,28332,1,E
5184,28332,28332,0,W
5185,28337,28338,1,E
5186,28337,28338,1,W
5189,28342,28342,0,W
5190,28343,28344,1,E
5191,28347,28348,1,W
5193,28349,28350,1,E
5194,28352,28352,0,W
5196,28355,28356,1,E
5198,28357,28358,1,W
5199,28361,28362,1,E
5200,28362,28362,0,W
5203,28367,28368,1,E
5204,28367,28368,1,W
5206,28372,28372,0,W
5207,28373,28374,1,E
5209,28377,28378,1,W
5181,28329,28380,51,N
5178,28324,28380,56,S
5188,28341,28382,41,N
5183,28332,28382,50,S
5195,28353,28384,31,N
5187,28340,28384,44,S
5202,28365,28386,21,N
5192,28348,28386,38,S
5208,28377,28388,11,N
5197,28356,28388,32,S
5216,28389,28390,1,N
5201,28364,28390,26,S
5205,28372,28392,20,S
5211,28380,28394,14,S
5215,28388,28396,8,S
5219,28396,28398,2,S
5222,28401,28402,1,N
5225,28404,28404,0,S
5228,28412,28412,0,S
5230,28413,28414,1,N
5233,28420,28420,0,S
5236,28425,28426,1,N
5239,28428,28428,0,S
5242,28436,28436,0,S
5243,28437,28438,1,N
5210,28379,28440,61,E
5212,28382,28440,58,W
5213,28385,28440,55,E
5214,28387,28440,53,W
5217,28391,28440,49,E
5218,28392,28440,48,W
5220,28397,28442,45,E
5221,28397,28442,45,W
5224,28403,28442,39,E
5223,28402,28442,40,W
5227,28409,28442,33,E
5226,28407,28442,35,W
5231,28415,28444,29,E
5229,28412,28444,32,W
5234,28421,28444,23,E
5232,28417,28444,27,W
5237,28427,28444,17,E
5235,28422,28444,22,W
5241,28433,28446,13,E
5238,28427,28446,19,W
5245,28439,28446,7,E
5240,28432,28446,14,W
5248,28445,28446,1,E
5244,28437,28446,9,W
5246,28442,28448,6,W
5249,28447,28448,1,W
5251,28451,28452,1,E
5253,28452,28452,0,W
5254,28457,28458,1,E
5255,28457,28458,1,W
5258,28462,28462,0,W
5259,28463,28464,1,E
5260,28467,28468,1,W
5262,28469,28470,1,E
5263,28472,28472,0,W
5265,28475,28476,1,E
5267,28477,28478,1,W
5268,28481,28482,1,E
5269,28482,28482,0,W
5272,28487,28488,1,E
5273,28487,28488,1,W
5275,28492,28492,0,W
5276,28493,28494,1,E
5278,28497,28498,1,W
5250,28449,28500,51,N
5247,28444,28500,56,S
5257,28461,28502,41,N
5252,28452,28502,50,S
5264,28473,28504,31,N
5256,28460,28504,44,S
5271,28485,28506,21,N
5261,28468,28506,38,S
5277,28497,28508,11,N
5266,28476,28508,32,S
5285,28509,28510,1,N
5270,28484,28510,26,S
5274,28492,28512,20,S
5280,28500,28514,14,S
5284,28508,28516,8,S
5288,28516,28518,2,S
5291,28521,28522,1,N
5294,28524,28524,0,S
5297,28532,28532,0,S
5299,28533,28534,1,N
5302,28540,28540,0,S
5305,28545,28546,1,N
5308,28548,28548,0,S
5311,28556,28556,0,S
5312,28557,28558,1,N
5279,28499,28560,61,E
5281,28502,28560,58,W
5282,28505,28560,55,E
5283,28507,28560,53,W
5286,28511,28560,49,E
5287,28512,28560,48,W
5289,28517,28562,45,E
5290,28517,28562,45,W
5293,28523,28562,39,E
5292,28522,28562,40,W
5296,28529,28562,33,E
5295,28527,28562,35,W
5300,28535,28564,29,E
5298,28532,28564,32,W
5303,28541,28564,23,E
5301,28537,28564,27,W
5306,28547,28564,17,E
5304,28542,28564,22,W
5310,28553,28566,13,E
5307,28547,28566,19,W
5314,28559,28566,7,E
5309,28552,28566,14,W
5317,28565,28566,1,E
5313,28557,28566,9,W
5315,28562,28568,6,W
5318,28567,28568,1,W
5320,28571,28572,1,E
5322,28572,28572,0,W
5323,28577,28578,1,E
5324,28577,28578,1,W
5327,28582,28582,0,W
5328,28583,28584,1,E
5329,28587,28588,1,W
5331,28589,28590,1,E
5332,28592,28592,0,W
5334,28595,28596,1,E
5336,28597,28598,1,W
5337,28601,28602,1,E
5338,28602,28602,0,W
5341,28607,28608,1,E
5342,28607,28608,1,W
5344,28612,28612,0,W
5345,28613,28614,1,E
5347,28617,28618,1,W
5319,28569,28620,51,N
5316,28564,28620,56,S
5326,28581,28622,41,N
5321,28572,28622,50,S
5333,28593,28624,31,N
5325,28580,28624,44,S
5340,28605,28626,21,N
5330,28588,28626,38,S
5346,28617,28628,11,N
5335,28596,28628,32,S
5354,28629,28630,1,N
5339,28604,28630,26,S
5343,28612,28632,20,S
5349,28620,28634,14,S
5353,28628,28636,8,S
5357,28636,28638,2,S
5360,28641,28642,1,N
5363,28644,28644,0,S
5366,28652,28652,0,S
5368,28653,28654,1,N
5371,28660,28660,0,S
5374,28665,28666,1,N
5377,28668,28668,0,S
5380,28676,28676,0,S
5381,28677,28678,1,N
5348,28619,28680,61,E
5350,28622,28680,58,W
5351,28625,28680,55,E
5352,28627,28680,53,W
5355,28631,28680,49,E
5356,28632,28680,48,W
5358,28637,28682,45,E
5359,28637,28682,45,W
5362,28643,28682,39,E
5361,28642,28682,40,W
5365,28649,28682,33,E
5364,28647,28682,35,W
5369,28655,28684,29,E
5367,28652,28684,32,W
5372,28661,28684,23,E
5370,28657,28684,27,W
5375,28667,28684,17,E
5373,28662,28684,22,W
5379,28673,28686,13,E
5376,28667,28686,19,W
5383,28679,28686,7,E
5378,28672,28686,14,W
5386,28685,28686,1,E
5382,28677,28686,9,W
5384,28682,28688,6,W
5387,28687,28688,1,W
5389,28691,28692,1,E
5391,28692,28692,0,W
5392,28697,28698,1,E
5393,28697,28698,1,W
5396,28702,28702,0,W
5397,28703,28704,1,E
5398,28707,28708,1,W
5400,28709,28710,1,E
5401,28712,28712,0,W
5403,28715,28716,1,E
5405,28717,28718,1,W
5406,28721,28722,1,E
5407,28722,28722,0,W
5410,28727,28728,1,E
5411,28727,28728,1,W
5413,28732,28732,0,W
5414,28733,28734,1,E
5416,28737,28738,1,W
5388,28689,28740,51,N
5385,28684,28740,56,S
5395,28701,28742,41,N
5390,28692,28742,50,S
5402,28713,28744,31,N
5394,28700,28744,44,S
5409,28725,28746,21,N
5399,28708,28746,38,S
5415,28737,28748,11,N
5404,28716,28748,32,S
5423,28749,28750,1,N
5408,28724,28750,26,S
5412,28732,28752,20,S
5418,28740,28754,14,S
5422,28748,28756,8,S
5426,28756,28758,2,S
5429,28761,28762,1,N
5432,28764,28764,0,S
5435,28772,28772,0,S
5437,28773,28774,1,N
5440,28780,28780,0,S
5443,28785,28786,1,N
5446,28788,28788,0,S
5449,28796,28796,0,S
5450,28797,28798,1,N
5417,28739,28800,61,E
5419,28742,28800,58,W
5420,28745,28800,55,E
5421,28747,28800,53,W
5424,28751,28800,49,E
5425,28752,28800,48,W
5427,28757,28802,45,E
5428,28757,28802,45,W
5431,28763,28802,39,E
5430,28762,28802,40,W
5434,28769,28802,33,E
5433,28767,28802,35,W
5438,28775,28804,29,E
5436,28772,28804,32,W
5441,28781,28804,23,E
5439,28777,28804,27,W
5444,28787,28804,17,E
5442,28782,28804,22,W
5448,28793,28806,13,E
5445,28787,28806,19,W
5452,28799,28806,7,E
5447,28792,28806,14,W
5455,28805,28806,1,E
5451,28797,28806,9,W
5453,28802,28808,6,W
5456,28807,28808,1,W
5458,28811,28812,1,E
5460,28812,28812,0,W
5461,28817,28818,1,E
5462,28817,28818,1,W
5465,28822,28822,0,W
5466,28823,28824,1,E
5467,28827,28828,1,W
5469,28829,28830,1,E
5470,28832,28832,0,W
5472,28835,28836,1,E
5474,28837,28838,1,W
5475,28841,28842,1,E
5476,28842,28842,0,W
5478,28847,28848,1,E
5479,28847,28848,1,W
5482,28852,28852,0,W
5483,28853,28854,1,E
5484,28857,28858,1,W
5457,28809,28860,51,N
5454,28804,28860,56,S
5464,28822,28862,40,N
5459,28812,28862,50,S
5471,28835,28864,29,N
5463,28820,28864,44,S
5480,28848,28866,18,N
5468,28828,28866,38,S
5487,28861,28868,7,N
5473,28836,28868,32,S
5477,28844,28870,26,S
5481,28852,28872,20,S
5494,28874,28874,0,N
5486,28860,28874,14,S
5491,28868,28876,8,S
5495,28876,28878,2,S
5500,28884,28884,0,S
5501,28887,28888,1,N
5504,28892,28892,0,S
5508,28900,28900,0,N
5509,28900,28900,0,S
5514,28908,28908,0,S
5516,28913,28914,1,N
5518,28916,28916,0,S
5485,28859,28920,61,E
5488,28862,28920,58,W
5489,28865,28920,55,E
5490,28867,28920,53,W
5492,28871,28920,49,E
5493,28872,28920,48,W
5496,28877,28922,45,E
5497,28877,28922,45,W
5499,28883,28922,39,E
5498,28882,28922,40,W
5503,28889,28922,33,E
5502,28887,28922,35,W
5506,28895,28924,29,E
5505,28892,28924,32,W
5510,28901,28924,23,E
5507,28897,28924,27,W
5512,28907,28924,17,E
5511,28902,28924,22,W
5517,28913,28926,13,E
5513,28907,28926,19,W
5520,28919,28926,7,E
5515,28912,28926,14,W
5523,28925,28926,1,E
5519,28917,28926,9,W
5521,28922,28928,6,W
5525,28927,28928,1,W
5526,28931,28932,1,E
5528,28932,28932,0,W
5529,28937,28938,1,E
5530,28937,28938,1,W
5533,28942,28942,0,W
5534,28943,28944,1,E
5535,28947,28948,1,W
5537,28949,28950,1,E
5539,28952,28952,0,W
5540,28955,28956,1,E
5542,28957,28958,1,W
5543,28961,28962,1,E
5544,28962,28962,0,W
5547,28967,28968,1,E
5548,28967,28968,1,W
5550,28972,28972,0,W
5551,28973,28974,1,E
5552,28977,28978,1,W
5524,28926,28980,54,N
5522,28924,28980,56,S
5531,28939,28982,43,N
5527,28932,28982,50,S
5538,28952,28984,32,N
5532,28940,28984,44,S
5546,28965,28986,21,N
5536,28948,28986,38,S
5553,28978,28988,10,N
5541,28956,28988,32,S
5545,28964,28990,26,S
5560,28991,28992,1,N
5549,28972,28992,20,S
5555,28980,28994,14,S
5559,28988,28996,8,S
5563,28996,28998,2,S
5568,29004,29004,0,N
5569,29004,29004,0,S
5572,29012,29012,0,S
5575,29017,29018,1,N
5577,29020,29020,0,S
5582,29028,29028,0,S
5583,29030,29030,0,N
5586,29036,29036,0,S
5554,28979,29040,61,E
5556,28982,29040,58,W
5557,28985,29040,55,E
5558,28987,29040,53,W
5561,28991,29040,49,E
5562,28992,29040,48,W
5564,28997,29042,45,E
5565,28997,29042,45,W
5567,29003,29042,39,E
5566,29002,29042,40,W
5571,29009,29042,33,E
5570,29007,29042,35,W
5574,29015,29044,29,E
5573,29012,29044,32,W
5578,29021,29044,23,E
5576,29017,29044,27,W
5580,29027,29044,17,E
5579,29022,29044,22,W
5585,29033,29046,13,E
5581,29027,29046,19,W
5588,29039,29046,7,E
5584,29032,29046,14,W
5592,29045,29046,1,E
5587,29037,29046,9,W
5589,29042,29048,6,W
5593,29047,29048,1,W
5594,29051,29052,1,E
5596,29052,29052,0,W
5598,29057,29058,1,E
5599,29057,29058,1,W
5601,29062,29062,0,W
5602,29063,29064,1,E
5603,29067,29068,1,W
5606,29069,29070,1,E
5607,29072,29072,0,W
5608,29075,29076,1,E
5610,29077,29078,1,W
5611,29081,29082,1,E
5613,29082,29082,0,W
5615,29087,29088,1,E
5616,29087,29088,1,W
5618,29092,29092,0,W
5619,29093,29094,1,E
5621,29097,29098,1,W
5590,29043,29100,57,N
5591,29044,29100,56,S
5597,29056,29102,46,N
5595,29052,29102,50,S
5605,29069,29104,35,N
5600,29060,29104,44,S
5612,29082,29106,24,N
5604,29068,29106,38,S
5620,29095,29108,13,N
5609,29076,29108,32,S
5627,29108,29110,2,N
5614,29084,29110,26,S
5617,29092,29112,20,S
5623,29100,29114,14,S
5628,29108,29116,8,S
5631,29116,29118,2,S
5634,29121,29122,1,N
5637,29124,29124,0,S
5640,29132,29132,0,S
5642,29134,29134,0,N
5645,29140,29140,0,S
5648,29147,29148,1,N
5651,29148,29148,0,S
5654,29156,29156,0,S
5622,29099,29160,61,E
5624,29102,29160,58,W
5625,29105,29160,55,E
5626,29107,29160,53,W
5629,29111,29160,49,E
5630,29112,29160,48,W
5632,29117,29162,45,E
5633,29117,29162,45,W
5636,29123,29162,39,E
5635,29122,29162,40,W
5639,29129,29162,33,E
5638,29127,29162,35,W
5643,29135,29164,29,E
5641,29132,29164,32,W
5646,29141,29164,23,E
5644,29137,29164,27,W
5649,29147,29164,17,E
5647,29142,29164,22,W
5653,29153,29166,13,E
5650,29147,29166,19,W
5656,29159,29166,7,E
5652,29152,29166,14,W
5660,29165,29166,1,E
5655,29157,29166,9,W
5658,29162,29168,6,W
5661,29167,29168,1,W
5662,29171,29172,1,E
5664,29172,29172,0,W
5666,29177,29178,1,E
5667,29177,29178,1,W
5669,29182,29182,0,W
5670,29183,29184,1,E
5672,29187,29188,1,W
5674,29189,29190,1,E
5675,29192,29192,0,W
5676,29195,29196,1,E
5678,29197,29198,1,W
5680,29201,29202,1,E
5681,29202,29202,0,W
5683,29207,29208,1,E
5684,29207,29208,1,W
5687,29212,29212,0,W
5688,29213,29214,1,E
5689,29217,29218,1,W
5657,29160,29220,60,N
5659,29164,29220,56,S
5665,29173,29222,49,N
5663,29172,29222,50,S
5671,29186,29224,38,N
5668,29180,29224,44,S
5679,29199,29226,27,N
5673,29188,29226,38,S
5685,29212,29228,16,N
5677,29196,29228,32,S
5693,29225,29230,5,N
5682,29204,29230,26,S
5686,29212,29232,20,S
5691,29220,29234,14,S
5696,29228,29236,8,S
5702,29238,29238,0,N
5699,29236,29238,2,S
5705,29244,29244,0,S
5708,29251,29252,1,N
5709,29252,29252,0,S
5713,29260,29260,0,S
5716,29264,29264,0,N
5719,29268,29268,0,S
5722,29276,29276,0,S
5723,29277,29278,1,N
5690,29219,29280,61,E
5692,29222,29280,58,W
5694,29225,29280,55,E
5695,29227,29280,53,W
5697,29231,29280,49,E
5698,29232,29280,48,W
5700,29237,29282,45,E
5701,29237,29282,45,W
5704,29243,29282,39,E
5703,29242,29282,40,W
5707,29249,29282,33,E
5706,29247,29282,35,W
5711,29255,29284,29,E
5710,29252,29284,32,W
5714,29261,29284,23,E
5712,29257,29284,27,W
5717,29267,29284,17,E
5715,29262,29284,22,W
5721,29273,29286,13,E
5718,29267,29286,19,W
5725,29279,29286,7,E
5720,29272,29286,14,W
5728,29285,29286,1,E
5724,29277,29286,9,W
5726,29282,29288,6,W
5729,29287,29288,1,W
5731,29291,29292,1,E
5733,29292,29292,0,W
5734,29297,29298,1,E
5735,29297,29298,1,W
5737,29302,29302,0,W
5739,29303,29304,1,E
5740,29307,29308,1,W
5742,29309,29310,1,E
5743,29312,29312,0,W
5744,29315,29316,1,E
5747,29317,29318,1,W
5748,29321,29322,1,E
5749,29322,29322,0,W
5751,29327,29328,1,E
5752,29327,29328,1,W
5755,29332,29332,0,W
5756,29333,29334,1,E
5757,29337,29338,1,W
5730,29290,29340,50,N
5727,29284,29340,56,S
5738,29303,29342,39,N
5732,29292,29342,50,S
5745,29316,29344,28,N
5736,29300,29344,44,S
5753,29329,29346,17,N
5741,29308,29346,38,S
5760,29342,29348,6,N
5746,29316,29348,32,S
5750,29324,29350,26,S
5754,29332,29352,20,S
5759,29340,29354,14,S
5767,29355,29356,1,N
5764,29348,29356,8,S
5768,29356,29358,2,S
5773,29364,29364,0,S
5775,29368,29368,0,N
5777,29372,29372,0,S
5781,29380,29380,0,S
5782,29381,29382,1,N
5787,29388,29388,0,S
5790,29394,29394,0,N
5791,29396,29396,0,S
5758,29339,29400,61,E
5761,29342,29400,58,W
5762,29345,29400,55,E
5763,29347,29400,53,W
5765,29351,29400,49,E
5766,29352,29400,48,W
5769,29357,29402,45,E
5770,29357,29402,45,W
5772,29363,29402,39,E
5771,29362,29402,40,W
5776,29369,29402,33,E
5774,29367,29402,35,W
5779,29375,29404,29,E
5778,29372,29404,32,W
5783,29381,29404,23,E
5780,29377,29404,27,W
5785,29387,29404,17,E
5784,29382,29404,22,W
5789,29393,29406,13,E
5786,29387,29406,19,W
5793,29399,29406,7,E
5788,29392,29406,14,W
5796,29405,29406,1,E
5792,29397,29406,9,W
5794,29402,29408,6,W
5798,29407,29408,1,W
5799,29411,29412,1,E
5801,29412,29412,0,W
5802,29417,29418,1,E
5803,29417,29418,1,W
5806,29422,29422,0,W
5807,29423,29424,1,E
5808,29427,29428,1,W
5810,29429,29430,1,E
5811,29432,29432,0,W
5813,29435,29436,1,E
5815,29437,29438,1,W
5816,29441,29442,1,E
5817,29442,29442,0,W
5820,29447,29448,1,E
5821,29447,29448,1,W
5823,29452,29452,0,W
5824,29453,29454,1,E
5825,29457,29458,1,W
5797,29407,29460,53,N
5795,29404,29460,56,S
5804,29420,29462,42,N
5800,29412,29462,50,S
5812,29433,29464,31,N
5805,29420,29464,44,S
5819,29446,29466,20,N
5809,29428,29466,38,S
5826,29459,29468,9,N
5814,29436,29468,32,S
5818,29444,29470,26,S
5834,29472,29472,0,N
5822,29452,29472,20,S
5828,29460,29474,14,S
5832,29468,29476,8,S
5836,29476,29478,2,S
5841,29484,29484,0,S
5842,29485,29486,1,N
5845,29492,29492,0,S
5849,29498,29498,0,N
5850,29500,29500,0,S
5855,29508,29508,0,S
5856,29511,29512,1,N
5859,29516,29516,0,S
5827,29459,29520,61,E
5829,29462,29520,58,W
5830,29465,29520,55,E
5831,29467,29520,53,W
5833,29471,29520,49,E
5835,29472,29520,48,W
5837,29477,29522,45,E
5838,29477,29522,45,W
5840,29483,29522,39,E
5839,29482,29522,40,W
5844,29489,29522,33,E
5843,29487,29522,35,W
5847,29495,29524,29,E
5846,29492,29524,32,W
5851,29501,29524,23,E
5848,29497,29524,27,W
5853,29507,29524,17,E
5852,29502,29524,22,W
5858,29513,29526,13,E
5854,29507,29526,19,W
5861,29519,29526,7,E
5857,29512,29526,14,W
5865,29525,29526,1,E
5860,29517,29526,9,W
5862,29522,29528,6,W
5866,29527,29528,1,W
5867,29531,29532,1,E
5869,29532,29532,0,W
5871,29537,29538,1,E
5872,29537,29538,1,W
5874,29542,29542,0,W
5875,29543,29544,1,E
5876,29547,29548,1,W
5878,29549,29550,1,E
5880,29552,29552,0,W
5881,29555,29556,1,E
5883,29557,29558,1,W
5884,29561,29562,1,E
5885,29562,29562,0,W
5888,29567,29568,1,E
5889,29567,29568,1,W
5891,29572,29572,0,W
5892,29573,29574,1,E
5894,29577,29578,1,W
5863,29524,29580,56,N
5864,29524,29580,56,S
5870,29537,29582,45,N
5868,29532,29582,50,S
5879,29550,29584,34,N
5873,29540,29584,44,S
5886,29563,29586,23,N
5877,29548,29586,38,S
5893,29576,29588,12,N
5882,29556,29588,32,S
5901,29589,29590,1,N
5887,29564,29590,26,S
5890,29572,29592,20,S
5896,29580,29594,14,S
5900,29588,29596,8,S
5904,29596,29598,2,S
5907,29602,29602,0,N
5910,29604,29604,0,S
5913,29612,29612,0,S
5915,29615,29616,1,N
5918,29620,29620,0,S
5923,29628,29628,0,N
5924,29628,29628,0,S
5927,29636,29636,0,S
5895,29579,29640,61,E
5897,29582,29640,58,W
5898,29585,29640,55,E
5899,29587,29640,53,W
5902,29591,29640,49,E
5903,29592,29640,48,W
5905,29597,29642,45,E
5906,29597,29642,45,W
5909,29603,29642,39,E
5908,29602,29642,40,W
5912,29609,29642,33,E
5911,29607,29642,35,W
5916,29615,29644,29,E
5914,29612,29644,32,W
5919,29621,29644,23,E
5917,29617,29644,27,W
5921,29627,29644,17,E
5920,29622,29644,22,W
5926,29633,29646,13,E
5922,29627,29646,19,W
5929,29639,29646,7,E
5925,29632,29646,14,W
5933,29645,29646,1,E
5928,29637,29646,9,W
5931,29642,29648,6,W
5934,29647,29648,1,W
5935,29651,29652,1,E
5937,29652,29652,0,W
5939,29657,29658,1,E
5940,29657,29658,1,W
5942,29662,29662,0,W
5943,29663,29664,1,E
5945,29667,29668,1,W
5947,29669,29670,1,E
5948,29672,29672,0,W
5949,29675,29676,1,E
5951,29677,29678,1,W
5953,29681,29682,1,E
5954,29682,29682,0,W
5956,29687,29688,1,E
5957,29687,29688,1,W
5959,29692,29692,0,W
5961,29693,29694,1,E
5962,29697,29698,1,W
5930,29641,29700,59,N
5932,29644,29700,56,S
5938,29654,29702,48,N
5936,29652,29702,50,S
5944,29667,29704,37,N
5941,29660,29704,44,S
5952,29680,29706,26,N
5946,29668,29706,38,S
5960,29693,29708,15,N
5950,29676,29708,32,S
5967,29706,29710,4,N
5955,29684,29710,26,S
5958,29692,29712,20,S
5964,29700,29714,14,S
5969,29708,29716,8,S
5972,29716,29718,2,S
5975,29719,29720,1,N
5978,29724,29724,0,S
5981,29732,29732,0,N
5982,29732,29732,0,S
5986,29740,29740,0,S
5989,29745,29746,1,N
5992,29748,29748,0,S
5995,29756,29756,0,S
5997,29758,29758,0,N
5963,29699,29760,61,E
5965,29702,29760,58,W
5966,29705,29760,55,E
5968,29707,29760,53,W
5970,29711,29760,49,E
5971,29712,29760,48,W
5973,29717,29762,45,E
5974,29717,29762,45,W
5977,29723,29762,39,E
5976,29722,29762,40,W
5980,29729,29762,33,E
5979,29727,29762,35,W
5984,29735,29764,29,E
5983,29732,29764,32,W
5987,29741,29764,23,E
5985,29737,29764,27,W
5990,29747,29764,17,E
5988,29742,29764,22,W
5994,29753,29766,13,E
5991,29747,29766,19,W
5998,29759,29766,7,E
5993,29752,29766,14,W
6001,29765,29766,1,E
5996,29757,29766,9,W
5999,29762,29768,6,W
6002,29767,29768,1,W
6004,29771,29772,1,E
6006,29772,29772,0,W
6007,29777,29778,1,E
6008,29777,29778,1,W
6010,29782,29782,0,W
6011,29783,29784,1,E
6013,29787,29788,1,W
6015,29789,29790,1,E
6016,29792,29792,0,W
6017,29795,29796,1,E
6020,29797,29798,1,W
6021,29801,29802,1,E
6022,29802,29802,0,W
6024,29807,29808,1,E
6025,29807,29808,1,W
6028,29812,29812,0,W
6029,29813,29814,1,E
6030,29817,29818,1,W
6003,29771,29820,49,N
6000,29764,29820,56,S
6012,29784,29822,38,N
6005,29772,29822,50,S
6019,29797,29824,27,N
6009,29780,29824,44,S
6026,29810,29826,16,N
6014,29788,29826,38,S
6034,29823,29828,5,N
6018,29796,29828,32,S
6023,29804,29830,26,S
6027,29812,29832,20,S
6032,29820,29834,14,S
6040,29836,29836,0,N
6037,29828,29836,8,S
6041,29836,29838,2,S
6046,29844,29844,0,S
6048,29849,29850,1,N
6050,29852,29852,0,S
6054,29860,29860,0,S
6056,29862,29862,0,N
6060,29868,29868,0,S
6063,29875,29876,1,N
6064,29876,29876,0,S
6031,29819,29880,61,E
6033,29822,29880,58,W
6035,29825,29880,55,E
6036,29827,29880,53,W
6038,29831,29880,49,E
6039,29832,29880,48,W
6042,29837,29882,45,E
6043,29837,29882,45,W
6045,29843,29882,39,E
6044,29842,29882,40,W
6049,29849,29882,33,E
6047,29847,29882,35,W
6052,29855,29884,29,E
6051,29852,29884,32,W
6055,29861,29884,23,E
6053,29857,29884,27,W
6058,29867,29884,17,E
6057,29862,29884,22,W
6062,29873,29886,13,E
6059,29867,29886,19,W
6066,29879,29886,7,E
6061,29872,29886,14,W
6069,29885,29886,1,E
6065,29877,29886,9,W
6067,29882,29888,6,W
6070,29887,29888,1,W
6072,29891,29892,1,E
6074,29892,29892,0,W
6075,29897,29898,1,E
6076,29897,29898,1,W
6079,29902,29902,0,W
6080,29903,29904,1,E
6081,29907,29908,1,W
6083,29909,29910,1,E
6084,29912,29912,0,W
6086,29915,29916,1,E
6088,29917,29918,1,W
6089,29921,29922,1,E
6090,29922,29922,0,W
6093,29927,29928,1,E
6094,29927,29928,1,W
6096,29932,29932,0,W
6097,29933,29934,1,E
6098,29937,29938,1,W
6071,29888,29940,52,N
6068,29884,29940,56,S
6078,29901,29942,41,N
6073,29892,29942,50,S
6085,29914,29944,30,N
6077,29900,29944,44,S
6092,29927,29946,19,N
6082,29908,29946,38,S
6100,29940,29948,8,N
6087,29916,29948,32,S
6091,29924,29950,26,S
6095,29932,29952,20,S
6108,29953,29954,1,N
6101,29940,29954,14,S
6105,29948,29956,8,S
6109,29956,29958,2,S
6114,29964,29964,0,S
6115,29966,29966,0,N
6118,29972,29972,0,S
6122,29979,29980,1,N
6123,29980,29980,0,S
6128,29988,29988,0,S
6129,29992,29992,0,N
6132,29996,29996,0,S
6099,29939,30000,61,E
6102,29942,30000,58,W
6103,29945,30000,55,E
6104,29947,30000,53,W
6106,29951,30000,49,E
6107,29952,30000,48,W
6110,29957,30002,45,E
6111,29957,30002,45,W
6113,29963,30002,39,E
6112,29962,30002,40,W
6117,29969,30002,33,E
6116,29967,30002,35,W
6120,29975,30004,29,E
6119,29972,30004,32,W
6124,29981,30004,23,E
6121,29977,30004,27,W
6126,29987,30004,17,E
6125,29982,30004,22,W
6131,29993,30006,13,E
6127,29987,30006,19,W
6134,29999,30006,7,E
6130,29992,30006,14,W
6138,30005,30006,1,E
6133,29997,30006,9,W
6135,30002,30008,6,W
6139,30007,30008,1,W
6140,30011,30012,1,E
6142,30012,30012,0,W
6143,30017,30018,1,E
6144,30017,30018,1,W
6147,30022,30022,0,W
6148,30023,30024,1,E
6149,30027,30028,1,W
6151,30029,30030,1,E
6153,30032,30032,0,W
6154,30035,30036,1,E
6156,30037,30038,1,W
6157,30041,30042,1,E
6158,30042,30042,0,W
6161,30047,30048,1,E
6162,30047,30048,1,W
6164,30052,30052,0,W
6165,30053,30054,1,E
6167,30057,30058,1,W
6137,30005,30060,55,N
6136,30004,30060,56,S
6145,30018,30062,44,N
6141,30012,30062,50,S
6152,30031,30064,33,N
6146,30020,30064,44,S
6159,30044,30066,22,N
6150,30028,30066,38,S
6166,30057,30068,11,N
6155,30036,30068,32,S
6174,30070,30070,0,N
6160,30044,30070,26,S
6163,30052,30072,20,S
6169,30060,30074,14,S
6173,30068,30076,8,S
6177,30076,30078,2,S
6181,30083,30084,1,N
6183,30084,30084,0,S
6186,30092,30092,0,S
6189,30096,30096,0,N
6191,30100,30100,0,S
6196,30108,30108,0,S
6197,30109,30110,1,N
6200,30116,30116,0,S
6168,30059,30120,61,E
6170,30062,30120,58,W
6171,30065,30120,55,E
6172,30067,30120,53,W
6175,30071,30120,49,E
6176,30072,30120,48,W
6178,30077,30122,45,E
6179,30077,30122,45,W
6182,30083,30122,39,E
6180,30082,30122,40,W
6185,30089,30122,33,E
6184,30087,30122,35,W
6188,30095,30124,29,E
6187,30092,30124,32,W
6192,30101,30124,23,E
6190,30097,30124,27,W
6194,30107,30124,17,E
6193,30102,30124,22,W
6199,30113,30126,13,E
6195,30107,30126,19,W
6202,30119,30126,7,E
6198,30112,30126,14,W
6206,30125,30126,1,E
6201,30117,30126,9,W
6204,30122,30128,6,W
6207,30127,30128,1,W
6208,30131,30132,1,E
6210,30132,30132,0,W
6212,30137,30138,1,E
6213,30137,30138,1,W
6215,30142,30142,0,W
6216,30143,30144,1,E
6217,30147,30148,1,W
6220,30149,30150,1,E
6221,30152,30152,0,W
6222,30155,30156,1,E
6224,30157,30158,1,W
6226,30161,30162,1,E
6227,30162,30162,0,W
6229,30167,30168,1,E
6230,30167,30168,1,W
6232,30172,30172,0,W
6233,30173,30174,1,E
6235,30177,30178,1,W
6203,30122,30180,58,N
6205,30124,30180,56,S
6211,30135,30182,47,N
6209,30132,30182,50,S
6218,30148,30184,36,N
6214,30140,30184,44,S
6225,30161,30186,25,N
6219,30148,30186,38,S
6234,30174,30188,14,N
6223,30156,30188,32,S
6240,30187,30190,3,N
6228,30164,30190,26,S
6231,30172,30192,20,S
6237,30180,30194,14,S
6242,30188,30196,8,S
6245,30196,30198,2,S
6248,30200,30200,0,N
6251,30204,30204,0,S
6254,30212,30212,0,S
6256,30213,30214,1,N
6259,30220,30220,0,S
6262,30226,30226,0,N
6265,30228,30228,0,S
6268,30236,30236,0,S
6236,30179,30240,61,E
6238,30182,30240,58,W
6239,30185,30240,55,E
6241,30187,30240,53,W
6243,30191,30240,49,E
6244,30192,30240,48,W
6246,30197,30242,45,E
6247,30197,30242,45,W
6250,30203,30242,39,E
6249,30202,30242,40,W
6253,30209,30242,33,E
6252,30207,30242,35,W
6257,30215,30244,29,E
6255,30212,30244,32,W
6260,30221,30244,23,E
6258,30217,30244,27,W
6263,30227,30244,17,E
6261,30222,30244,22,W
6267,30233,30246,13,E
6264,30227,30246,19,W
6271,30239,30246,7,E
6266,30232,30246,14,W
6274,30245,30246,1,E
6269,30237,30246,9,W
6272,30242,30248,6,W
6275,30247,30248,1,W
6276,30251,30252,1,E
6279,30252,30252,0,W
6280,30257,30258,1,E
6281,30257,30258,1,W
6283,30262,30262,0,W
6284,30263,30264,1,E
6286,30267,30268,1,W
6288,30269,30270,1,E
6289,30272,30272,0,W
6290,30275,30276,1,E
6292,30277,30278,1,W
6294,30281,30282,1,E
6295,30282,30282,0,W
6297,30287,30288,1,E
6298,30287,30288,1,W
6301,30292,30292,0,W
6302,30293,30294,1,E
6303,30297,30298,1,W
6270,30239,30300,61,N
6273,30244,30300,56,S
6277,30252,30302,50,N
6278,30252,30302,50,S
6285,30265,30304,39,N
6282,30260,30304,44,S
6293,30278,30306,28,N
6287,30268,30306,38,S
6299,30291,30308,17,N
6291,30276,30308,32,S
6307,30304,30310,6,N
6296,30284,30310,26,S
6300,30292,30312,20,S
6305,30300,30314,14,S
6310,30308,30316,8,S
6314,30317,30318,1,N
6313,30316,30318,2,S
6319,30324,30324,0,S
6322,30330,30330,0,N
6323,30332,30332,0,S
6327,30340,30340,0,S
6330,30343,30344,1,N
6333,30348,30348,0,S
6336,30356,30356,0,N
6337,30356,30356,0,S
6304,30299,30360,61,E
6306,30302,30360,58,W
6308,30305,30360,55,E
6309,30307,30360,53,W
6311,30311,30360,49,E
6312,30312,30360,48,W
6315,30317,30362,45,E
6316,30317,30362,45,W
6318,30323,30362,39,E
6317,30322,30362,40,W
6321,30329,30362,33,E
6320,30327,30362,35,W
6325,30335,30364,29,E
6324,30332,30364,32,W
6328,30341,30364,23,E
6326,30337,30364,27,W
6331,30347,30364,17,E
6329,30342,30364,22,W
6335,30353,30366,13,E
6332,30347,30366,19,W
6339,30359,30366,7,E
6334,30352,30366,14,W
6342,30365,30366,1,E
6338,30357,30366,9,W
6340,30362,30368,6,W
6343,30367,30368,1,W
6345,30371,30372,1,E
6347,30372,30372,0,W
6348,30377,30378,1,E
6349,30377,30378,1,W
6352,30382,30382,0,W
6353,30383,30384,1,E
6354,30387,30388,1,W
6356,30389,30390,1,E
6357,30392,30392,0,W
6359,30395,30396,1,E
6361,30397,30398,1,W
6362,30401,30402,1,E
6363,30402,30402,0,W
6365,30407,30408,1,E
6366,30407,30408,1,W
6369,30412,30412,0,W
6370,30413,30414,1,E
6371,30417,30418,1,W
6344,30369,30420,51,N
6341,30364,30420,56,S
6351,30382,30422,40,N
6346,30372,30422,50,S
6358,30395,30424,29,N
6350,30380,30424,44,S
6367,30408,30426,18,N
6355,30388,30426,38,S
6374,30421,30428,7,N
6360,30396,30428,32,S
6364,30404,30430,26,S
6368,30412,30432,20,S
6381,30434,30434,0,N
6373,30420,30434,14,S
6378,30428,30436,8,S
6382,30436,30438,2,S
6387,30444,30444,0,S
6388,30447,30448,1,N
6391,30452,30452,0,S
6395,30460,30460,0,N
6396,30460,30460,0,S
6401,30468,30468,0,S
6403,30473,30474,1,N
6405,30476,30476,0,S
6372,30419,30480,61,E
6375,30422,30480,58,W
6376,30425,30480,55,E
6377,30427,30480,53,W
6379,30431,30480,49,E
6380,30432,30480,48,W
6383,30437,30482,45,E
6384,30437,30482,45,W
6386,30443,30482,39,E
6385,30442,30482,40,W
6390,30449,30482,33,E
6389,30447,30482,35,W
6393,30455,30484,29,E
6392,30452,30484,32,W
6397,30461,30484,23,E
6394,30457,30484,27,W
6399,30467,30484,17,E
6398,30462,30484,22,W
6404,30473,30486,13,E
6400,30467,30486,19,W
6407,30479,30486,7,E
6402,30472,30486,14,W
6410,30485,30486,1,E
6406,30477,30486,9,W
6408,30482,30488,6,W
6412,30487,30488,1,W
6413,30491,30492,1,E
6415,30492,30492,0,W
6416,30497,30498,1,E
6417,30497,30498,1,W
6420,30502,30502,0,W
6421,30503,30504,1,E
6422,30507,30508,1,W
6424,30509,30510,1,E
6426,30512,30512,0,W
6427,30515,30516,1,E
6429,30517,30518,1,W
6430,30521,30522,1,E
6431,30522,30522,0,W
6434,30527,30528,1,E
6435,30527,30528,1,W
6437,30532,30532,0,W
6438,30533,30534,1,E
6439,30537,30538,1,W
6411,30486,30540,54,N
6409,30484,30540,56,S
6418,30499,30542,43,N
6414,30492,30542,50,S
6425,30512,30544,32,N
6419,30500,30544,44,S
6433,30525,30546,21,N
6423,30508,30546,38,S
6440,30538,30548,10,N
6428,30516,30548,32,S
6432,30524,30550,26,S
6447,30551,30552,1,N
6436,30532,30552,20,S
6442,30540,30554,14,S
6446,30548,30556,8,S
6450,30556,30558,2,S
6455,30564,30564,0,N
6456,30564,30564,0,S
6459,30572,30572,0,S
6462,30577,30578,1,N
6464,30580,30580,0,S
6469,30588,30588,0,S
6470,30590,30590,0,N
6473,30596,30596,0,S
6441,30539,30600,61,E
6443,30542,30600,58,W
6444,30545,30600,55,E
6445,30547,30600,53,W
6448,30551,30600,49,E
6449,30552,30600,48,W
6451,30557,30602,45,E
6452,30557,30602,45,W
6454,30563,30602,39,E
6453,30562,30602,40,W
6458,30569,30602,33,E
6457,30567,30602,35,W
6461,30575,30604,29,E
6460,30572,30604,32,W
6465,30581,30604,23,E
6463,30577,30604,27,W
6467,30587,30604,17,E
6466,30582,30604,22,W
6472,30593,30606,13,E
6468,30587,30606,19,W
6475,30599,30606,7,E
6471,30592,30606,14,W
6479,30605,30606,1,E
6474,30597,30606,9,W
6476,30602,30608,6,W
6480,30607,30608,1,W
6481,30611,30612,1,E
6483,30612,30612,0,W
6485,30617,30618,1,E
6486,30617,30618,1,W
6488,30622,30622,0,W
6489,30623,30624,1,E
6490,30627,30628,1,W
6493,30629,30630,1,E
6494,30632,30632,0,W
6495,30635,30636,1,E
6497,30637,30638,1,W
6498,30641,30642,1,E
6500,30642,30642,0,W
6502,30647,30648,1,E
6503,30647,30648,1,W
6505,30652,30652,0,W
6506,30653,30654,1,E
6508,30657,30658,1,W
6477,30603,30660,57,N
6478,30604,30660,56,S
6484,30616,30662,46,N
6482,30612,30662,50,S
6492,30629,30664,35,N
6487,30620,30664,44,S
6499,30642,30666,24,N
6491,30628,30666,38,S
6507,30655,30668,13,N
6496,30636,30668,32,S
6514,30668,30670,2,N
6501,30644,30670,26,S
6504,30652,30672,20,S
6510,30660,30674,14,S
6515,30668,30676,8,S
6518,30676,30678,2,S
6521,30681,30682,1,N
6524,30684,30684,0,S
6527,30692,30692,0,S
6529,30694,30694,0,N
6532,30700,30700,0,S
6535,30707,30708,1,N
6538,30708,30708,0,S
6541,30716,30716,0,S
6509,30659,30720,61,E
6511,30662,30720,58,W
6512,30665,30720,55,E
6513,30667,30720,53,W
6516,30671,30720,49,E
6517,30672,30720,48,W
6519,30677,30722,45,E
6520,30677,30722,45,W
6523,30683,30722,39,E
6522,30682,30722,40,W
6526,30689,30722,33,E
6525,30687,30722,35,W
6530,30695,30724,29,E
6528,30692,30724,32,W
6533,30701,30724,23,E
6531,30697,30724,27,W
6536,30707,30724,17,E
6534,30702,30724,22,W
6540,30713,30726,13,E
6537,30707,30726,19,W
6543,30719,30726,7,E
6539,30712,30726,14,W
6547,30725,30726,1,E
6542,30717,30726,9,W
6545,30722,30728,6,W
6548,30727,30728,1,W
6549,30731,30732,1,E
6551,30732,30732,0,W
6553,30737,30738,1,E
6554,30737,30738,1,W
6556,30742,30742,0,W
6557,30743,30744,1,E
6559,30747,30748,1,W
6561,30749,30750,1,E
6562,30752,30752,0,W
6563,30755,30756,1,E
6565,30757,30758,1,W
6567,30761,30762,1,E
6568,30762,30762,0,W
6570,30767,30768,1,E
6571,30767,30768,1,W
6574,30772,30772,0,W
6575,30773,30774,1,E
6576,30777,30778,1,W
6544,30720,30780,60,N
6546,30724,30780,56,S
6552,30733,30782,49,N
6550,30732,30782,50,S
6558,30746,30784,38,N
6555,30740,30784,44,S
6566,30759,30786,27,N
6560,30748,30786,38,S
6572,30772,30788,16,N
6564,30756,30788,32,S
6580,30785,30790,5,N
6569,30764,30790,26,S
6573,30772,30792,20,S
6578,30780,30794,14,S
6583,30788,30796,8,S
6589,30798,30798,0,N
6586,30796,30798,2,S
6592,30804,30804,0,S
6595,30811,30812,1,N
6596,30812,30812,0,S
6600,30820,30820,0,S
6603,30824,30824,0,N
6606,30828,30828,0,S
6609,30836,30836,0,S
6610,30837,30838,1,N
6577,30779,30840,61,E
6579,30782,30840,58,W
6581,30785,30840,55,E
6582,30787,30840,53,W
6584,30791,30840,49,E
6585,30792,30840,48,W
6587,30797,30842,45,E
6588,30797,30842,45,W
6591,30803,30842,39,E
6590,30802,30842,40,W
6594,30809,30842,33,E
6593,30807,30842,35,W
6598,30815,30844,29,E
6597,30812,30844,32,W
6601,30821,30844,23,E
6599,30817,30844,27,W
6604,30827,30844,17,E
6602,30822,30844,22,W
6608,30833,30846,13,E
6605,30827,30846,19,W
6612,30839,30846,7,E
6607,30832,30846,14,W
6615,30845,30846,1,E
6611,30837,30846,9,W
6613,30842,30848,6,W
6616,30847,30848,1,W
6618,30851,30852,1,E
6620,30852,30852,0,W
6621,30857,30858,1,E
6622,30857,30858,1,W
6624,30862,30862,0,W
6626,30863,30864,1,E
6627,30867,30868,1,W
6629,30869,30870,1,E
6630,30872,30872,0,W
6631,30875,30876,1,E
6634,30877,30878,1,W
6635,30881,30882,1,E
6636,30882,30882,0,W
6638,30887,30888,1,E
6639,30887,30888,1,W
6642,30892,30892,0,W
6643,30893,30894,1,E
6644,30897,30898,1,W
6617,30850,30900,50,N
6614,30844,30900,56,S
6625,30863,30902,39,N
6619,30852,30902,50,S
6632,30876,30904,28,N
6623,30860,30904,44,S
6640,30889,30906,17,N
6628,30868,30906,38,S
6647,30902,30908,6,N
6633,30876,30908,32,S
6637,30884,30910,26,S
6641,30892,30912,20,S
6646,30900,30914,14,S
6654,30915,30916,1,N
6651,30908,30916,8,S
6655,30916,30918,2,S
6660,30924,30924,0,S
6662,30928,30928,0,N
6664,30932,30932,0,S
6668,30940,30940,0,S
6669,30941,30942,1,N
6674,30948,30948,0,S
6677,30954,30954,0,N
6678,30956,30956,0,S
6645,30899,30960,61,E
6648,30902,30960,58,W
6649,30905,30960,55,E
6650,30907,30960,53,W
6652,30911,30960,49,E
6653,30912,30960,48,W
6656,30917,30962,45,E
6657,30917,30962,45,W
6659,30923,30962,39,E
6658,30922,30962,40,W
6663,30929,30962,33,E
6661,30927,30962,35,W
6666,30935,30964,29,E
6665,30932,30964,32,W
6670,30941,30964,23,E
6667,30937,30964,27,W
6672,30947,30964,17,E
6671,30942,30964,22,W
6676,30953,30966,13,E
6673,30947,30966,19,W
6680,30959,30966,7,E
6675,30952,30966,14,W
6683,30965,30966,1,E
6679,30957,30966,9,W
6681,30962,30968,6,W
6685,30967,30968,1,W
6686,30971,30972,1,E
6688,30972,30972,0,W
6689,30977,30978,1,E
6690,30977,30978,1,W
6693,30982,30982,0,W
6694,30983,30984,1,E
6695,30987,30988,1,W
6697,30989,30990,1,E
6698,30992,30992,0,W
6700,30995,30996,1,E
6702,30997,30998,1,W
6703,31001,31002,1,E
6704,31002,31002,0,W
6707,31007,31008,1,E
6708,31007,31008,1,W
6710,31012,31012,0,W
6711,31013,31014,1,E
6712,31017,31018,1,W
6684,30967,31020,53,N
6682,30964,31020,56,S
6691,30980,31022,42,N
6687,30972,31022,50,S
6699,30993,31024,31,N
6692,30980,31024,44,S
6706,31006,31026,20,N
6696,30988,31026,38,S
6713,31019,31028,9,N
6701,30996,31028,32,S
6705,31004,31030,26,S
6721,31032,31032,0,N
6709,31012,31032,20,S
6715,31020,31034,14,S
6719,31028,31036,8,S
6723,31036,31038,2,S
6728,31044,31044,0,S
6729,31045,31046,1,N
6732,31052,31052,0,S
6736,31058,31058,0,N
6737,31060,31060,0,S
6742,31068,31068,0,S
6743,31071,31072,1,N
6746,31076,31076,0,S
6714,31019,31080,61,E
6716,31022,31080,58,W
6717,31025,31080,55,E
6718,31027,31080,53,W
6720,31031,31080,49,E
6722,31032,31080,48,W
6724,31037,31082,45,E
6725,31037,31082,45,W
6727,31043,31082,39,E
6726,31042,31082,40,W
6731,31049,31082,33,E
6730,31047,31082,35,W
6734,31055,31084,29,E
6733,31052,31084,32,W
6738,31061,31084,23,E
6735,31057,31084,27,W
6740,31067,31084,17,E
6739,31062,31084,22,W
6745,31073,31086,13,E
6741,31067,31086,19,W
6748,31079,31086,7,E
6744,31072,31086,14,W
6752,31085,31086,1,E
6747,31077,31086,9,W
6749,31082,31088,6,W
6753,31087,31088,1,W
6754,31091,31092,1,E
6756,31092,31092,0,W
6758,31097,31098,1,E
6759,31097,31098,1,W
6761,31102,31102,0,W
6762,31103,31104,1,E
6763,31107,31108,1,W
6765,31109,31110,1,E
6767,31112,31112,0,W
6768,31115,31116,1,E
6770,31117,31118,1,W
6771,31121,31122,1,E
6772,31122,31122,0,W
6775,31127,31128,1,E
6776,31127,31128,1,W
6778,31132,31132,0,W
6779,31133,31134,1,E
6781,31137,31138,1,W
6750,31084,31140,56,N
6751,31084,31140,56,S
6757,31097,31142,45,N
6755,31092,31142,50,S
6766,31110,31144,34,N
6760,31100,31144,44,S
6773,31123,31146,23,N
6764,31108,31146,38,S
6780,31136,31148,12,N
6769,31116,31148,32,S
6788,31149,31150,1,N
6774,31124,31150,26,S
6777,31132,31152,20,S
6783,31140,31154,14,S
6787,31148,31156,8,S
6791,31156,31158,2,S
6794,31162,31162,0,N
6797,31164,31164,0,S
6800,31172,31172,0,S
6802,31175,31176,1,N
6805,31180,31180,0,S
6810,31188,31188,0,N
6811,31188,31188,0,S
6814,31196,31196,0,S
6782,31139,31200,61,E
6784,31142,31200,58,W
6785,31145,31200,55,E
6786,31147,31200,53,W
6789,31151,31200,49,E
6790,31152,31200,48,W
6792,31157,31202,45,E
6793,31157,31202,45,W
6796,31163,31202,39,E
6795,31162,31202,40,W
6799,31169,31202,33,E
6798,31167,31202,35,W
6803,31175,31204,29,E
6801,31172,31204,32,W
6806,31181,31204,23,E
6804,31177,31204,27,W
6808,31187,31204,17,E
6807,31182,31204,22,W
6813,31193,31206,13,E
6809,31187,31206,19,W
6816,31199,31206,7,E
6812,31192,31206,14,W
6820,31205,31206,1,E
6815,31197,31206,9,W
6818,31202,31208,6,W
6821,31207,31208,1,W
6822,31211,31212,1,E
6824,31212,31212,0,W
6826,31217,31218,1,E
6827,31217,31218,1,W
6829,31222,31222,0,W
6830,31223,31224,1,E
6832,31227,31228,1,W
6834,31229,31230,1,E
6835,31232,31232,0,W
6836,31235,31236,1,E
6838,31237,31238,1,W
6840,31241,31242,1,E
6841,31242,31242,0,W
6843,31247,31248,1,E
6844,31247,31248,1,W
6846,31252,31252,0,W
6848,31253,31254,1,E
6849,31257,31258,1,W
6817,31201,31260,59,N
6819,31204,31260,56,S
6825,31214,31262,48,N
6823,31212,31262,50,S
6831,31227,31264,37,N
6828,31220,31264,44,S
6839,31240,31266,26,N
6833,31228,31266,38,S
6847,31253,31268,15,N
6837,31236,31268,32,S
6854,31266,31270,4,N
6842,31244,31270,26,S
6845,31252,31272,20,S
6851,31260,31274,14,S
6856,31268,31276,8,S
6859,31276,31278,2,S
6862,31279,31280,1,N
6865,31284,31284,0,S
6868,31292,31292,0,N
6869,31292,31292,0,S
6873,31300,31300,0,S
6876,31305,31306,1,N
6879,31308,31308,0,S
6882,31316,31316,0,S
6884,31318,31318,0,N
6850,31259,31320,61,E
6852,31262,31320,58,W
6853,31265,31320,55,E
6855,31267,31320,53,W
6857,31271,31320,49,E
6858,31272,31320,48,W
6860,31277,31322,45,E
6861,31277,31322,45,W
6864,31283,31322,39,E
6863,31282,31322,40,W
6867,31289,31322,33,E
6866,31287,31322,35,W
6871,31295,31324,29,E
6870,31292,31324,32,W
6874,31301,31324,23,E
6872,31297,31324,27,W
6877,31307,31324,17,E
6875,31302,31324,22,W
6881,31313,31326,13,E
6878,31307,31326,19,W
6885,31319,31326,7,E
6880,31312,31326,14,W
6888,31325,31326,1,E
6883,31317,31326,9,W
6886,31322,31328,6,W
6889,31327,31328,1,W
6891,31331,31332,1,E
6893,31332,31332,0,W
6894,31337,31338,1,E
6895,31337,31338,1,W
6897,31342,31342,0,W
6898,31343,31344,1,E
6900,31347,31348,1,W
6902,31349,31350,1,E
6903,31352,31352,0,W
6904,31355,31356,1,E
6907,31357,31358,1,W
6908,31361,31362,1,E
6909,31362,31362,0,W
6911,31367,31368,1,E
6912,31367,31368,1,W
6915,31372,31372,0,W
6916,31373,31374,1,E
6917,31377,31378,1,W
6890,31331,31380,49,N
6887,31324,31380,56,S
6899,31344,31382,38,N
6892,31332,31382,50,S
6906,31357,31384,27,N
6896,31340,31384,44,S
6913,31370,31386,16,N
6901,31348,31386,38,S
6921,31383,31388,5,N
6905,31356,31388,32,S
6910,31364,31390,26,S
6914,31372,31392,20,S
6919,31380,31394,14,S
6927,31396,31396,0,N
6924,31388,31396,8,S
6928,31396,31398,2,S
6933,31404,31404,0,S
6935,31409,31410,1,N
6937,31412,31412,0,S
6941,31420,31420,0,S
6943,31422,31422,0,N
6947,31428,31428,0,S
6950,31435,31436,1,N
6951,31436,31436,0,S
6918,31379,31440,61,E
6920,31382,31440,58,W
6922,31385,31440,55,E
6923,31387,31440,53,W
6925,31391,31440,49,E
6926,31392,31440,48,W
6929,31397,31442,45,E
6930,31397,31442,45,W
6932,31403,31442,39,E
6931,31402,31442,40,W
6936,31409,31442,33,E
6934,31407,31442,35,W
6939,31415,31444,29,E
6938,31412,31444,32,W
6942,31421,31444,23,E
6940,31417,31444,27,W
6945,31427,31444,17,E
6944,31422,31444,22,W
6949,31433,31446,13,E
6946,31427,31446,19,W
6953,31439,31446,7,E
6948,31432,31446,14,W
6956,31445,31446,1,E
6952,31437,31446,9,W
6954,31442,31448,6,W
6957,31447,31448,1,W
6959,31451,31452,1,E
6961,31452,31452,0,W
6962,31457,31458,1,E
6963,31457,31458,1,W
6966,31462,31462,0,W
6967,31463,31464,1,E
6968,31467,31468,1,W
6970,31469,31470,1,E
6971,31472,31472,0,W
6973,31475,31476,1,E
6975,31477,31478,1,W
6976,31481,31482,1,E
6977,31482,31482,0,W
6980,31487,31488,1,E
6981,31487,31488,1,W
6983,31492,31492,0,W
6984,31493,31494,1,E
6985,31497,31498,1,W
6958,31448,31500,52,N
6955,31444,31500,56,S
6965,31461,31502,41,N
6960,31452,31502,50,S
6972,31474,31504,30,N
6964,31460,31504,44,S
6979,31487,31506,19,N
6969,31468,31506,38,S
6987,31500,31508,8,N
6974,31476,31508,32,S
6978,31484,31510,26,S
6982,31492,31512,20,S
6995,31513,31514,1,N
6988,31500,31514,14,S
6992,31508,31516,8,S
6996,31516,31518,2,S
7001,31524,31524,0,S
7002,31526,31526,0,N
7005,31532,31532,0,S
7009,31539,31540,1,N
7010,31540,31540,0,S
7015,31548,31548,0,S
7016,31552,31552,0,N
7019,31556,31556,0,S
6986,31499,31560,61,E
6989,31502,31560,58,W
6990,31505,31560,55,E
6991,31507,31560,53,W
6993,31511,31560,49,E
6994,31512,31560,48,W
6997,31517,31562,45,E
6998,31517,31562,45,W
7000,31523,31562,39,E
6999,31522,31562,40,W
7004,31529,31562,33,E
7003,31527,31562,35,W
7007,31535,31564,29,E
7006,31532,31564,32,W
7011,31541,31564,23,E
7008,31537,31564,27,W
7013,31547,31564,17,E
7012,31542,31564,22,W
7018,31553,31566,13,E
7014,31547,31566,19,W
7021,31559,31566,7,E
7017,31552,31566,14,W
7025,31565,31566,1,E
7020,31557,31566,9,W
7022,31562,31568,6,W
7026,31567,31568,1,W
7027,31571,31572,1,E
7029,31572,31572,0,W
7030,31577,31578,1,E
7031,31577,31578,1,W
7034,31582,31582,0,W
7035,31583,31584,1,E
7036,31587,31588,1,W
7038,31589,31590,1,E
7040,31592,31592,0,W
7041,31595,31596,1,E
7043,31597,31598,1,W
7044,31601,31602,1,E
7045,31602,31602,0,W
7048,31607,31608,1,E
7049,31607,31608,1,W
7051,31612,31612,0,W
7052,31613,31614,1,E
7054,31617,31618,1,W
7024,31565,31620,55,N
7023,31564,31620,56,S
7032,31578,31622,44,N
7028,31572,31622,50,S
7039,31591,31624,33,N
7033,31580,31624,44,S
7046,31604,31626,22,N
7037,31588,31626,38,S
7053,31617,31628,11,N
7042,31596,31628,32,S
7061,31630,31630,0,N
7047,31604,31630,26,S
7050,31612,31632,20,S
7056,31620,31634,14,S
7060,31628,31636,8,S
7064,31636,31638,2,S
7068,31643,31644,1,N
7070,31644,31644,0,S
7073,31652,31652,0,S
7076,31656,31656,0,N
7078,31660,31660,0,S
7083,31668,31668,0,S
7084,31669,31670,1,N
7087,31676,31676,0,S
7055,31619,31680,61,E
7057,31622,31680,58,W
7058,31625,31680,55,E
7059,31627,31680,53,W
7062,31631,31680,49,E
7063,31632,31680,48,W
7065,31637,31682,45,E
7066,31637,31682,45,W
7069,31643,31682,39,E
7067,31642,31682,40,W
7072,31649,31682,33,E
7071,31647,31682,35,W
7075,31655,31684,29,E
7074,31652,31684,32,W
7079,31661,31684,23,E
7077,31657,31684,27,W
7081,31667,31684,17,E
7080,31662,31684,22,W
7086,31673,31686,13,E
7082,31667,31686,19,W
7089,31679,31686,7,E
7085,31672,31686,14,W
7093,31685,31686,1,E
7088,31677,31686,9,W
7091,31682,31688,6,W
7094,31687,31688,1,W
7095,31691,31692,1,E
7097,31692,31692,0,W
7099,31697,31698,1,E
7100,31697,31698,1,W
7102,31702,31702,0,W
7103,31703,31704,1,E
7104,31707,31708,1,W
7107,31709,31710,1,E
7108,31712,31712,0,W
7109,31715,31716,1,E
7111,31717,31718,1,W
7113,31721,31722,1,E
7114,31722,31722,0,W
7116,31727,31728,1,E
7117,31727,31728,1,W
7119,31732,31732,0,W
7120,31733,31734,1,E
7122,31737,31738,1,W
7090,31682,31740,58,N
7092,31684,31740,56,S
7098,31695,31742,47,N
7096,31692,31742,50,S
7105,31708,31744,36,N
7101,31700,31744,44,S
7112,31721,31746,25,N
7106,31708,31746,38,S
7121,31734,31748,14,N
7110,31716,31748,32,S
7127,31747,31750,3,N
7115,31724,31750,26,S
7118,31732,31752,20,S
7124,31740,31754,14,S
7129,31748,31756,8,S
7132,31756,31758,2,S
7135,31760,31760,0,N
7138,31764,31764,0,S
7141,31772,31772,0,S
7143,31773,31774,1,N
7146,31780,31780,0,S
7149,31786,31786,0,N
7152,31788,31788,0,S
7155,31796,31796,0,S
7123,31739,31800,61,E
7125,31742,31800,58,W
7126,31745,31800,55,E
7128,31747,31800,53,W
7130,31751,31800,49,E
7131,31752,31800,48,W
7133,31757,31802,45,E
7134,31757,31802,45,W
7137,31763,31802,39,E
7136,31762,31802,40,W
7140,31769,31802,33,E
7139,31767,31802,35,W
7144,31775,31804,29,E
7142,31772,31804,32,W
7147,31781,31804,23,E
7145,31777,31804,27,W
7150,31787,31804,17,E
7148,31782,31804,22,W
7154,31793,31806,13,E
7151,31787,31806,19,W
7158,31799,31806,7,E
7153,31792,31806,14,W
7161,31805,31806,1,E
7156,31797,31806,9,W
7159,31802,31808,6,W
7162,31807,31808,1,W
7163,31811,31812,1,E
7166,31812,31812,0,W
7167,31817,31818,1,E
7168,31817,31818,1,W
7170,31822,31822,0,W
7171,31823,31824,1,E
7173,31827,31828,1,W
7175,31829,31830,1,E
7176,31832,31832,0,W
7177,31835,31836,1,E
7179,31837,31838,1,W
7181,31841,31842,1,E
7182,31842,31842,0,W
7184,31847,31848,1,E
7185,31847,31848,1,W
7188,31852,31852,0,W
7189,31853,31854,1,E
7190,31857,31858,1,W
7157,31799,31860,61,N
7160,31804,31860,56,S
7164,31812,31862,50,N
7165,31812,31862,50,S
7172,31825,31864,39,N
7169,31820,31864,44,S
7180,31838,31866,28,N
7174,31828,31866,38,S
7186,31851,31868,17,N
7178,31836,31868,32,S
7194,31864,31870,6,N
7183,31844,31870,26,S
7187,31852,31872,20,S
7192,31860,31874,14,S
7197,31868,31876,8,S
7201,31877,31878,1,N
7200,31876,31878,2,S
7206,31884,31884,0,S
7209,31890,31890,0,N
7210,31892,31892,0,S
7214,31900,31900,0,S
7217,31903,31904,1,N
7220,31908,31908,0,S
7223,31916,31916,0,N
7224,31916,31916,0,S
7191,31859,31920,61,E
7193,31862,31920,58,W
7195,31865,31920,55,E
7196,31867,31920,53,W
7198,31871,31920,49,E
7199,31872,31920,48,W
7202,31877,31922,45,E
7203,31877,31922,45,W
7205,31883,31922,39,E
7204,31882,31922,40,W
7208,31889,31922,33,E
7207,31887,31922,35,W
7212,31895,31924,29,E
7211,31892,31924,32,W
7215,31901,31924,23,E
7213,31897,31924,27,W
7218,31907,31924,17,E
7216,31902,31924,22,W
7222,31913,31926,13,E
7219,31907,31926,19,W
7226,31919,31926,7,E
7221,31912,31926,14,W
7229,31925,31926,1,E
7225,31917,31926,9,W
7227,31922,31928,6,W
7230,31927,31928,1,W
7232,31931,31932,1,E
7234,31932,31932,0,W
7235,31937,31938,1,E
7236,31937,31938,1,W
7239,31942,31942,0,W
7240,31943,31944,1,E
7241,31947,31948,1,W
7243,31949,31950,1,E
7244,31952,31952,0,W
7246,31955,31956,1,E
7248,31957,31958,1,W
7249,31961,31962,1,E
7250,31962,31962,0,W
7252,31967,31968,1,E
7253,31967,31968,1,W
7256,31972,31972,0,W
7257,31973,31974,1,E
7258,31977,31978,1,W
7231,31929,31980,51,N
7228,31924,31980,56,S
7238,31942,31982,40,N
7233,31932,31982,50,S
7245,31955,31984,29,N
7237,31940,31984,44,S
7254,31968,31986,18,N
7242,31948,31986,38,S
7261,31981,31988,7,N
7247,31956,31988,32,S
7251,31964,31990,26,S
7255,31972,31992,20,S
7268,31994,31994,0,N
7260,31980,31994,14,S
7265,31988,31996,8,S
7269,31996,31998,2,S
7274,32004,32004,0,S
7275,32007,32008,1,N
7278,32012,32012,0,S
7282,32020,32020,0,N
7283,32020,32020,0,S
7288,32028,32028,0,S
7290,32033,32034,1,N
7292,32036,32036,0,S
7259,31979,32040,61,E
7262,31982,32040,58,W
7263,31985,32040,55,E
7264,31987,32040,53,W
7266,31991,32040,49,E
7267,31992,32040,48,W
7270,31997,32042,45,E
7271,31997,32042,45,W
7273,32003,32042,39,E
7272,32002,32042,40,W
7277,32009,32042,33,E
7276,32007,32042,35,W
7280,32015,32044,29,E
7279,32012,32044,32,W
7284,32021,32044,23,E
7281,32017,32044,27,W
7286,32027,32044,17,E
7285,32022,32044,22,W
7291,32033,32046,13,E
7287,32027,32046,19,W
7294,32039,32046,7,E
7289,32032,32046,14,W
7297,32045,32046,1,E
7293,32037,32046,9,W
7295,32042,32048,6,W
7299,32047,32048,1,W
7300,32051,32052,1,E
7302,32052,32052,0,W
7303,32057,32058,1,E
7304,32057,32058,1,W
7307,32062,32062,0,W
7308,32063,32064,1,E
7309,32067,32068,1,W
7311,32069,32070,1,E
7313,32072,32072,0,W
7314,32075,32076,1,E
7316,32077,32078,1,W
7317,32081,32082,1,E
7318,32082,32082,0,W
7321,32087,32088,1,E
7322,32087,32088,1,W
7324,32092,32092,0,W
7325,32093,32094,1,E
7326,32097,32098,1,W
7298,32046,32100,54,N
7296,32044,32100,56,S
7305,32059,32102,43,N
7301,32052,32102,50,S
7312,32072,32104,32,N
7306,32060,32104,44,S
7320,32085,32106,21,N
7310,32068,32106,38,S
7327,32098,32108,10,N
7315,32076,32108,32,S
7319,32084,32110,26,S
7334,32111,32112,1,N
7323,32092,32112,20,S
7329,32100,32114,14,S
7333,32108,32116,8,S
7337,32116,32118,2,S
7342,32124,32124,0,N
7343,32124,32124,0,S
7346,32132,32132,0,S
7349,32137,32138,1,N
7351,32140,32140,0,S
7356,32148,32148,0,S
7357,32150,32150,0,N
7360,32156,32156,0,S
7328,32099,32160,61,E
7330,32102,32160,58,W
7331,32105,32160,55,E
7332,32107,32160,53,W
7335,32111,32160,49,E
7336,32112,32160,48,W
7338,32117,32162,45,E
7339,32117,32162,45,W
7341,32123,32162,39,E
7340,32122,32162,40,W
7345,32129,32162,33,E
7344,32127,32162,35,W
7348,32135,32164,29,E
7347,32132,32164,32,W
7352,32141,32164,23,E
7350,32137,32164,27,W
7354,32147,32164,17,E
7353,32142,32164,22,W
7359,32153,32166,13,E
7355,32147,32166,19,W
7362,32159,32166,7,E
7358,32152,32166,14,W
7366,32165,32166,1,E
7361,32157,32166,9,W
7363,32162,32168,6,W
7367,32167,32168,1,W
7368,32171,32172,1,E
7370,32172,32172,0,W
7372,32177,32178,1,E
7373,32177,32178,1,W
7375,32182,32182,0,W
7376,32183,32184,1,E
7377,32187,32188,1,W
7380,32189,32190,1,E
7381,32192,32192,0,W
7382,32195,32196,1,E
7384,32197,32198,1,W
7385,32201,32202,1,E
7387,32202,32202,0,W
7389,32207,32208,1,E
7390,32207,32208,1,W
7392,32212,32212,0,W
7393,32213,32214,1,E
7395,32217,32218,1,W
7364,32163,32220,57,N
7365,32164,32220,56,S
7371,32176,32222,46,N
7369,32172,32222,50,S
7379,32189,32224,35,N
7374,32180,32224,44,S
7386,32202,32226,24,N
7378,32188,32226,38,S
7394,32215,32228,13,N
7383,32196,32228,32,S
7401,32228,32230,2,N
7388,32204,32230,26,S
7391,32212,32232,20,S
7397,32220,32234,14,S
7402,32228,32236,8,S
7405,32236,32238,2,S
7408,32241,32242,1,N
7411,32244,32244,0,S
7414,32252,32252,0,S
7416,32254,32254,0,N
7419,32260,32260,0,S
7422,32267,32268,1,N
7425,32268,32268,0,S
7428,32276,32276,0,S
7396,32219,32280,61,E
7398,32222,32280,58,W
7399,32225,32280,55,E
7400,32227,32280,53,W
7403,32231,32280,49,E
7404,32232,32280,48,W
7406,32237,32282,45,E
7407,32237,32282,45,W
7410,32243,32282,39,E
7409,32242,32282,40,W
7413,32249,32282,33,E
7412,32247,32282,35,W
7417,32255,32284,29,E
7415,32252,32284,32,W
7420,32261,32284,23,E
7418,32257,32284,27,W
7423,32267,32284,17,E
7421,32262,32284,22,W
7427,32273,32286,13,E
7424,32267,32286,19,W
7430,32279,32286,7,E
7426,32272,32286,14,W
7434,32285,32286,1,E
7429,32277,32286,9,W
7432,32282,32288,6,W
7435,32287,32288,1,W
7436,32291,32292,1,E
7438,32292,32292,0,W
7440,32297,32298,1,E
7441,32297,32298,1,W
7443,32302,32302,0,W
7444,32303,32304,1,E
7446,32307,32308,1,W
7448,32309,32310,1,E
7449,32312,32312,0,W
7450,32315,32316,1,E
7452,32317,32318,1,W
7454,32321,32322,1,E
7455,32322,32322,0,W
7457,32327,32328,1,E
7458,32327,32328,1,W
7461,32332,32332,0,W
7462,32333,32334,1,E
7463,32337,32338,1,W
7431,32280,32340,60,N
7433,32284,32340,56,S
7439,32293,32342,49,N
7437,32292,32342,50,S
7445,32306,32344,38,N
7442,32300,32344,44,S
7453,32319,32346,27,N
7447,32308,32346,38,S
7459,32332,32348,16,N
7451,32316,32348,32,S
7467,32345,32350,5,N
7456,32324,32350,26,S
7460,32332,32352,20,S
7465,32340,32354,14,S
7470,32348,32356,8,S
7476,32358,32358,0,N
7473,32356,32358,2,S
7479,32364,32364,0,S
7482,32371,32372,1,N
7483,32372,32372,0,S
7487,32380,32380,0,S
7490,32384,32384,0,N
7493,32388,32388,0,S
7496,32396,32396,0,S
7497,32397,32398,1,N
7464,32339,32400,61,E
7466,32342,32400,58,W
7468,32345,32400,55,E
7469,32347,32400,53,W
7471,32351,32400,49,E
7472,32352,32400,48,W
7474,32357,32402,45,E
7475,32357,32402,45,W
7478,32363,32402,39,E
7477,32362,32402,40,W
7481,32369,32402,33,E
7480,32367,32402,35,W
7485,32375,32404,29,E
7484,32372,32404,32,W
7488,32381,32404,23,E
7486,32377,32404,27,W
7491,32387,32404,17,E
7489,32382,32404,22,W
7495,32393,32406,13,E
7492,32387,32406,19,W
7499,32399,32406,7,E
7494,32392,32406,14,W
7502,32405,32406,1,E
7498,32397,32406,9,W
7500,32402,32408,6,W
7503,32408,32408,0,W
7505,32412,32412,0,E
7507,32414,32414,0,W
7508,32419,32420,1,E
7509,32420,32420,0,W
7512,32426,32426,0,E
7513,32426,32426,0,W
7514,32432,32432,0,W
7515,32433,32434,1,E
7517,32438,32438,0,W
7519,32440,32440,0,E
7521,32444,32444,0,W
7522,32447,32448,1,E
7523,32450,32450,0,W
7525,32454,32454,0,E
7527,32456,32456,0,W
7504,32410,32460,50,N
7501,32404,32460,56,S
7511,32425,32462,37,N
7506,32414,32462,48,S
7518,32440,32464,24,N
7510,32424,32464,40,S
7526,32455,32466,11,N
7516,32434,32466,32,S
7520,32444,32468,24,S
7533,32470,32470,0,N
7524,32454,32470,16,S
7530,32464,32472,8,S
7534,32474,32474,0,S
7539,32484,32484,0,S
7540,32485,32486,1,N
7544,32494,32494,0,S
7547,32500,32500,0,N
7549,32504,32504,0,S
7553,32514,32514,0,S
7554,32515,32516,1,N
7528,32461,32520,59,E
7529,32462,32520,58,W
7531,32468,32520,52,E
7532,32468,32520,52,W
7536,32475,32520,45,E
7535,32474,32520,46,W
7538,32482,32522,40,E
7537,32480,32522,42,W
7542,32489,32522,33,E
7541,32486,32522,36,W
7545,32496,32522,26,E
7543,32492,32522,30,W
7548,32503,32524,21,E
7546,32498,32524,26,W
7551,32510,32524,14,E
7550,32504,32524,20,W
7556,32517,32524,7,E
7552,32510,32524,14,W
7559,32524,32526,2,E
7555,32516,32526,10,W
7557,32522,32526,4,W
7560,32528,32528,0,W
7562,32531,32532,1,E
7564,32534,32534,0,W
7565,32538,32538,0,E
7566,32540,32540,0,W
7569,32545,32546,1,E
7570,32546,32546,0,W
7571,32552,32552,0,E
7572,32552,32552,0,W
7574,32558,32558,0,W
7575,32559,32560,1,E
7578,32564,32564,0,W
7579,32566,32566,0,E
7580,32570,32570,0,W
7581,32573,32574,1,E
7584,32576,32576,0,W
7561,32530,32580,50,N
7558,32524,32580,56,S
7568,32545,32582,37,N
7563,32534,32582,48,S
7576,32560,32584,24,N
7567,32544,32584,40,S
7583,32575,32586,11,N
7573,32554,32586,32,S
7577,32564,32588,24,S
7590,32590,32590,0,N
7582,32574,32590,16,S
7587,32584,32592,8,S
7591,32594,32594,0,S
7596,32604,32604,0,S
7597,32605,32606,1,N
7601,32614,32614,0,S
7604,32620,32620,0,N
7606,32624,32624,0,S
7610,32634,32634,0,S
7611,32635,32636,1,N
7585,32580,32640,60,E
7586,32582,32640,58,W
7588,32587,32640,53,E
7589,32588,32640,52,W
7592,32594,32640,46,E
7593,32594,32640,46,W
7595,32601,32642,41,E
7594,32600,32642,42,W
7599,32608,32642,34,E
7598,32606,32642,36,W
7602,32615,32642,27,E
7600,32612,32642,30,W
7605,32622,32644,22,E
7603,32618,32644,26,W
7608,32629,32644,15,E
7607,32624,32644,20,W
7612,32636,32644,8,E
7609,32630,32644,14,W
7615,32643,32646,3,E
7613,32636,32646,10,W
7614,32642,32646,4,W
7617,32648,32648,0,W
7619,32650,32650,0,E
7621,32654,32654,0,W
7622,32657,32658,1,E
7623,32660,32660,0,W
7625,32664,32664,0,E
7627,32666,32666,0,W
7628,32671,32672,1,E
7629,32672,32672,0,W
7631,32678,32678,0,E
7632,32678,32678,0,W
7635,32684,32684,0,W
7636,32685,32686,1,E
7637,32690,32690,0,W
7638,32692,32692,0,E
7641,32696,32696,0,W
7618,32650,32700,50,N
7616,32644,32700,56,S
7626,32665,32702,37,N
7620,32654,32702,48,S
7633,32680,32704,24,N
7624,32664,32704,40,S
7640,32695,32706,11,N
7630,32674,32706,32,S
7634,32684,32708,24,S
7647,32710,32710,0,N
7639,32694,32710,16,S
7644,32704,32712,8,S
7649,32714,32714,0,S
7653,32724,32724,0,S
7654,32725,32726,1,N
7658,32734,32734,0,S
7661,32740,32740,0,N
7663,32744,32744,0,S
7667,32754,32754,0,S
7668,32755,32756,1,N
7642,32699,32760,61,E
7643,32702,32760,58,W
7645,32706,32760,54,E
7646,32708,32760,52,W
7648,32713,32760,47,E
7650,32714,32760,46,W
7651,32720,32762,42,E
7652,32720,32762,42,W
7656,32727,32762,35,E
7655,32726,32762,36,W
7659,32734,32762,28,E
7657,32732,32762,30,W
7662,32741,32764,23,E
7660,32738,32764,26,W
7665,32748,32764,16,E
7664,32744,32764,20,W
7669,32755,32764,9,E
7666,32750,32764,14,W
7671,32762,32766,4,E
7670,32756,32766,10,W
7672,32762,32766,4,W
7674,32768,32768,0,W
7675,32769,32770,1,E
7678,32774,32774,0,W
7679,32776,32776,0,E
7680,32780,32780,0,W
7681,32783,32784,1,E
7684,32786,32786,0,W
7685,32790,32790,0,E
7686,32792,32792,0,W
7688,32797,32798,1,E
7689,32798,32798,0,W
7692,32804,32804,0,E
7693,32804,32804,0,W
7694,32810,32810,0,W
7695,32811,32812,1,E
7698,32816,32816,0,W
7699,32818,32818,0,E
7676,32770,32820,50,N
7673,32764,32820,56,S
7683,32785,32822,37,N
7677,32774,32822,48,S
7690,32800,32824,24,N
7682,32784,32824,40,S
7697,32815,32826,11,N
7687,32794,32826,32,S
7691,32804,32828,24,S
7704,32830,32830,0,N
7696,32814,32830,16,S
7701,32824,32832,8,S
7706,32834,32834,0,S
7710,32844,32844,0,S
7711,32845,32846,1,N
7716,32854,32854,0,S
7718,32860,32860,0,N
7720,32864,32864,0,S
7724,32874,32874,0,S
7726,32875,32876,1,N
7702,32825,32880,55,E
7700,32822,32880,58,W
7705,32832,32880,48,E
7703,32828,32880,52,W
7708,32839,32880,41,E
7707,32834,32880,46,W
7712,32846,32882,36,E
7709,32840,32882,42,W
7715,32853,32882,29,E
7713,32846,32882,36,W
7719,32860,32882,22,E
7714,32852,32882,30,W
7722,32867,32884,17,E
7717,32858,32884,26,W
7725,32874,32884,10,E
7721,32864,32884,20,W
7728,32881,32884,3,E
7723,32870,32884,14,W
7727,32876,32886,10,W
7729,32882,32886,4,W
7731,32888,32888,0,E
7732,32888,32888,0,W
7735,32894,32894,0,W
7736,32895,32896,1,E
7737,32900,32900,0,W
7738,32902,32902,0,E
7741,32906,32906,0,W
7742,32909,32910,1,E
7743,32912,32912,0,W
7745,32916,32916,0,E
7746,32918,32918,0,W
7748,32923,32924,1,E
7750,32924,32924,0,W
7751,32930,32930,0,E
7752,32930,32930,0,W
7755,32936,32936,0,W
7756,32937,32938,1,E
7733,32890,32940,50,N
7730,32884,32940,56,S
7740,32905,32942,37,N
7734,32894,32942,48,S
7747,32920,32944,24,N
7739,32904,32944,40,S
7754,32935,32946,11,N
7744,32914,32946,32,S
7749,32924,32948,24,S
7761,32950,32950,0,N
7753,32934,32950,16,S
7758,32944,32952,8,S
7763,32954,32954,0,S
7767,32964,32964,0,S
7768,32965,32966,1,N
7773,32974,32974,0,S
7776,32980,32980,0,N
7777,32984,32984,0,S
7782,32994,32994,0,S
7783,32995,32996,1,N
7759,32944,33000,56,E
7757,32942,33000,58,W
7762,32951,33000,49,E
7760,32948,33000,52,W
7765,32958,33000,42,E
7764,32954,33000,46,W
7769,32965,33002,37,E
7766,32960,33002,42,W
7771,32972,33002,30,E
7770,32966,33002,36,W
7775,32979,33002,23,E
7772,32972,33002,30,W
7779,32986,33004,18,E
7774,32978,33004,26,W
7781,32993,33004,11,E
7778,32984,33004,20,W
7785,33000,33004,4,E
7780,32990,33004,14,W
7784,32996,33006,10,W
7786,33002,33006,4,W
7788,33007,33008,1,E
7789,33008,33008,0,W
7792,33014,33014,0,E
7793,33014,33014,0,W
7794,33020,33020,0,W
7795,33021,33022,1,E
7798,33026,33026,0,W
7799,33028,33028,0,E
7800,33032,33032,0,W
7802,33035,33036,1,E
7803,33038,33038,0,W
7805,33042,33042,0,E
7807,33044,33044,0,W
7808,33049,33050,1,E
7809,33050,33050,0,W
7812,33056,33056,0,E
7813,33056,33056,0,W
7790,33010,33060,50,N
7787,33004,33060,56,S
7797,33025,33062,37,N
7791,33014,33062,48,S
7804,33040,33064,24,N
7796,33024,33064,40,S
7811,33055,33066,11,N
7801,33034,33066,32,S
7806,33044,33068,24,S
7818,33070,33070,0,N
7810,33054,33070,16,S
7816,33064,33072,8,S
7820,33074,33074,0,S
7824,33084,33084,0,S
7826,33085,33086,1,N
7830,33094,33094,0,S
7833,33100,33100,0,N
7834,33104,33104,0,S
7839,33114,33114,0,S
7840,33115,33116,1,N
7815,33063,33120,57,E
7814,33062,33120,58,W
7819,33070,33120,50,E
7817,33068,33120,52,W
7822,33077,33120,43,E
7821,33074,33120,46,W
7825,33084,33122,38,E
7823,33080,33122,42,W
7828,33091,33122,31,E
7827,33086,33122,36,W
7831,33098,33122,24,E
7829,33092,33122,30,W
7836,33105,33124,19,E
7832,33098,33124,26,W
7838,33112,33124,12,E
7835,33104,33124,20,W
7842,33119,33124,5,E
7837,33110,33124,14,W
7845,33126,33126,0,E
7841,33116,33126,10,W
7843,33122,33126,4,W
7846,33128,33128,0,W
7848,33133,33134,1,E
7850,33134,33134,0,W
7851,33140,33140,0,E
7852,33140,33140,0,W
7855,33146,33146,0,W
7856,33147,33148,1,E
7857,33152,33152,0,W
7859,33154,33154,0,E
7860,33158,33158,0,W
7862,33161,33162,1,E
7864,33164,33164,0,W
7865,33168,33168,0,E
7866,33170,33170,0,W
7869,33175,33176,1,E
7870,33176,33176,0,W
7847,33130,33180,50,N
7844,33124,33180,56,S
7854,33145,33182,37,N
7849,33134,33182,48,S
7861,33160,33184,24,N
7853,33144,33184,40,S
7868,33175,33186,11,N
7858,33154,33186,32,S
7863,33164,33188,24,S
7876,33190,33190,0,N
7867,33174,33190,16,S
7873,33184,33192,8,S
7877,33194,33194,0,S
7882,33204,33204,0,S
7883,33205,33206,1,N
7887,33214,33214,0,S
7890,33220,33220,0,N
7891,33224,33224,0,S
7896,33234,33234,0,S
7897,33235,33236,1,N
7871,33182,33240,58,E
7872,33182,33240,58,W
7875,33189,33240,51,E
7874,33188,33240,52,W
7879,33196,33240,44,E
7878,33194,33240,46,W
7881,33203,33242,39,E
7880,33200,33242,42,W
7885,33210,33242,32,E
7884,33206,33242,36,W
7888,33217,33242,25,E
7886,33212,33242,30,W
7892,33224,33244,20,E
7889,33218,33244,26,W
7895,33231,33244,13,E
7893,33224,33244,20,W
7899,33238,33244,6,E
7894,33230,33244,14,W
7902,33245,33246,1,E
7898,33236,33246,10,W
7900,33242,33246,4,W
7903,33248,33248,0,W
7905,33252,33252,0,E
7907,33254,33254,0,W
7908,33259,33260,1,E
7909,33260,33260,0,W
7912,33266,33266,0,E
7913,33266,33266,0,W
7914,33272,33272,0,W
7915,33273,33274,1,E
7917,33278,33278,0,W
7919,33280,33280,0,E
7921,33284,33284,0,W
7922,33287,33288,1,E
7923,33290,33290,0,W
7925,33294,33294,0,E
7927,33296,33296,0,W
7904,33250,33300,50,N
7901,33244,33300,56,S
7911,33265,33302,37,N
7906,33254,33302,48,S
7918,33280,33304,24,N
7910,33264,33304,40,S
7926,33295,33306,11,N
7916,33274,33306,32,S
7920,33284,33308,24,S
7933,33310,33310,0,N
7924,33294,33310,16,S
7930,33304,33312,8,S
7934,33314,33314,0,S
7939,33324,33324,0,S
7940,33325,33326,1,N
7944,33334,33334,0,S
7947,33340,33340,0,N
7949,33344,33344,0,S
7953,33354,33354,0,S
7954,33355,33356,1,N
7928,33301,33360,59,E
7929,33302,33360,58,W
7931,33308,33360,52,E
7932,33308,33360,52,W
7936,33315,33360,45,E
7935,33314,33360,46,W
7938,33322,33362,40,E
7937,33320,33362,42,W
7942,33329,33362,33,E
7941,33326,33362,36,W
7945,33336,33362,26,E
7943,33332,33362,30,W
7948,33343,33364,21,E
7946,33338,33364,26,W
7951,33350,33364,14,E
7950,33344,33364,20,W
7956,33357,33364,7,E
7952,33350,33364,14,W
7959,33364,33366,2,E
7955,33356,33366,10,W
7957,33362,33366,4,W
7960,33368,33368,0,W
7962,33371,33372,1,E
7964,33374,33374,0,W
7965,33378,33378,0,E
7966,33380,33380,0,W
7969,33385,33386,1,E
7970,33386,33386,0,W
7971,33392,33392,0,E
7972,33392,33392,0,W
7974,33398,33398,0,W
7975,33399,33400,1,E
7978,33404,33404,0,W
7979,33406,33406,0,E
7980,33410,33410,0,W
7981,33413,33414,1,E
7984,33416,33416,0,W
7961,33370,33420,50,N
7958,33364,33420,56,S
7968,33385,33422,37,N
7963,33374,33422,48,S
7976,33400,33424,24,N
7967,33384,33424,40,S
7983,33415,33426,11,N
7973,33394,33426,32,S
7977,33404,33428,24,S
7990,33430,33430,0,N
7982,33414,33430,16,S
7987,33424,33432,8,S
7991,33434,33434,0,S
7996,33444,33444,0,S
7997,33445,33446,1,N
8001,33454,33454,0,S
8004,33460,33460,0,N
8006,33464,33464,0,S
8010,33474,33474,0,S
8011,33475,33476,1,N
7985,33420,33480,60,E
7986,33422,33480,58,W
7988,33427,33480,53,E
7989,33428,33480,52,W
7992,33434,33480,46,E
7993,33434,33480,46,W
7995,33441,33482,41,E
7994,33440,33482,42,W
7999,33448,33482,34,E
7998,33446,33482,36,W
8002,33455,33482,27,E
8000,33452,33482,30,W
8005,33462,33484,22,E
8003,33458,33484,26,W
8008,33469,33484,15,E
8007,33464,33484,20,W
8012,33476,33484,8,E
8009,33470,33484,14,W
8015,33483,33486,3,E
8013,33476,33486,10,W
8014,33482,33486,4,W
8017,33488,33488,0,W
8019,33490,33490,0,E
8021,33494,33494,0,W
8022,33497,33498,1,E
8023,33500,33500,0,W
8025,33504,33504,0,E
8027,33506,33506,0,W
8028,33511,33512,1,E
8029,33512,33512,0,W
8031,33518,33518,0,E
8032,33518,33518,0,W
8035,33524,33524,0,W
8036,33525,33526,1,E
8037,33530,33530,0,W
8038,33532,33532,0,E
8041,33536,33536,0,W
8018,33490,33540,50,N
8016,33484,33540,56,S
8026,33505,33542,37,N
8020,33494,33542,48,S
8033,33520,33544,24,N
8024,33504,33544,40,S
8040,33535,33546,11,N
8030,33514,33546,32,S
8034,33524,33548,24,S
8047,33550,33550,0,N
8039,33534,33550,16,S
8044,33544,33552,8,S
8049,33554,33554,0,S
8053,33564,33564,0,S
8054,33565,33566,1,N
8058,33574,33574,0,S
8061,33580,33580,0,N
8063,33584,33584,0,S
8067,33594,33594,0,S
8068,33595,33596,1,N
8042,33539,33600,61,E
8043,33542,33600,58,W
8045,33546,33600,54,E
8046,33548,33600,52,W
8048,33553,33600,47,E
8050,33554,33600,46,W
8051,33560,33602,42,E
8052,33560,33602,42,W
8056,33567,33602,35,E
8055,33566,33602,36,W
8059,33574,33602,28,E
8057,33572,33602,30,W
8062,33581,33604,23,E
8060,33578,33604,26,W
8065,33588,33604,16,E
8064,33584,33604,20,W
8069,33595,33604,9,E
8066,33590,33604,14,W
8071,33602,33606,4,E
8070,33596,33606,10,W
8072,33602,33606,4,W
8074,33608,33608,0,W
8075,33609,33610,1,E
8078,33614,33614,0,W
8079,33616,33616,0,E
8080,33620,33620,0,W
8081,33623,33624,1,E
8084,33626,33626,0,W
8085,33630,33630,0,E
8086,33632,33632,0,W
8088,33637,33638,1,E
8089,33638,33638,0,W
8092,33644,33644,0,E
8093,33644,33644,0,W
8094,33650,33650,0,W
8095,33651,33652,1,E
8098,33656,33656,0,W
8099,33658,33658,0,E
8076,33610,33660,50,N
8073,33604,33660,56,S
8083,33625,33662,37,N
8077,33614,33662,48,S
8090,33640,33664,24,N
8082,33624,33664,40,S
8097,33655,33666,11,N
8087,33634,33666,32,S
8091,33644,33668,24,S
8104,33670,33670,0,N
8096,33654,33670,16,S
8101,33664,33672,8,S
8106,33674,33674,0,S
8110,33684,33684,0,S
8111,33685,33686,1,N
8116,33694,33694,0,S
8118,33700,33700,0,N
8120,33704,33704,0,S
8124,33714,33714,0,S
8126,33715,33716,1,N
8102,33665,33720,55,E
8100,33662,33720,58,W
8105,33672,33720,48,E
8103,33668,33720,52,W
8108,33679,33720,41,E
8107,33674,33720,46,W
8112,33686,33722,36,E
8109,33680,33722,42,W
8115,33693,33722,29,E
8113,33686,33722,36,W
8119,33700,33722,22,E
8114,33692,33722,30,W
8122,33707,33724,17,E
8117,33698,33724,26,W
8125,33714,33724,10,E
8121,33704,33724,20,W
8128,33721,33724,3,E
8123,33710,33724,14,W
8127,33716,33726,10,W
8129,33722,33726,4,W
8131,33728,33728,0,E
8132,33728,33728,0,W
8135,33734,33734,0,W
8136,33735,33736,1,E
8137,33740,33740,0,W
8138,33742,33742,0,E
8141,33746,33746,0,W
8142,33749,33750,1,E
8143,33752,33752,0,W
8145,33756,33756,0,E
8146,33758,33758,0,W
8148,33763,33764,1,E
8150,33764,33764,0,W
8151,33770,33770,0,E
8152,33770,33770,0,W
8155,33776,33776,0,W
8156,33777,33778,1,E
8133,33730,33780,50,N
8130,33724,33780,56,S
8140,33745,33782,37,N
8134,33734,33782,48,S
8147,33760,33784,24,N
8139,33744,33784,40,S
8154,33775,33786,11,N
8144,33754,33786,32,S
8149,33764,33788,24,S
8161,33790,33790,0,N
8153,33774,33790,16,S
8158,33784,33792,8,S
8163,33794,33794,0,S
8167,33804,33804,0,S
8168,33805,33806,1,N
8173,33814,33814,0,S
8176,33820,33820,0,N
8177,33824,33824,0,S
8182,33834,33834,0,S
8183,33835,33836,1,N
8159,33784,33840,56,E
8157,33782,33840,58,W
8162,33791,33840,49,E
8160,33788,33840,52,W
8165,33798,33840,42,E
8164,33794,33840,46,W
8169,33805,33842,37,E
8166,33800,33842,42,W
8171,33812,33842,30,E
8170,33806,33842,36,W
8175,33819,33842,23,E
8172,33812,33842,30,W
8179,33826,33844,18,E
8174,33818,33844,26,W
8181,33833,33844,11,E
8178,33824,33844,20,W
8185,33840,33844,4,E
8180,33830,33844,14,W
8184,33836,33846,10,W
8186,33842,33846,4,W
8188,33847,33848,1,E
8189,33848,33848,0,W
8192,33854,33854,0,E
8193,33854,33854,0,W
8194,33860,33860,0,W
8195,33861,33862,1,E
8198,33866,33866,0,W
8199,33868,33868,0,E
8200,33872,33872,0,W
8202,33875,33876,1,E
8203,33878,33878,0,W
8205,33882,33882,0,E
8207,33884,33884,0,W
8208,33889,33890,1,E
8209,33890,33890,0,W
8212,33896,33896,0,E
8213,33896,33896,0,W
8190,33850,33900,50,N
8187,33844,33900,56,S
8197,33865,33902,37,N
8191,33854,33902,48,S
8204,33880,33904,24,N
8196,33864,33904,40,S
8211,33895,33906,11,N
8201,33874,33906,32,S
8206,33884,33908,24,S
8218,33910,33910,0,N
8210,33894,33910,16,S
8216,33904,33912,8,S
8220,33914,33914,0,S
8224,33924,33924,0,S
8226,33925,33926,1,N
8230,33934,33934,0,S
8233,33940,33940,0,N
8234,33944,33944,0,S
8239,33954,33954,0,S
8240,33955,33956,1,N
8215,33903,33960,57,E
8214,33902,33960,58,W
8219,33910,33960,50,E
8217,33908,33960,52,W
8222,33917,33960,43,E
8221,33914,33960,46,W
8225,33924,33962,38,E
8223,33920,33962,42,W
8228,33931,33962,31,E
8227,33926,33962,36,W
8231,33938,33962,24,E
8229,33932,33962,30,W
8236,33945,33964,19,E
8232,33938,33964,26,W
8238,33952,33964,12,E
8235,33944,33964,20,W
8242,33959,33964,5,E
8237,33950,33964,14,W
8245,33966,33966,0,E
8241,33956,33966,10,W
8243,33962,33966,4,W
8246,33968,33968,0,W
8248,33973,33974,1,E
8250,33974,33974,0,W
8251,33980,33980,0,E
8252,33980,33980,0,W
8255,33986,33986,0,W
8256,33987,33988,1,E
8257,33992,33992,0,W
8259,33994,33994,0,E
8260,33998,33998,0,W
8262,34001,34002,1,E
8264,34004,34004,0,W
8265,34008,34008,0,E
8266,34010,34010,0,W
8269,34015,34016,1,E
8270,34016,34016,0,W
8247,33970,34020,50,N
8244,33964,34020,56,S
8254,33985,34022,37,N
8249,33974,34022,48,S
8261,34000,34024,24,N
8253,33984,34024,40,S
8268,34015,34026,11,N
8258,33994,34026,32,S
8263,34004,34028,24,S
8276,34030,34030,0,N
8267,34014,34030,16,S
8273,34024,34032,8,S
8277,34034,34034,0,S
8282,34044,34044,0,S
8283,34045,34046,1,N
8287,34054,34054,0,S
8290,34060,34060,0,N
8291,34064,34064,0,S
8296,34074,34074,0,S
8297,34075,34076,1,N
8271,34022,34080,58,E
8272,34022,34080,58,W
8275,34029,34080,51,E
8274,34028,34080,52,W
8279,34036,34080,44,E
8278,34034,34080,46,W
8281,34043,34082,39,E
8280,34040,34082,42,W
8285,34050,34082,32,E
8284,34046,34082,36,W
8288,34057,34082,25,E
8286,34052,34082,30,W
8292,34064,34084,20,E
8289,34058,34084,26,W
8295,34071,34084,13,E
8293,34064,34084,20,W
8299,34078,34084,6,E
8294,34070,34084,14,W
8302,34085,34086,1,E
8298,34076,34086,10,W
8300,34082,34086,4,W
8303,34088,34088,0,W
8305,34092,34092,0,E
8307,34094,34094,0,W
8308,34099,34100,1,E
8309,34100,34100,0,W
8312,34106,34106,0,E
8313,34106,34106,0,W
8314,34112,34112,0,W
8315,34113,34114,1,E
8317,34118,34118,0,W
8319,34120,34120,0,E
8321,34124,34124,0,W
8322,34127,34128,1,E
8323,34130,34130,0,W
8325,34134,34134,0,E
8327,34136,34136,0,W
8304,34090,34140,50,N
8301,34084,34140,56,S
8311,34105,34142,37,N
8306,34094,34142,48,S
8318,34120,34144,24,N
8310,34104,34144,40,S
8326,34135,34146,11,N
8316,34114,34146,32,S
8320,34124,34148,24,S
8333,34150,34150,0,N
8324,34134,34150,16,S
8330,34144,34152,8,S
8334,34154,34154,0,S
8339,34164,34164,0,S
8340,34165,34166,1,N
8344,34174,34174,0,S
8347,34180,34180,0,N
8349,34184,34184,0,S
8353,34194,34194,0,S
8354,34195,34196,1,N
8328,34141,34200,59,E
8329,34142,34200,58,W
8331,34148,34200,52,E
8332,34148,34200,52,W
8336,34155,34200,45,E
8335,34154,34200,46,W
8338,34162,34202,40,E
8337,34160,34202,42,W
8342,34169,34202,33,E
8341,34166,34202,36,W
8345,34176,34202,26,E
8343,34172,34202,30,W
8348,34183,34204,21,E
8346,34178,34204,26,W
8351,34190,34204,14,E
8350,34184,34204,20,W
8356,34197,34204,7,E
8352,34190,34204,14,W
8359,34204,34206,2,E
8355,34196,34206,10,W
8357,34202,34206,4,W
8360,34208,34208,0,W
8362,34211,34212,1,E
8364,34214,34214,0,W
8365,34218,34218,0,E
8366,34220,34220,0,W
8369,34225,34226,1,E
8370,34226,34226,0,W
8371,34232,34232,0,E
8372,34232,34232,0,W
8374,34238,34238,0,W
8375,34239,34240,1,E
8378,34244,34244,0,W
8379,34246,34246,0,E
8380,34250,34250,0,W
8381,34253,34254,1,E
8384,34256,34256,0,W
8361,34210,34260,50,N
8358,34204,34260,56,S
8368,34225,34262,37,N
8363,34214,34262,48,S
8376,34240,34264,24,N
8367,34224,34264,40,S
8383,34255,34266,11,N
8373,34234,34266,32,S
8377,34244,34268,24,S
8390,34270,34270,0,N
8382,34254,34270,16,S
8387,34264,34272,8,S
8391,34274,34274,0,S
8396,34284,34284,0,S
8397,34285,34286,1,N
8401,34294,34294,0,S
8404,34300,34300,0,N
8406,34304,34304,0,S
8410,34314,34314,0,S
8411,34315,34316,1,N
8385,34260,34320,60,E
8386,34262,34320,58,W
8388,34267,34320,53,E
8389,34268,34320,52,W
8392,34274,34320,46,E
8393,34274,34320,46,W
8395,34281,34322,41,E
8394,34280,34322,42,W
8399,34288,34322,34,E
8398,34286,34322,36,W
8402,34295,34322,27,E
8400,34292,34322,30,W
8405,34302,34324,22,E
8403,34298,34324,26,W
8408,34309,34324,15,E
8407,34304,34324,20,W
8412,34316,34324,8,E
8409,34310,34324,14,W
8415,34323,34326,3,E
8413,34316,34326,10,W
8414,34322,34326,4,W
8417,34328,34328,0,W
8419,34330,34330,0,E
8421,34334,34334,0,W
8422,34337,34338,1,E
8423,34340,34340,0,W
8425,34344,34344,0,E
8427,34346,34346,0,W
8428,34351,34352,1,E
8429,34352,34352,0,W
8431,34358,34358,0,E
8432,34358,34358,0,W
8435,34364,34364,0,W
8436,34365,34366,1,E
8437,34370,34370,0,W
8438,34372,34372,0,E
8441,34376,34376,0,W
8418,34330,34380,50,N
8416,34324,34380,56,S
8426,34345,34382,37,N
8420,34334,34382,48,S
8433,34360,34384,24,N
8424,34344,34384,40,S
8440,34375,34386,11,N
8430,34354,34386,32,S
8434,34364,34388,24,S
8447,34390,34390,0,N
8439,34374,34390,16,S
8444,34384,34392,8,S
8449,34394,34394,0,S
8453,34404,34404,0,S
8454,34405,34406,1,N
8458,34414,34414,0,S
8461,34420,34420,0,N
8463,34424,34424,0,S
8467,34434,34434,0,S
8468,34435,34436,1,N
8442,34379,34440,61,E
8443,34382,34440,58,W
8445,34386,34440,54,E
8446,34388,34440,52,W
8448,34393,34440,47,E
8450,34394,34440,46,W
8451,34400,34442,42,E
8452,34400,34442,42,W
8456,34407,34442,35,E
8455,34406,34442,36,W
8459,34414,34442,28,E
8457,34412,34442,30,W
8462,34421,34444,23,E
8460,34418,34444,26,W
8465,34428,34444,16,E
8464,34424,34444,20,W
8469,34435,34444,9,E
8466,34430,34444,14,W
8471,34442,34446,4,E
8470,34436,34446,10,W
8472,34442,34446,4,W
8474,34448,34448,0,W
8475,34449,34450,1,E
8478,34454,34454,0,W
8479,34456,34456,0,E
8480,34460,34460,0,W
8481,34463,34464,1,E
8484,34466,34466,0,W
8485,34470,34470,0,E
8486,34472,34472,0,W
8488,34477,34478,1,E
8489,34478,34478,0,W
8492,34484,34484,0,E
8493,34484,34484,0,W
8494,34490,34490,0,W
8495,34491,34492,1,E
8498,34496,34496,0,W
8499,34498,34498,0,E
8476,34450,34500,50,N
8473,34444,34500,56,S
8483,34465,34502,37,N
8477,34454,34502,48,S
8490,34480,34504,24,N
8482,34464,34504,40,S
8497,34495,34506,11,N
8487,34474,34506,32,S
8491,34484,34508,24,S
8504,34510,34510,0,N
8496,34494,34510,16,S
8501,34504,34512,8,S
8506,34514,34514,0,S
8510,34524,34524,0,S
8511,34525,34526,1,N
8516,34534,34534,0,S
8518,34540,34540,0,N
8520,34544,34544,0,S
8524,34554,34554,0,S
8526,34555,34556,1,N
8502,34505,34560,55,E
8500,34502,34560,58,W
8505,34512,34560,48,E
8503,34508,34560,52,W
8508,34519,34560,41,E
8507,34514,34560,46,W
8512,34526,34562,36,E
8509,34520,34562,42,W
8515,34533,34562,29,E
8513,34526,34562,36,W
8519,34540,34562,22,E
8514,34532,34562,30,W
8522,34547,34564,17,E
8517,34538,34564,26,W
8525,34554,34564,10,E
8521,34544,34564,20,W
8528,34561,34564,3,E
8523,34550,34564,14,W
8527,34556,34566,10,W
8529,34562,34566,4,W
8531,34568,34568,0,E
8532,34568,34568,0,W
8535,34574,34574,0,W
8536,34575,34576,1,E
8537,34580,34580,0,W
8538,34582,34582,0,E
8541,34586,34586,0,W
8542,34589,34590,1,E
8543,34592,34592,0,W
8545,34596,34596,0,E
8546,34598,34598,0,W
8548,34603,34604,1,E
8550,34604,34604,0,W
8551,34610,34610,0,E
8552,34610,34610,0,W
8555,34616,34616,0,W
8556,34617,34618,1,E
8533,34570,34620,50,N
8530,34564,34620,56,S
8540,34585,34622,37,N
8534,34574,34622,48,S
8547,34600,34624,24,N
8539,34584,34624,40,S
8554,34615,34626,11,N
8544,34594,34626,32,S
8549,34604,34628,24,S
8561,34630,34630,0,N
8553,34614,34630,16,S
8558,34624,34632,8,S
8563,34634,34634,0,S
8567,34644,34644,0,S
8568,34645,34646,1,N
8573,34654,34654,0,S
8576,34660,34660,0,N
8577,34664,34664,0,S
8582,34674,34674,0,S
8583,34675,34676,1,N
8559,34624,34680,56,E
8557,34622,34680,58,W
8562,34631,34680,49,E
8560,34628,34680,52,W
8565,34638,34680,42,E
8564,34634,34680,46,W
8569,34645,34682,37,E
8566,34640,34682,42,W
8571,34652,34682,30,E
8570,34646,34682,36,W
8575,34659,34682,23,E
8572,34652,34682,30,W
8579,34666,34684,18,E
8574,34658,34684,26,W
8581,34673,34684,11,E
8578,34664,34684,20,W
8585,34680,34684,4,E
8580,34670,34684,14,W
8584,34676,34686,10,W
8586,34682,34686,4,W
8588,34687,34688,1,E
8589,34688,34688,0,W
8592,34694,34694,0,E
8593,34694,34694,0,W
8594,34700,34700,0,W
8595,34701,34702,1,E
8598,34706,34706,0,W
8599,34708,34708,0,E
8600,34712,34712,0,W
8602,34715,34716,1,E
8603,34718,34718,0,W
8605,34722,34722,0,E
8607,34724,34724,0,W
8608,34729,34730,1,E
8609,34730,34730,0,W
8612,34736,34736,0,E
8613,34736,34736,0,W
8590,34690,34740,50,N
8587,34684,34740,56,S
8597,34705,34742,37,N
8591,34694,34742,48,S
8604,34720,34744,24,N
8596,34704,34744,40,S
8611,34735,34746,11,N
8601,34714,34746,32,S
8606,34724,34748,24,S
8618,34750,34750,0,N
8610,34734,34750,16,S
8616,34744,34752,8,S
8620,34754,34754,0,S
8624,34764,34764,0,S
8626,34765,34766,1,N
8630,34774,34774,0,S
8633,34780,34780,0,N
8634,34784,34784,0,S
8639,34794,34794,0,S
8640,34795,34796,1,N
8615,34743,34800,57,E
8614,34742,34800,58,W
8619,34750,34800,50,E
8617,34748,34800,52,W
8622,34757,34800,43,E
8621,34754,34800,46,W
8625,34764,34802,38,E
8623,34760,34802,42,W
8628,34771,34802,31,E
8627,34766,34802,36,W
8631,34778,34802,24,E
8629,34772,34802,30,W
8636,34785,34804,19,E
8632,34778,34804,26,W
8638,34792,34804,12,E
8635,34784,34804,20,W
8642,34799,34804,5,E
8637,34790,34804,14,W
8645,34806,34806,0,E
8641,34796,34806,10,W
8643,34802,34806,4,W
8646,34808,34808,0,W
8648,34813,34814,1,E
8650,34814,34814,0,W
8651,34820,34820,0,E
8652,34820,34820,0,W
8655,34826,34826,0,W
8656,34827,34828,1,E
8657,34832,34832,0,W
8659,34834,34834,0,E
8660,34838,34838,0,W
8662,34841,34842,1,E
8664,34844,34844,0,W
8665,34848,34848,0,E
8666,34850,34850,0,W
8669,34855,34856,1,E
8670,34856,34856,0,W
8647,34810,34860,50,N
8644,34804,34860,56,S
8654,34825,34862,37,N
8649,34814,34862,48,S
8661,34840,34864,24,N
8653,34824,34864,40,S
8668,34855,34866,11,N
8658,34834,34866,32,S
8663,34844,34868,24,S
8676,34870,34870,0,N
8667,34854,34870,16,S
8673,34864,34872,8,S
8677,34874,34874,0,S
8682,34884,34884,0,S
8683,34885,34886,1,N
8687,34894,34894,0,S
8690,34900,34900,0,N
8691,34904,34904,0,S
8696,34914,34914,0,S
8697,34915,34916,1,N
8671,34862,34920,58,E
8672,34862,34920,58,W
8675,34869,34920,51,E
8674,34868,34920,52,W
8679,34876,34920,44,E
8678,34874,34920,46,W
8681,34883,34922,39,E
8680,34880,34922,42,W
8685,34890,34922,32,E
8684,34886,34922,36,W
8688,34897,34922,25,E
8686,34892,34922,30,W
8692,34904,34924,20,E
8689,34898,34924,26,W
8695,34911,34924,13,E
8693,34904,34924,20,W
8699,34918,34924,6,E
8694,34910,34924,14,W
8702,34925,34926,1,E
8698,34916,34926,10,W
8700,34922,34926,4,W
8703,34928,34928,0,W
8705,34932,34932,0,E
8707,34934,34934,0,W
8708,34939,34940,1,E
8709,34940,34940,0,W
8712,34946,34946,0,E
8713,34946,34946,0,W
8714,34952,34952,0,W
8715,34953,34954,1,E
8717,34958,34958,0,W
8719,34960,34960,0,E
8721,34964,34964,0,W
8722,34967,34968,1,E
8723,34970,34970,0,W
8725,34974,34974,0,E
8727,34976,34976,0,W
8704,34930,34980,50,N
8701,34924,34980,56,S
8711,34945,34982,37,N
8706,34934,34982,48,S
8718,34960,34984,24,N
8710,34944,34984,40,S
8726,34975,34986,11,N
8716,34954,34986,32,S
8720,34964,34988,24,S
8733,34990,34990,0,N
8724,34974,34990,16,S
8730,34984,34992,8,S
8734,34994,34994,0,S
8739,35004,35004,0,S
8740,35005,35006,1,N
8744,35014,35014,0,S
8747,35020,35020,0,N
8749,35024,35024,0,S
8753,35034,35034,0,S
8754,35035,35036,1,N
8728,34981,35040,59,E
8729,34982,35040,58,W
8731,34988,35040,52,E
8732,34988,35040,52,W
8736,34995,35040,45,E
8735,34994,35040,46,W
8738,35002,35042,40,E
8737,35000,35042,42,W
8742,35009,35042,33,E
8741,35006,35042,36,W
8745,35016,35042,26,E
8743,35012,35042,30,W
8748,35023,35044,21,E
8746,35018,35044,26,W
8751,35030,35044,14,E
8750,35024,35044,20,W
8756,35037,35044,7,E
8752,35030,35044,14,W
8759,35044,35046,2,E
8755,35036,35046,10,W
8757,35042,35046,4,W
8760,35048,35048,0,W
8762,35051,35052,1,E
8764,35054,35054,0,W
8765,35058,35058,0,E
8766,35060,35060,0,W
8769,35065,35066,1,E
8770,35066,35066,0,W
8771,35072,35072,0,E
8772,35072,35072,0,W
8774,35078,35078,0,W
8775,35079,35080,1,E
8778,35084,35084,0,W
8779,35086,35086,0,E
8780,35090,35090,0,W
8781,35093,35094,1,E
8784,35096,35096,0,W
8761,35050,35100,50,N
8758,35044,35100,56,S
8768,35065,35102,37,N
8763,35054,35102,48,S
8776,35080,35104,24,N
8767,35064,35104,40,S
8783,35095,35106,11,N
8773,35074,35106,32,S
8777,35084,35108,24,S
8790,35110,35110,0,N
8782,35094,35110,16,S
8787,35104,35112,8,S
8791,35114,35114,0,S
8796,35124,35124,0,S
8797,35125,35126,1,N
8801,35134,35134,0,S
8804,35140,35140,0,N
8806,35144,35144,0,S
8810,35154,35154,0,S
8811,35155,35156,1,N
8785,35100,35160,60,E
8786,35102,35160,58,W
8788,35107,35160,53,E
8789,35108,35160,52,W
8792,35114,35160,46,E
8793,35114,35160,46,W
8795,35121,35162,41,E
8794,35120,35162,42,W
8799,35128,35162,34,E
8798,35126,35162,36,W
8802,35135,35162,27,E
8800,35132,35162,30,W
8805,35142,35164,22,E
8803,35138,35164,26,W
8808,35149,35164,15,E
8807,35144,35164,20,W
8812,35156,35164,8,E
8809,35150,35164,14,W
8815,35163,35166,3,E
8813,35156,35166,10,W
8814,35162,35166,4,W
8817,35168,35168,0,W
8819,35170,35170,0,E
8821,35174,35174,0,W
8822,35177,35178,1,E
8823,35180,35180,0,W
8825,35184,35184,0,E
8827,35186,35186,0,W
8828,35191,35192,1,E
8829,35192,35192,0,W
8831,35198,35198,0,E
8832,35198,35198,0,W
8835,35204,35204,0,W
8836,35205,35206,1,E
8837,35210,35210,0,W
8838,35212,35212,0,E
8841,35216,35216,0,W
8818,35170,35220,50,N
8816,35164,35220,56,S
8826,35185,35222,37,N
8820,35174,35222,48,S
8833,35200,35224,24,N
8824,35184,35224,40,S
8840,35215,35226,11,N
8830,35194,35226,32,S
8834,35204,35228,24,S
8847,35230,35230,0,N
8839,35214,35230,16,S
8844,35224,35232,8,S
8849,35234,35234,0,S
8853,35244,35244,0,S
8854,35245,35246,1,N
8858,35254,35254,0,S
8861,35260,35260,0,N
8863,35264,35264,0,S
8867,35274,35274,0,S
8868,35275,35276,1,N
8842,35219,35280,61,E
8843,35222,35280,58,W
8845,35226,35280,54,E
8846,35228,35280,52,W
8848,35233,35280,47,E
8850,35234,35280,46,W
8851,35240,35282,42,E
8852,35240,35282,42,W
8856,35247,35282,35,E
8855,35246,35282,36,W
8859,35254,35282,28,E
8857,35252,35282,30,W
8862,35261,35284,23,E
8860,35258,35284,26,W
8865,35268,35284,16,E
8864,35264,35284,20,W
8869,35275,35284,9,E
8866,35270,35284,14,W
8871,35282,35286,4,E
8870,35276,35286,10,W
8872,35282,35286,4,W
8874,35288,35288,0,W
8875,35289,35290,1,E
8878,35294,35294,0,W
8879,35296,35296,0,E
8880,35300,35300,0,W
8881,35303,35304,1,E
8884,35306,35306,0,W
8885,35310,35310,0,E
8886,35312,35312,0,W
8888,35317,35318,1,E
8889,35318,35318,0,W
8892,35324,35324,0,E
8893,35324,35324,0,W
8894,35330,35330,0,W
8895,35331,35332,1,E
8898,35336,35336,0,W
8899,35338,35338,0,E
8876,35290,35340,50,N
8873,35284,35340,56,S
8883,35305,35342,37,N
8877,35294,35342,48,S
8890,35320,35344,24,N
8882,35304,35344,40,S
8897,35335,35346,11,N
8887,35314,35346,32,S
8891,35324,35348,24,S
8904,35350,35350,0,N
8896,35334,35350,16,S
8901,35344,35352,8,S
8906,35354,35354,0,S
8910,35364,35364,0,S
8911,35365,35366,1,N
8916,35374,35374,0,S
8918,35380,35380,0,N
8920,35384,35384,0,S
8924,35394,35394,0,S
8926,35395,35396,1,N
8902,35345,35400,55,E
8900,35342,35400,58,W
8905,35352,35400,48,E
8903,35348,35400,52,W
8908,35359,35400,41,E
8907,35354,35400,46,W
8912,35366,35402,36,E
8909,35360,35402,42,W
8915,35373,35402,29,E
8913,35366,35402,36,W
8919,35380,35402,22,E
8914,35372,35402,30,W
8922,35387,35404,17,E
8917,35378,35404,26,W
8925,35394,35404,10,E
8921,35384,35404,20,W
8928,35401,35404,3,E
8923,35390,35404,14,W
8927,35396,35406,10,W
8929,35402,35406,4,W
8931,35408,35408,0,E
8932,35408,35408,0,W
8935,35414,35414,0,W
8936,35415,35416,1,E
8937,35420,35420,0,W
8938,35422,35422,0,E
8941,35426,35426,0,W
8942,35429,35430,1,E
8943,35432,35432,0,W
8945,35436,35436,0,E
8946,35438,35438,0,W
8948,35443,35444,1,E
8950,35444,35444,0,W
8951,35450,35450,0,E
8952,35450,35450,0,W
8955,35456,35456,0,W
8956,35457,35458,1,E
8933,35410,35460,50,N
8930,35404,35460,56,S
8940,35425,35462,37,N
8934,35414,35462,48,S
8947,35440,35464,24,N
8939,35424,35464,40,S
8954,35455,35466,11,N
8944,35434,35466,32,S
8949,35444,35468,24,S
8961,35470,35470,0,N
8953,35454,35470,16,S
8958,35464,35472,8,S
8963,35474,35474,0,S
8967,35484,35484,0,S
8968,35485,35486,1,N
8973,35494,35494,0,S
8976,35500,35500,0,N
8977,35504,35504,0,S
8982,35514,35514,0,S
8983,35515,35516,1,N
8959,35464,35520,56,E
8957,35462,35520,58,W
8962,35471,35520,49,E
8960,35468,35520,52,W
8965,35478,35520,42,E
8964,35474,35520,46,W
8969,35485,35522,37,E
8966,35480,35522,42,W
8971,35492,35522,30,E
8970,35486,35522,36,W
8975,35499,35522,23,E
8972,35492,35522,30,W
8979,35506,35524,18,E
8974,35498,35524,26,W
8981,35513,35524,11,E
8978,35504,35524,20,W
8985,35520,35524,4,E
8980,35510,35524,14,W
8984,35516,35526,10,W
8986,35522,35526,4,W
8988,35527,35528,1,E
8989,35528,35528,0,W
8992,35534,35534,0,E
8993,35534,35534,0,W
8994,35540,35540,0,W
8995,35541,35542,1,E
8998,35546,35546,0,W
8999,35548,35548,0,E
9000,35552,35552,0,W
9002,35555,35556,1,E
9003,35558,35558,0,W
9005,35562,35562,0,E
9007,35564,35564,0,W
9008,35569,35570,1,E
9009,35570,35570,0,W
9012,35576,35576,0,E
9013,35576,35576,0,W
8990,35530,35580,50,N
8987,35524,35580,56,S
8997,35545,35582,37,N
8991,35534,35582,48,S
9004,35560,35584,24,N
8996,35544,35584,40,S
9011,35575,35586,11,N
9001,35554,35586,32,S
9006,35564,35588,24,S
9018,35590,35590,0,N
9010,35574,35590,16,S
9016,35584,35592,8,S
9020,35594,35594,0,S
9024,35604,35604,0,S
9026,35605,35606,1,N
9030,35614,35614,0,S
9033,35620,35620,0,N
9034,35624,35624,0,S
9039,35634,35634,0,S
9040,35635,35636,1,N
9015,35583,35640,57,E
9014,35582,35640,58,W
9019,35590,35640,50,E
9017,35588,35640,52,W
9022,35597,35640,43,E
9021,35594,35640,46,W
9025,35604,35642,38,E
9023,35600,35642,42,W
9028,35611,35642,31,E
9027,35606,35642,36,W
9031,35618,35642,24,E
9029,35612,35642,30,W
9036,35625,35644,19,E
9032,35618,35644,26,W
9038,35632,35644,12,E
9035,35624,35644,20,W
9042,35639,35644,5,E
9037,35630,35644,14,W
9045,35646,35646,0,E
9041,35636,35646,10,W
9043,35642,35646,4,W
9046,35648,35648,0,W
9048,35653,35654,1,E
9050,35654,35654,0,W
9051,35660,35660,0,E
9052,35660,35660,0,W
9055,35666,35666,0,W
9056,35667,35668,1,E
9057,35672,35672,0,W
9059,35674,35674,0,E
9060,35678,35678,0,W
9062,35681,35682,1,E
9064,35684,35684,0,W
9065,35688,35688,0,E
9066,35690,35690,0,W
9069,35695,35696,1,E
9070,35696,35696,0,W
9047,35650,35700,50,N
9044,35644,35700,56,S
9054,35665,35702,37,N
9049,35654,35702,48,S
9061,35680,35704,24,N
9053,35664,35704,40,S
9068,35695,35706,11,N
9058,35674,35706,32,S
9063,35684,35708,24,S
9076,35710,35710,0,N
9067,35694,35710,16,S
9073,35704,35712,8,S
9077,35714,35714,0,S
9082,35724,35724,0,S
9083,35725,35726,1,N
9087,35734,35734,0,S
9090,35740,35740,0,N
9091,35744,35744,0,S
9096,35754,35754,0,S
9097,35755,35756,1,N
9071,35702,35760,58,E
9072,35702,35760,58,W
9075,35709,35760,51,E
9074,35708,35760,52,W
9079,35716,35760,44,E
9078,35714,35760,46,W
9081,35723,35762,39,E
9080,35720,35762,42,W
9085,35730,35762,32,E
9084,35726,35762,36,W
9088,35737,35762,25,E
9086,35732,35762,30,W
9092,35744,35764,20,E
9089,35738,35764,26,W
9095,35751,35764,13,E
9093,35744,35764,20,W
9099,35758,35764,6,E
9094,35750,35764,14,W
9102,35765,35766,1,E
9098,35756,35766,10,W
9100,35762,35766,4,W
9103,35768,35768,0,W
9105,35772,35772,0,E
9107,35774,35774,0,W
9108,35779,35780,1,E
9109,35780,35780,0,W
9112,35786,35786,0,E
9113,35786,35786,0,W
9114,35792,35792,0,W
9115,35793,35794,1,E
9117,35798,35798,0,W
9119,35800,35800,0,E
9121,35804,35804,0,W
9122,35807,35808,1,E
9123,35810,35810,0,W
9125,35814,35814,0,E
9127,35816,35816,0,W
9104,35770,35820,50,N
9101,35764,35820,56,S
9111,35785,35822,37,N
9106,35774,35822,48,S
9118,35800,35824,24,N
9110,35784,35824,40,S
9126,35815,35826,11,N
9116,35794,35826,32,S
9120,35804,35828,24,S
9133,35830,35830,0,N
9124,35814,35830,16,S
9130,35824,35832,8,S
9134,35834,35834,0,S
9139,35844,35844,0,S
9140,35845,35846,1,N
9144,35854,35854,0,S
9147,35860,35860,0,N
9149,35864,35864,0,S
9153,35874,35874,0,S
9154,35875,35876,1,N
9128,35821,35880,59,E
9129,35822,35880,58,W
9131,35828,35880,52,E
9132,35828,35880,52,W
9136,35835,35880,45,E
9135,35834,35880,46,W
9138,35842,35882,40,E
9137,35840,35882,42,W
9142,35849,35882,33,E
9141,35846,35882,36,W
9145,35856,35882,26,E
9143,35852,35882,30,W
9148,35863,35884,21,E
9146,35858,35884,26,W
9151,35870,35884,14,E
9150,35864,35884,20,W
9156,35877,35884,7,E
9152,35870,35884,14,W
9159,35884,35886,2,E
9155,35876,35886,10,W
9157,35882,35886,4,W
9160,35888,35888,0,W
9162,35891,35892,1,E
9164,35894,35894,0,W
9165,35898,35898,0,E
9166,35900,35900,0,W
9169,35905,35906,1,E
9170,35906,35906,0,W
9171,35912,35912,0,E
9172,35912,35912,0,W
9174,35918,35918,0,W
9175,35919,35920,1,E
9178,35924,35924,0,W
9179,35926,35926,0,E
9180,35930,35930,0,W
9181,35933,35934,1,E
9184,35936,35936,0,W
9161,35890,35940,50,N
9158,35884,35940,56,S
9168,35905,35942,37,N
9163,35894,35942,48,S
9176,35920,35944,24,N
9167,35904,35944,40,S
9183,35935,35946,11,N
9173,35914,35946,32,S
9177,35924,35948,24,S
9190,35950,35950,0,N
9182,35934,35950,16,S
9187,35944,35952,8,S
9191,35954,35954,0,S
9196,35964,35964,0,S
9197,35965,35966,1,N
9201,35974,35974,0,S
9204,35980,35980,0,N
9206,35984,35984,0,S
9210,35994,35994,0,S
9211,35995,35996,1,N
9185,35940,36000,60,E
9186,35942,36000,58,W
9188,35947,36000,53,E
9189,35948,36000,52,W
9192,35954,36000,46,E
9193,35954,36000,46,W
9195,35961,36002,41,E
9194,35960,36002,42,W
9199,35968,36002,34,E
9198,35966,36002,36,W
9202,35975,36002,27,E
9200,35972,36002,30,W
9205,35982,36004,22,E
9203,35978,36004,26,W
9208,35989,36004,15,E
9207,35984,36004,20,W
9212,35996,36004,8,E
9209,35990,36004,14,W
9215,36003,36006,3,E
9213,35996,36006,10,W
9214,36002,36006,4,W
9217,36008,36008,0,W
9219,36011,36012,1,E
9221,36014,36014,0,W
9222,36019,36020,1,E
9223,36020,36020,0,W
9226,36026,36026,0,W
9227,36027,36028,1,E
9228,36032,36032,0,W
9230,36035,36036,1,E
9231,36038,36038,0,W
9233,36043,36044,1,E
9235,36044,36044,0,W
9236,36050,36050,0,W
9237,36051,36052,1,E
9239,36056,36056,0,W
9218,36010,36060,50,N
9216,36004,36060,56,S
9225,36026,36062,36,N
9220,36014,36062,48,S
9232,36042,36064,22,N
9224,36024,36064,40,S
9240,36058,36066,8,N
9229,36034,36066,32,S
9234,36044,36068,24,S
9238,36054,36070,16,S
9243,36064,36072,8,S
9246,36074,36074,0,N
9247,36074,36074,0,S
9252,36084,36084,0,S
9254,36090,36090,0,N
9257,36094,36094,0,S
9260,36104,36104,0,S
9262,36106,36106,0,N
9265,36114,36114,0,S
9241,36059,36120,61,E
9242,36062,36120,58,W
9244,36067,36120,53,E
9245,36068,36120,52,W
9249,36075,36120,45,E
9248,36074,36120,46,W
9251,36083,36122,39,E
9250,36080,36122,42,W
9255,36091,36122,31,E
9253,36086,36122,36,W
9259,36099,36122,23,E
9256,36092,36122,30,W
9263,36107,36124,17,E
9258,36098,36124,26,W
9266,36115,36124,9,E
9261,36104,36124,20,W
9270,36123,36124,1,E
9264,36110,36124,14,W
9267,36116,36126,10,W
9269,36122,36126,4,W
9272,36128,36128,0,W
9273,36131,36132,1,E
9275,36134,36134,0,W
9277,36139,36140,1,E
9278,36140,36140,0,W
9280,36146,36146,0,W
9281,36147,36148,1,E
9282,36152,36152,0,W
9285,36155,36156,1,E
9286,36158,36158,0,W
9287,36163,36164,1,E
9289,36164,36164,0,W
9291,36170,36170,0,W
9292,36171,36172,1,E
9294,36176,36176,0,W
9268,36122,36180,58,N
9271,36124,36180,56,S
9276,36138,36182,44,N
9274,36134,36182,48,S
9283,36154,36184,30,N
9279,36144,36184,40,S
9290,36170,36186,16,N
9284,36154,36186,32,S
9298,36186,36188,2,N
9288,36164,36188,24,S
9293,36174,36190,16,S
9297,36184,36192,8,S
9301,36194,36194,0,S
9305,36202,36202,0,N
9307,36204,36204,0,S
9311,36214,36214,0,S
9312,36218,36218,0,N
9315,36224,36224,0,S
9319,36234,36234,0,N
9320,36234,36234,0,S
9295,36179,36240,61,E
9296,36182,36240,58,W
9299,36187,36240,53,E
9300,36188,36240,52,W
9303,36195,36240,45,E
9302,36194,36240,46,W
9306,36203,36242,39,E
9304,36200,36242,42,W
9309,36211,36242,31,E
9308,36206,36242,36,W
9314,36219,36242,23,E
9310,36212,36242,30,W
9317,36227,36244,17,E
9313,36218,36244,26,W
9321,36235,36244,9,E
9316,36224,36244,20,W
9324,36243,36244,1,E
9318,36230,36244,14,W
9322,36236,36246,10,W
9323,36242,36246,4,W
9326,36248,36248,0,W
9328,36251,36252,1,E
9330,36254,36254,0,W
9331,36259,36260,1,E
9332,36260,36260,0,W
9335,36266,36266,0,W
9336,36267,36268,1,E
9337,36272,36272,0,W
9339,36275,36276,1,E
9340,36278,36278,0,W
9342,36283,36284,1,E
9344,36284,36284,0,W
9345,36290,36290,0,W
9346,36291,36292,1,E
9348,36296,36296,0,W
9327,36250,36300,50,N
9325,36244,36300,56,S
9334,36266,36302,36,N
9329,36254,36302,48,S
9341,36282,36304,22,N
9333,36264,36304,40,S
9349,36298,36306,8,N
9338,36274,36306,32,S
9343,36284,36308,24,S
9347,36294,36310,16,S
9352,36304,36312,8,S
9355,36314,36314,0,N
9356,36314,36314,0,S
9361,36324,36324,0,S
9363,36330,36330,0,N
9366,36334,36334,0,S
9369,36344,36344,0,S
9371,36346,36346,0,N
9374,36354,36354,0,S
9350,36299,36360,61,E
9351,36302,36360,58,W
9353,36307,36360,53,E
9354,36308,36360,52,W
9358,36315,36360,45,E
9357,36314,36360,46,W
9360,36323,36362,39,E
9359,36320,36362,42,W
9364,36331,36362,31,E
9362,36326,36362,36,W
9368,36339,36362,23,E
9365,36332,36362,30,W
9372,36347,36364,17,E
9367,36338,36364,26,W
9375,36355,36364,9,E
9370,36344,36364,20,W
9379,36363,36364,1,E
9373,36350,36364,14,W
9376,36356,36366,10,W
9378,36362,36366,4,W
9381,36368,36368,0,W
9382,36371,36372,1,E
9384,36374,36374,0,W
9386,36379,36380,1,E
9387,36380,36380,0,W
9389,36386,36386,0,W
9390,36387,36388,1,E
9391,36392,36392,0,W
9394,36395,36396,1,E
9395,36398,36398,0,W
9396,36403,36404,1,E
9398,36404,36404,0,W
9400,36410,36410,0,W
9401,36411,36412,1,E
9403,36416,36416,0,W
9377,36362,36420,58,N
9380,36364,36420,56,S
9385,36378,36422,44,N
9383,36374,36422,48,S
9392,36394,36424,30,N
9388,36384,36424,40,S
9399,36410,36426,16,N
9393,36394,36426,32,S
9407,36426,36428,2,N
9397,36404,36428,24,S
9402,36414,36430,16,S
9406,36424,36432,8,S
9410,36434,36434,0,S
9414,36442,36442,0,N
9416,36444,36444,0,S
9420,36454,36454,0,S
9421,36458,36458,0,N
9424,36464,36464,0,S
9428,36474,36474,0,N
9429,36474,36474,0,S
9404,36419,36480,61,E
9405,36422,36480,58,W
9408,36427,36480,53,E
9409,36428,36480,52,W
9412,36435,36480,45,E
9411,36434,36480,46,W
9415,36443,36482,39,E
9413,36440,36482,42,W
9418,36451,36482,31,E
9417,36446,36482,36,W
9423,36459,36482,23,E
9419,36452,36482,30,W
9426,36467,36484,17,E
9422,36458,36484,26,W
9430,36475,36484,9,E
9425,36464,36484,20,W
9433,36483,36484,1,E
9427,36470,36484,14,W
9431,36476,36486,10,W
9432,36482,36486,4,W
9435,36488,36488,0,W
9437,36491,36492,1,E
9439,36494,36494,0,W
9440,36499,36500,1,E
9441,36500,36500,0,W
9444,36506,36506,0,W
9445,36507,36508,1,E
9446,36512,36512,0,W
9448,36515,36516,1,E
9449,36518,36518,0,W
9451,36523,36524,1,E
9453,36524,36524,0,W
9454,36530,36530,0,W
9455,36531,36532,1,E
9457,36536,36536,0,W
9436,36490,36540,50,N
9434,36484,36540,56,S
9443,36506,36542,36,N
9438,36494,36542,48,S
9450,36522,36544,22,N
9442,36504,36544,40,S
9458,36538,36546,8,N
9447,36514,36546,32,S
9452,36524,36548,24,S
9456,36534,36550,16,S
9461,36544,36552,8,S
9464,36554,36554,0,N
9465,36554,36554,0,S
9470,36564,36564,0,S
9472,36570,36570,0,N
9475,36574,36574,0,S
9478,36584,36584,0,S
9480,36586,36586,0,N
9483,36594,36594,0,S
9459,36539,36600,61,E
9460,36542,36600,58,W
9462,36547,36600,53,E
9463,36548,36600,52,W
9467,36555,36600,45,E
9466,36554,36600,46,W
9469,36563,36602,39,E
9468,36560,36602,42,W
9473,36571,36602,31,E
9471,36566,36602,36,W
9477,36579,36602,23,E
9474,36572,36602,30,W
9481,36587,36604,17,E
9476,36578,36604,26,W
9484,36595,36604,9,E
9479,36584,36604,20,W
9488,36603,36604,1,E
9482,36590,36604,14,W
9485,36596,36606,10,W
9487,36602,36606,4,W
9490,36608,36608,0,W
9491,36611,36612,1,E
9493,36614,36614,0,W
9495,36619,36620,1,E
9496,36620,36620,0,W
9498,36626,36626,0,W
9499,36627,36628,1,E
9500,36632,36632,0,W
9503,36635,36636,1,E
9504,36638,36638,0,W
9505,36643,36644,1,E
9507,36644,36644,0,W
9509,36650,36650,0,W
9510,36651,36652,1,E
9512,36656,36656,0,W
9486,36602,36660,58,N
9489,36604,36660,56,S
9494,36618,36662,44,N
9492,36614,36662,48,S
9501,36634,36664,30,N
9497,36624,36664,40,S
9508,36650,36666,16,N
9502,36634,36666,32,S
9516,36666,36668,2,N
9506,36644,36668,24,S
9511,36654,36670,16,S
9515,36664,36672,8,S
9519,36674,36674,0,S
9523,36682,36682,0,N
9525,36684,36684,0,S
9529,36694,36694,0,S
9530,36698,36698,0,N
9533,36704,36704,0,S
9537,36714,36714,0,N
9538,36714,36714,0,S
9513,36659,36720,61,E
9514,36662,36720,58,W
9517,36667,36720,53,E
9518,36668,36720,52,W
9521,36675,36720,45,E
9520,36674,36720,46,W
9524,36683,36722,39,E
9522,36680,36722,42,W
9527,36691,36722,31,E
9526,36686,36722,36,W
9532,36699,36722,23,E
9528,36692,36722,30,W
9535,36707,36724,17,E
9531,36698,36724,26,W
9539,36715,36724,9,E
9534,36704,36724,20,W
9542,36723,36724,1,E
9536,36710,36724,14,W
9540,36716,36726,10,W
9541,36722,36726,4,W
9544,36728,36728,0,W
9546,36731,36732,1,E
9548,36734,36734,0,W
9549,36739,36740,1,E
9550,36740,36740,0,W
9553,36746,36746,0,W
9554,36747,36748,1,E
9555,36752,36752,0,W
9557,36755,36756,1,E
9558,36758,36758,0,W
9560,36763,36764,1,E
9562,36764,36764,0,W
9563,36770,36770,0,W
9564,36771,36772,1,E
9566,36776,36776,0,W
9545,36730,36780,50,N
9543,36724,36780,56,S
9552,36746,36782,36,N
9547,36734,36782,48,S
9559,36762,36784,22,N
9551,36744,36784,40,S
9567,36778,36786,8,N
9556,36754,36786,32,S
9561,36764,36788,24,S
9565,36774,36790,16,S
9570,36784,36792,8,S
9573,36794,36794,0,N
9574,36794,36794,0,S
9579,36804,36804,0,S
9581,36810,36810,0,N
9584,36814,36814,0,S
9587,36824,36824,0,S
9589,36826,36826,0,N
9592,36834,36834,0,S
9568,36779,36840,61,E
9569,36782,36840,58,W
9571,36787,36840,53,E
9572,36788,36840,52,W
9576,36795,36840,45,E
9575,36794,36840,46,W
9578,36803,36842,39,E
9577,36800,36842,42,W
9582,36811,36842,31,E
9580,36806,36842,36,W
9586,36819,36842,23,E
9583,36812,36842,30,W
9590,36827,36844,17,E
9585,36818,36844,26,W
9593,36835,36844,9,E
9588,36824,36844,20,W
9597,36843,36844,1,E
9591,36830,36844,14,W
9594,36836,36846,10,W
9596,36842,36846,4,W
9599,36848,36848,0,W
9600,36851,36852,1,E
9602,36854,36854,0,W
9604,36859,36860,1,E
9605,36860,36860,0,W
9607,36866,36866,0,W
9608,36867,36868,1,E
9609,36872,36872,0,W
9612,36875,36876,1,E
9613,36878,36878,0,W
9614,36883,36884,1,E
9616,36884,36884,0,W
9618,36890,36890,0,W
9619,36891,36892,1,E
9621,36896,36896,0,W
9595,36842,36900,58,N
9598,36844,36900,56,S
9603,36858,36902,44,N
9601,36854,36902,48,S
9610,36874,36904,30,N
9606,36864,36904,40,S
9617,36890,36906,16,N
9611,36874,36906,32,S
9625,36906,36908,2,N
9615,36884,36908,24,S
9620,36894,36910,16,S
9624,36904,36912,8,S
9628,36914,36914,0,S
9632,36922,36922,0,N
9634,36924,36924,0,S
9638,36934,36934,0,S
9639,36938,36938,0,N
9642,36944,36944,0,S
9646,36954,36954,0,N
9647,36954,36954,0,S
9622,36899,36960,61,E
9623,36902,36960,58,W
9626,36907,36960,53,E
9627,36908,36960,52,W
9630,36915,36960,45,E
9629,36914,36960,46,W
9633,36923,36962,39,E
9631,36920,36962,42,W
9636,36931,36962,31,E
9635,36926,36962,36,W
9641,36939,36962,23,E
9637,36932,36962,30,W
9644,36947,36964,17,E
9640,36938,36964,26,W
9648,36955,36964,9,E
9643,36944,36964,20,W
9651,36963,36964,1,E
9645,36950,36964,14,W
9649,36956,36966,10,W
9650,36962,36966,4,W
9653,36968,36968,0,W
9655,36971,36972,1,E
9657,36974,36974,0,W
9658,36979,36980,1,E
9659,36980,36980,0,W
9662,36986,36986,0,W
9663,36987,36988,1,E
9664,36992,36992,0,W
9666,36995,36996,1,E
9667,36998,36998,0,W
9669,37003,37004,1,E
9671,37004,37004,0,W
9672,37010,37010,0,W
9673,37011,37012,1,E
9675,37016,37016,0,W
9654,36970,37020,50,N
9652,36964,37020,56,S
9661,36986,37022,36,N
9656,36974,37022,48,S
9668,37002,37024,22,N
9660,36984,37024,40,S
9676,37018,37026,8,N
9665,36994,37026,32,S
9670,37004,37028,24,S
9674,37014,37030,16,S
9679,37024,37032,8,S
9682,37034,37034,0,N
9683,37034,37034,0,S
9688,37044,37044,0,S
9690,37050,37050,0,N
9693,37054,37054,0,S
9696,37064,37064,0,S
9698,37066,37066,0,N
9701,37074,37074,0,S
9677,37019,37080,61,E
9678,37022,37080,58,W
9680,37027,37080,53,E
9681,37028,37080,52,W
9685,37035,37080,45,E
9684,37034,37080,46,W
9687,37043,37082,39,E
9686,37040,37082,42,W
9691,37051,37082,31,E
9689,37046,37082,36,W
9695,37059,37082,23,E
9692,37052,37082,30,W
9699,37067,37084,17,E
9694,37058,37084,26,W
9702,37075,37084,9,E
9697,37064,37084,20,W
9706,37083,37084,1,E
9700,37070,37084,14,W
9703,37076,37086,10,W
9705,37082,37086,4,W
9708,37088,37088,0,W
9709,37091,37092,1,E
9711,37094,37094,0,W
9713,37099,37100,1,E
9714,37100,37100,0,W
9716,37106,37106,0,W
9717,37107,37108,1,E
9718,37112,37112,0,W
9721,37115,37116,1,E
9722,37118,37118,0,W
9723,37123,37124,1,E
9725,37124,37124,0,W
9727,37130,37130,0,W
9728,37131,37132,1,E
9730,37136,37136,0,W
9704,37082,37140,58,N
9707,37084,37140,56,S
9712,37098,37142,44,N
9710,37094,37142,48,S
9719,37114,37144,30,N
9715,37104,37144,40,S
9726,37130,37146,16,N
9720,37114,37146,32,S
9734,37146,37148,2,N
9724,37124,37148,24,S
9729,37134,37150,16,S
9733,37144,37152,8,S
9737,37154,37154,0,S
9741,37162,37162,0,N
9743,37164,37164,0,S
9747,37174,37174,0,S
9748,37178,37178,0,N
9751,37184,37184,0,S
9755,37194,37194,0,N
9756,37194,37194,0,S
9731,37139,37200,61,E
9732,37142,37200,58,W
9735,37147,37200,53,E
9736,37148,37200,52,W
9739,37155,37200,45,E
9738,37154,37200,46,W
9742,37163,37202,39,E
9740,37160,37202,42,W
9745,37171,37202,31,E
9744,37166,37202,36,W
9750,37179,37202,23,E
9746,37172,37202,30,W
9753,37187,37204,17,E
9749,37178,37204,26,W
9757,37195,37204,9,E
9752,37184,37204,20,W
9760,37203,37204,1,E
9754,37190,37204,14,W
9758,37196,37206,10,W
9759,37202,37206,4,W
9762,37208,37208,0,W
9764,37211,37212,1,E
9766,37214,37214,0,W
9767,37219,37220,1,E
9768,37220,37220,0,W
9771,37226,37226,0,W
9772,37227,37228,1,E
9773,37232,37232,0,W
9775,37235,37236,1,E
9776,37238,37238,0,W
9778,37243,37244,1,E
9780,37244,37244,0,W
9781,37250,37250,0,W
9782,37251,37252,1,E
9784,37256,37256,0,W
9763,37210,37260,50,N
9761,37204,37260,56,S
9770,37226,37262,36,N
9765,37214,37262,48,S
9777,37242,37264,22,N
9769,37224,37264,40,S
9785,37258,37266,8,N
9774,37234,37266,32,S
9779,37244,37268,24,S
9783,37254,37270,16,S
9788,37264,37272,8,S
9791,37274,37274,0,N
9792,37274,37274,0,S
9797,37284,37284,0,S
9799,37290,37290,0,N
9802,37294,37294,0,S
9805,37304,37304,0,S
9807,37306,37306,0,N
9810,37314,37314,0,S
9786,37259,37320,61,E
9787,37262,37320,58,W
9789,37267,37320,53,E
9790,37268,37320,52,W
9794,37275,37320,45,E
9793,37274,37320,46,W
9796,37283,37322,39,E
9795,37280,37322,42,W
9800,37291,37322,31,E
9798,37286,37322,36,W
9804,37299,37322,23,E
9801,37292,37322,30,W
9808,37307,37324,17,E
9803,37298,37324,26,W
9811,37315,37324,9,E
9806,37304,37324,20,W
9815,37323,37324,1,E
9809,37310,37324,14,W
9812,37316,37326,10,W
9814,37322,37326,4,W
9817,37328,37328,0,W
9818,37331,37332,1,E
9820,37334,37334,0,W
9822,37339,37340,1,E
9823,37340,37340,0,W
9825,37346,37346,0,W
9826,37347,37348,1,E
9827,37352,37352,0,W
9830,37355,37356,1,E
9831,37358,37358,0,W
9832,37363,37364,1,E
9834,37364,37364,0,W
9836,37370,37370,0,W
9837,37371,37372,1,E
9839,37376,37376,0,W
9813,37322,37380,58,N
9816,37324,37380,56,S
9821,37338,37382,44,N
9819,37334,37382,48,S
9828,37354,37384,30,N
9824,37344,37384,40,S
9835,37370,37386,16,N
9829,37354,37386,32,S
9843,37386,37388,2,N
9833,37364,37388,24,S
9838,37374,37390,16,S
9842,37384,37392,8,S
9846,37394,37394,0,S
9850,37402,37402,0,N
9852,37404,37404,0,S
9856,37414,37414,0,S
9857,37418,37418,0,N
9860,37424,37424,0,S
9864,37434,37434,0,N
9865,37434,37434,0,S
9840,37379,37440,61,E
9841,37382,37440,58,W
9844,37387,37440,53,E
9845,37388,37440,52,W
9848,37395,37440,45,E
9847,37394,37440,46,W
9851,37403,37442,39,E
9849,37400,37442,42,W
9854,37411,37442,31,E
9853,37406,37442,36,W
9859,37419,37442,23,E
9855,37412,37442,30,W
9862,37427,37444,17,E
9858,37418,37444,26,W
9866,37435,37444,9,E
9861,37424,37444,20,W
9869,37443,37444,1,E
9863,37430,37444,14,W
9867,37436,37446,10,W
9868,37442,37446,4,W
9871,37448,37448,0,W
9873,37451,37452,1,E
9875,37454,37454,0,W
9876,37459,37460,1,E
9877,37460,37460,0,W
9880,37466,37466,0,W
9881,37467,37468,1,E
9882,37472,37472,0,W
9884,37475,37476,1,E
9885,37478,37478,0,W
9887,37483,37484,1,E
9889,37484,37484,0,W
9890,37490,37490,0,W
9891,37491,37492,1,E
9893,37496,37496,0,W
9872,37450,37500,50,N
9870,37444,37500,56,S
9879,37466,37502,36,N
9874,37454,37502,48,S
9886,37482,37504,22,N
9878,37464,37504,40,S
9894,37498,37506,8,N
9883,37474,37506,32,S
9888,37484,37508,24,S
9892,37494,37510,16,S
9897,37504,37512,8,S
9900,37514,37514,0,N
9901,37514,37514,0,S
9906,37524,37524,0,S
9908,37530,37530,0,N
9911,37534,37534,0,S
9914,37544,37544,0,S
9916,37546,37546,0,N
9919,37554,37554,0,S
9895,37499,37560,61,E
9896,37502,37560,58,W
9898,37507,37560,53,E
9899,37508,37560,52,W
9903,37515,37560,45,E
9902,37514,37560,46,W
9905,37523,37562,39,E
9904,37520,37562,42,W
9909,37531,37562,31,E
9907,37526,37562,36,W
9913,37539,37562,23,E
9910,37532,37562,30,W
9917,37547,37564,17,E
9912,37538,37564,26,W
9920,37555,37564,9,E
9915,37544,37564,20,W
9924,37563,37564,1,E
9918,37550,37564,14,W
9921,37556,37566,10,W
9923,37562,37566,4,W
9926,37568,37568,0,W
9927,37571,37572,1,E
9929,37574,37574,0,W
9931,37579,37580,1,E
9932,37580,37580,0,W
9934,37586,37586,0,W
9935,37587,37588,1,E
9936,37592,37592,0,W
9939,37595,37596,1,E
9940,37598,37598,0,W
9941,37603,37604,1,E
9943,37604,37604,0,W
9945,37610,37610,0,W
9946,37611,37612,1,E
9948,37616,37616,0,W
9922,37562,37620,58,N
9925,37564,37620,56,S
9930,37578,37622,44,N
9928,37574,37622,48,S
9937,37594,37624,30,N
9933,37584,37624,40,S
9944,37610,37626,16,N
9938,37594,37626,32,S
9952,37626,37628,2,N
9942,37604,37628,24,S
9947,37614,37630,16,S
9951,37624,37632,8,S
9955,37634,37634,0,S
9959,37642,37642,0,N
9961,37644,37644,0,S
9965,37654,37654,0,S
9966,37658,37658,0,N
9969,37664,37664,0,S
9973,37674,37674,0,N
9974,37674,37674,0,S
9949,37619,37680,61,E
9950,37622,37680,58,W
9953,37627,37680,53,E
9954,37628,37680,52,W
9957,37635,37680,45,E
9956,37634,37680,46,W
9960,37643,37682,39,E
9958,37640,37682,42,W
9963,37651,37682,31,E
9962,37646,37682,36,W
9968,37659,37682,23,E
9964,37652,37682,30,W
9971,37667,37684,17,E
9967,37658,37684,26,W
9975,37675,37684,9,E
9970,37664,37684,20,W
9978,37683,37684,1,E
9972,37670,37684,14,W
9976,37676,37686,10,W
9977,37682,37686,4,W
9980,37688,37688,0,W
9982,37691,37692,1,E
9984,37694,37694,0,W
9985,37699,37700,1,E
9986,37700,37700,0,W
9989,37706,37706,0,W
9990,37707,37708,1,E
9991,37712,37712,0,W
9993,37715,37716,1,E
9994,37718,37718,0,W
9996,37723,37724,1,E
9998,37724,37724,0,W
9999,37730,37730,0,W
10000,37731,37732,1,E
10002,37736,37736,0,W
9981,37690,37740,50,N
9979,37684,37740,56,S
9988,37706,37742,36,N
9983,37694,37742,48,S
9995,37722,37744,22,N
9987,37704,37744,40,S
10003,37738,37746,8,N
9992,37714,37746,32,S
9997,37724,37748,24,S
10001,37734,37750,16,S
10006,37744,37752,8,S
10009,37754,37754,0,N
10010,37754,37754,0,S
10015,37764,37764,0,S
10017,37770,37770,0,N
10020,37774,37774,0,S
10023,37784,37784,0,S
10025,37786,37786,0,N
10028,37794,37794,0,S
10004,37739,37800,61,E
10005,37742,37800,58,W
10007,37747,37800,53,E
10008,37748,37800,52,W
10012,37755,37800,45,E
10011,37754,37800,46,W
10014,37763,37802,39,E
10013,37760,37802,42,W
10018,37771,37802,31,E
10016,37766,37802,36,W
10022,37779,37802,23,E
10019,37772,37802,30,W
10026,37787,37804,17,E
10021,37778,37804,26,W
10029,37795,37804,9,E
10024,37784,37804,20,W
10033,37803,37804,1,E
10027,37790,37804,14,W
10030,37796,37806,10,W
10032,37802,37806,4,W
10035,37808,37808,0,W
10036,37811,37812,1,E
10038,37814,37814,0,W
10040,37819,37820,1,E
10041,37820,37820,0,W
10043,37826,37826,0,W
10044,37827,37828,1,E
10045,37832,37832,0,W
10048,37835,37836,1,E
10049,37838,37838,0,W
10050,37843,37844,1,E
10052,37844,37844,0,W
10054,37850,37850,0,W
10055,37851,37852,1,E
10057,37856,37856,0,W
10031,37802,37860,58,N
10034,37804,37860,56,S
10039,37818,37862,44,N
10037,37814,37862,48,S
10046,37834,37864,30,N
10042,37824,37864,40,S
10053,37850,37866,16,N
10047,37834,37866,32,S
10061,37866,37868,2,N
10051,37844,37868,24,S
10056,37854,37870,16,S
10060,37864,37872,8,S
10064,37874,37874,0,S
10068,37882,37882,0,N
10070,37884,37884,0,S
10074,37894,37894,0,S
10075,37898,37898,0,N
10078,37904,37904,0,S
10082,37914,37914,0,N
10083,37914,37914,0,S
10058,37859,37920,61,E
10059,37862,37920,58,W
10062,37867,37920,53,E
10063,37868,37920,52,W
10066,37875,37920,45,E
10065,37874,37920,46,W
10069,37883,37922,39,E
10067,37880,37922,42,W
10072,37891,37922,31,E
10071,37886,37922,36,W
10077,37899,37922,23,E
10073,37892,37922,30,W
10080,37907,37924,17,E
10076,37898,37924,26,W
10084,37915,37924,9,E
10079,37904,37924,20,W
10087,37923,37924,1,E
10081,37910,37924,14,W
10085,37916,37926,10,W
10086,37922,37926,4,W
10089,37928,37928,0,W
10091,37931,37932,1,E
10093,37934,37934,0,W
10094,37939,37940,1,E
10095,37940,37940,0,W
10098,37946,37946,0,W
10099,37947,37948,1,E
10100,37952,37952,0,W
10102,37955,37956,1,E
10103,37958,37958,0,W
10105,37963,37964,1,E
10107,37964,37964,0,W
10108,37970,37970,0,W
10109,37971,37972,1,E
10111,37976,37976,0,W
10090,37930,37980,50,N
10088,37924,37980,56,S
10097,37946,37982,36,N
10092,37934,37982,48,S
10104,37962,37984,22,N
10096,37944,37984,40,S
10112,37978,37986,8,N
10101,37954,37986,32,S
10106,37964,37988,24,S
10110,37974,37990,16,S
10115,37984,37992,8,S
10118,37994,37994,0,N
10119,37994,37994,0,S
10124,38004,38004,0,S
10126,38010,38010,0,N
10129,38014,38014,0,S
10132,38024,38024,0,S
10134,38026,38026,0,N
10137,38034,38034,0,S
10113,37979,38040,61,E
10114,37982,38040,58,W
10116,37987,38040,53,E
10117,37988,38040,52,W
10121,37995,38040,45,E
10120,37994,38040,46,W
10123,38003,38042,39,E
10122,38000,38042,42,W
10127,38011,38042,31,E
10125,38006,38042,36,W
10131,38019,38042,23,E
10128,38012,38042,30,W
10135,38027,38044,17,E
10130,38018,38044,26,W
10138,38035,38044,9,E
10133,38024,38044,20,W
10142,38043,38044,1,E
10136,38030,38044,14,W
10139,38036,38046,10,W
10141,38042,38046,4,W
10144,38048,38048,0,W
10145,38051,38052,1,E
10147,38054,38054,0,W
10149,38059,38060,1,E
10150,38060,38060,0,W
10152,38066,38066,0,W
10153,38067,38068,1,E
10154,38072,38072,0,W
10157,38075,38076,1,E
10158,38078,38078,0,W
10159,38083,38084,1,E
10161,38084,38084,0,W
10163,38090,38090,0,W
10164,38091,38092,1,E
10166,38096,38096,0,W
10140,38042,38100,58,N
10143,38044,38100,56,S
10148,38058,38102,44,N
10146,38054,38102,48,S
10155,38074,38104,30,N
10151,38064,38104,40,S
10162,38090,38106,16,N
10156,38074,38106,32,S
10170,38106,38108,2,N
10160,38084,38108,24,S
10165,38094,38110,16,S
10169,38104,38112,8,S
10173,38114,38114,0,S
10177,38122,38122,0,N
10179,38124,38124,0,S
10183,38134,38134,0,S
10184,38138,38138,0,N
10187,38144,38144,0,S
10191,38154,38154,0,N
10192,38154,38154,0,S
10167,38099,38160,61,E
10168,38102,38160,58,W
10171,38107,38160,53,E
10172,38108,38160,52,W
10175,38115,38160,45,E
10174,38114,38160,46,W
10178,38123,38162,39,E
10176,38120,38162,42,W
10181,38131,38162,31,E
10180,38126,38162,36,W
10186,38139,38162,23,E
10182,38132,38162,30,W
10189,38147,38164,17,E
10185,38138,38164,26,W
10193,38155,38164,9,E
10188,38144,38164,20,W
10196,38163,38164,1,E
10190,38150,38164,14,W
10194,38156,38166,10,W
10195,38162,38166,4,W
10198,38168,38168,0,W
10200,38171,38172,1,E
10202,38174,38174,0,W
10203,38179,38180,1,E
10204,38180,38180,0,W
10207,38186,38186,0,W
10208,38187,38188,1,E
10209,38192,38192,0,W
10211,38195,38196,1,E
10212,38198,38198,0,W
10214,38203,38204,1,E
10216,38204,38204,0,W
10217,38210,38210,0,W
10218,38211,38212,1,E
10220,38216,38216,0,W
10199,38170,38220,50,N
10197,38164,38220,56,S
10206,38186,38222,36,N
10201,38174,38222,48,S
10213,38202,38224,22,N
10205,38184,38224,40,S
10221,38218,38226,8,N
10210,38194,38226,32,S
10215,38204,38228,24,S
10219,38214,38230,16,S
10224,38224,38232,8,S
10227,38234,38234,0,N
10228,38234,38234,0,S
10233,38244,38244,0,S
10235,38250,38250,0,N
10238,38254,38254,0,S
10241,38264,38264,0,S
10243,38266,38266,0,N
10246,38274,38274,0,S
10222,38219,38280,61,E
10223,38222,38280,58,W
10225,38227,38280,53,E
10226,38228,38280,52,W
10230,38235,38280,45,E
10229,38234,38280,46,W
10232,38243,38282,39,E
10231,38240,38282,42,W
10236,38251,38282,31,E
10234,38246,38282,36,W
10240,38259,38282,23,E
10237,38252,38282,30,W
10244,38267,38284,17,E
10239,38258,38284,26,W
10247,38275,38284,9,E
10242,38264,38284,20,W
10251,38283,38284,1,E
10245,38270,38284,14,W
10248,38276,38286,10,W
10250,38282,38286,4,W
10253,38288,38288,0,W
10254,38291,38292,1,E
10256,38294,38294,0,W
10258,38299,38300,1,E
10259,38300,38300,0,W
10261,38306,38306,0,W
10262,38307,38308,1,E
10263,38312,38312,0,W
10266,38315,38316,1,E
10267,38318,38318,0,W
10268,38323,38324,1,E
10270,38324,38324,0,W
10272,38330,38330,0,W
10273,38331,38332,1,E
10275,38336,38336,0,W
10249,38282,38340,58,N
10252,38284,38340,56,S
10257,38298,38342,44,N
10255,38294,38342,48,S
10264,38314,38344,30,N
10260,38304,38344,40,S
10271,38330,38346,16,N
10265,38314,38346,32,S
10279,38346,38348,2,N
10269,38324,38348,24,S
10274,38334,38350,16,S
10278,38344,38352,8,S
10282,38354,38354,0,S
10286,38362,38362,0,N
10288,38364,38364,0,S
10292,38374,38374,0,S
10293,38378,38378,0,N
10296,38384,38384,0,S
10300,38394,38394,0,N
10301,38394,38394,0,S
10276,38339,38400,61,E
10277,38342,38400,58,W
10280,38347,38400,53,E
10281,38348,38400,52,W
10284,38355,38400,45,E
10283,38354,38400,46,W
10287,38363,38402,39,E
10285,38360,38402,42,W
10290,38371,38402,31,E
10289,38366,38402,36,W
10295,38379,38402,23,E
10291,38372,38402,30,W
10298,38387,38404,17,E
10294,38378,38404,26,W
10302,38395,38404,9,E
10297,38384,38404,20,W
10305,38403,38404,1,E
10299,38390,38404,14,W
10303,38396,38406,10,W
10304,38402,38406,4,W
10307,38408,38408,0,W
10309,38411,38412,1,E
10311,38414,38414,0,W
10312,38419,38420,1,E
10313,38420,38420,0,W
10316,38426,38426,0,W
10317,38427,38428,1,E
10318,38432,38432,0,W
10320,38435,38436,1,E
10321,38438,38438,0,W
10323,38443,38444,1,E
10325,38444,38444,0,W
10326,38450,38450,0,W
10327,38451,38452,1,E
10329,38456,38456,0,W
10308,38410,38460,50,N
10306,38404,38460,56,S
10315,38426,38462,36,N
10310,38414,38462,48,S
10322,38442,38464,22,N
10314,38424,38464,40,S
10330,38458,38466,8,N
10319,38434,38466,32,S
10324,38444,38468,24,S
10328,38454,38470,16,S
10333,38464,38472,8,S
10336,38474,38474,0,N
10337,38474,38474,0,S
10342,38484,38484,0,S
10344,38490,38490,0,N
10347,38494,38494,0,S
10350,38504,38504,0,S
10352,38506,38506,0,N
10355,38514,38514,0,S
10331,38459,38520,61,E
10332,38462,38520,58,W
10334,38467,38520,53,E
10335,38468,38520,52,W
10339,38475,38520,45,E
10338,38474,38520,46,W
10341,38483,38522,39,E
10340,38480,38522,42,W
10345,38491,38522,31,E
10343,38486,38522,36,W
10349,38499,38522,23,E
10346,38492,38522,30,W
10353,38507,38524,17,E
10348,38498,38524,26,W
10356,38515,38524,9,E
10351,38504,38524,20,W
10360,38523,38524,1,E
10354,38510,38524,14,W
10357,38516,38526,10,W
10359,38522,38526,4,W
10362,38528,38528,0,W
10363,38531,38532,1,E
10365,38534,38534,0,W
10367,38539,38540,1,E
10368,38540,38540,0,W
10370,38546,38546,0,W
10371,38547,38548,1,E
10372,38552,38552,0,W
10375,38555,38556,1,E
10376,38558,38558,0,W
10377,38563,38564,1,E
10379,38564,38564,0,W
10381,38570,38570,0,W
10382,38571,38572,1,E
10384,38576,38576,0,W
10358,38522,38580,58,N
10361,38524,38580,56,S
10366,38538,38582,44,N
10364,38534,38582,48,S
10373,38554,38584,30,N
10369,38544,38584,40,S
10380,38570,38586,16,N
10374,38554,38586,32,S
10388,38586,38588,2,N
10378,38564,38588,24,S
10383,38574,38590,16,S
10387,38584,38592,8,S
10391,38594,38594,0,S
10395,38602,38602,0,N
10397,38604,38604,0,S
10401,38614,38614,0,S
10402,38618,38618,0,N
10405,38624,38624,0,S
10409,38634,38634,0,N
10410,38634,38634,0,S
10385,38579,38640,61,E
10386,38582,38640,58,W
10389,38587,38640,53,E
10390,38588,38640,52,W
10393,38595,38640,45,E
10392,38594,38640,46,W
10396,38603,38642,39,E
10394,38600,38642,42,W
10399,38611,38642,31,E
10398,38606,38642,36,W
10404,38619,38642,23,E
10400,38612,38642,30,W
10407,38627,38644,17,E
10403,38618,38644,26,W
10411,38635,38644,9,E
10406,38624,38644,20,W
10414,38643,38644,1,E
10408,38630,38644,14,W
10412,38636,38646,10,W
10413,38642,38646,4,W
10416,38648,38648,0,W
10418,38651,38652,1,E
10420,38654,38654,0,W
10421,38659,38660,1,E
10422,38660,38660,0,W
10425,38666,38666,0,W
10426,38667,38668,1,E
10427,38672,38672,0,W
10429,38675,38676,1,E
10430,38678,38678,0,W
10432,38683,38684,1,E
10434,38684,38684,0,W
10435,38690,38690,0,W
10436,38691,38692,1,E
10438,38696,38696,0,W
10417,38650,38700,50,N
10415,38644,38700,56,S
10424,38666,38702,36,N
10419,38654,38702,48,S
10431,38682,38704,22,N
10423,38664,38704,40,S
10439,38698,38706,8,N
10428,38674,38706,32,S
10433,38684,38708,24,S
10437,38694,38710,16,S
10442,38704,38712,8,S
10445,38714,38714,0,N
10446,38714,38714,0,S
10451,38724,38724,0,S
10453,38730,38730,0,N
10456,38734,38734,0,S
10459,38744,38744,0,S
10461,38746,38746,0,N
10464,38754,38754,0,S
10440,38699,38760,61,E
10441,38702,38760,58,W
10443,38707,38760,53,E
10444,38708,38760,52,W
10448,38715,38760,45,E
10447,38714,38760,46,W
10450,38723,38762,39,E
10449,38720,38762,42,W
10454,38731,38762,31,E
10452,38726,38762,36,W
10458,38739,38762,23,E
10455,38732,38762,30,W
10462,38747,38764,17,E
10457,38738,38764,26,W
10465,38755,38764,9,E
10460,38744,38764,20,W
10469,38763,38764,1,E
10463,38750,38764,14,W
10466,38756,38766,10,W
10468,38762,38766,4,W
10471,38768,38768,0,W
10472,38771,38772,1,E
10474,38774,38774,0,W
10476,38779,38780,1,E
10477,38780,38780,0,W
10479,38786,38786,0,W
10480,38787,38788,1,E
10481,38792,38792,0,W
10484,38795,38796,1,E
10485,38798,38798,0,W
10486,38803,38804,1,E
10488,38804,38804,0,W
10490,38810,38810,0,W
10491,38811,38812,1,E
10493,38816,38816,0,W
10467,38762,38820,58,N
10470,38764,38820,56,S
10475,38778,38822,44,N
10473,38774,38822,48,S
10482,38794,38824,30,N
10478,38784,38824,40,S
10489,38810,38826,16,N
10483,38794,38826,32,S
10497,38826,38828,2,N
10487,38804,38828,24,S
10492,38814,38830,16,S
10496,38824,38832,8,S
10500,38834,38834,0,S
10504,38842,38842,0,N
10506,38844,38844,0,S
10510,38854,38854,0,S
10511,38858,38858,0,N
10514,38864,38864,0,S
10518,38874,38874,0,N
10519,38874,38874,0,S
10494,38819,38880,61,E
10495,38822,38880,58,W
10498,38827,38880,53,E
10499,38828,38880,52,W
10502,38835,38880,45,E
10501,38834,38880,46,W
10505,38843,38882,39,E
10503,38840,38882,42,W
10508,38851,38882,31,E
10507,38846,38882,36,W
10513,38859,38882,23,E
10509,38852,38882,30,W
10516,38867,38884,17,E
10512,38858,38884,26,W
10520,38875,38884,9,E
10515,38864,38884,20,W
10523,38883,38884,1,E
10517,38870,38884,14,W
10521,38876,38886,10,W
10522,38882,38886,4,W
10525,38888,38888,0,W
10527,38891,38892,1,E
10529,38894,38894,0,W
10530,38899,38900,1,E
10531,38900,38900,0,W
10534,38906,38906,0,W
10535,38907,38908,1,E
10536,38912,38912,0,W
10538,38915,38916,1,E
10539,38918,38918,0,W
10541,38923,38924,1,E
10543,38924,38924,0,W
10544,38930,38930,0,W
10545,38931,38932,1,E
10547,38936,38936,0,W
10526,38890,38940,50,N
10524,38884,38940,56,S
10533,38906,38942,36,N
10528,38894,38942,48,S
10540,38922,38944,22,N
10532,38904,38944,40,S
10548,38938,38946,8,N
10537,38914,38946,32,S
10542,38924,38948,24,S
10546,38934,38950,16,S
10551,38944,38952,8,S
10554,38954,38954,0,N
10555,38954,38954,0,S
10560,38964,38964,0,S
10562,38970,38970,0,N
10565,38974,38974,0,S
10568,38984,38984,0,S
10570,38986,38986,0,N
10573,38994,38994,0,S
10549,38939,39000,61,E
10550,38942,39000,58,W
10552,38947,39000,53,E
10553,38948,39000,52,W
10557,38955,39000,45,E
10556,38954,39000,46,W
10559,38963,39002,39,E
10558,38960,39002,42,W
10563,38971,39002,31,E
10561,38966,39002,36,W
10567,38979,39002,23,E
10564,38972,39002,30,W
10571,38987,39004,17,E
10566,38978,39004,26,W
10574,38995,39004,9,E
10569,38984,39004,20,W
10578,39003,39004,1,E
10572,38990,39004,14,W
10575,38996,39006,10,W
10577,39002,39006,4,W
10580,39008,39008,0,W
10581,39011,39012,1,E
10583,39014,39014,0,W
10585,39019,39020,1,E
10586,39020,39020,0,W
10588,39026,39026,0,W
10589,39027,39028,1,E
10590,39032,39032,0,W
10593,39035,39036,1,E
10594,39038,39038,0,W
10595,39043,39044,1,E
10597,39044,39044,0,W
10599,39050,39050,0,W
10600,39051,39052,1,E
10602,39056,39056,0,W
10576,39002,39060,58,N
10579,39004,39060,56,S
10584,39018,39062,44,N
10582,39014,39062,48,S
10591,39034,39064,30,N
10587,39024,39064,40,S
10598,39050,39066,16,N
10592,39034,39066,32,S
10606,39066,39068,2,N
10596,39044,39068,24,S
10601,39054,39070,16,S
10605,39064,39072,8,S
10609,39074,39074,0,S
10613,39082,39082,0,N
10615,39084,39084,0,S
10619,39094,39094,0,S
10620,39098,39098,0,N
10623,39104,39104,0,S
10627,39114,39114,0,N
10628,39114,39114,0,S
10603,39059,39120,61,E
10604,39062,39120,58,W
10607,39067,39120,53,E
10608,39068,39120,52,W
10611,39075,39120,45,E
10610,39074,39120,46,W
10614,39083,39122,39,E
10612,39080,39122,42,W
10617,39091,39122,31,E
10616,39086,39122,36,W
10622,39099,39122,23,E
10618,39092,39122,30,W
10625,39107,39124,17,E
10621,39098,39124,26,W
10629,39115,39124,9,E
10624,39104,39124,20,W
10632,39123,39124,1,E
10626,39110,39124,14,W
10630,39116,39126,10,W
10631,39122,39126,4,W
10634,39128,39128,0,W
10636,39131,39132,1,E
10638,39134,39134,0,W
10639,39139,39140,1,E
10640,39140,39140,0,W
10643,39146,39146,0,W
10644,39147,39148,1,E
10645,39152,39152,0,W
10647,39155,39156,1,E
10648,39158,39158,0,W
10650,39163,39164,1,E
10652,39164,39164,0,W
10653,39170,39170,0,W
10654,39171,39172,1,E
10656,39176,39176,0,W
10635,39130,39180,50,N
10633,39124,39180,56,S
10642,39146,39182,36,N
10637,39134,39182,48,S
10649,39162,39184,22,N
10641,39144,39184,40,S
10657,39178,39186,8,N
10646,39154,39186,32,S
10651,39164,39188,24,S
10655,39174,39190,16,S
10660,39184,39192,8,S
10663,39194,39194,0,N
10664,39194,39194,0,S
10669,39204,39204,0,S
10671,39210,39210,0,N
10674,39214,39214,0,S
10677,39224,39224,0,S
10679,39226,39226,0,N
10682,39234,39234,0,S
10658,39179,39240,61,E
10659,39182,39240,58,W
10661,39187,39240,53,E
10662,39188,39240,52,W
10666,39195,39240,45,E
10665,39194,39240,46,W
10668,39203,39242,39,E
10667,39200,39242,42,W
10672,39211,39242,31,E
10670,39206,39242,36,W
10676,39219,39242,23,E
10673,39212,39242,30,W
10680,39227,39244,17,E
10675,39218,39244,26,W
10683,39235,39244,9,E
10678,39224,39244,20,W
10687,39243,39244,1,E
10681,39230,39244,14,W
10684,39236,39246,10,W
10686,39242,39246,4,W
10689,39248,39248,0,W
10690,39251,39252,1,E
10692,39254,39254,0,W
10694,39259,39260,1,E
10695,39260,39260,0,W
10697,39266,39266,0,W
10698,39267,39268,1,E
10699,39272,39272,0,W
10702,39275,39276,1,E
10703,39278,39278,0,W
10704,39283,39284,1,E
10706,39284,39284,0,W
10708,39290,39290,0,W
10709,39291,39292,1,E
10711,39296,39296,0,W
10685,39242,39300,58,N
10688,39244,39300,56,S
10693,39258,39302,44,N
10691,39254,39302,48,S
10700,39274,39304,30,N
10696,39264,39304,40,S
10707,39290,39306,16,N
10701,39274,39306,32,S
10715,39306,39308,2,N
10705,39284,39308,24,S
10710,39294,39310,16,S
10714,39304,39312,8,S
10718,39314,39314,0,S
10722,39322,39322,0,N
10724,39324,39324,0,S
10728,39334,39334,0,S
10729,39338,39338,0,N
10732,39344,39344,0,S
10736,39354,39354,0,N
10737,39354,39354,0,S
10712,39299,39360,61,E
10713,39302,39360,58,W
10716,39307,39360,53,E
10717,39308,39360,52,W
10720,39315,39360,45,E
10719,39314,39360,46,W
10723,39323,39362,39,E
10721,39320,39362,42,W
10726,39331,39362,31,E
10725,39326,39362,36,W
10731,39339,39362,23,E
10727,39332,39362,30,W
10734,39347,39364,17,E
10730,39338,39364,26,W
10738,39355,39364,9,E
10733,39344,39364,20,W
10741,39363,39364,1,E
10735,39350,39364,14,W
10739,39356,39366,10,W
10740,39362,39366,4,W
10743,39368,39368,0,W
10745,39371,39372,1,E
10747,39374,39374,0,W
10748,39379,39380,1,E
10749,39380,39380,0,W
10752,39386,39386,0,W
10753,39387,39388,1,E
10754,39392,39392,0,W
10756,39395,39396,1,E
10757,39398,39398,0,W
10759,39403,39404,1,E
10761,39404,39404,0,W
10762,39410,39410,0,W
10763,39411,39412,1,E
10765,39416,39416,0,W
10744,39370,39420,50,N
10742,39364,39420,56,S
10751,39386,39422,36,N
10746,39374,39422,48,S
10758,39402,39424,22,N
10750,39384,39424,40,S
10766,39418,39426,8,N
10755,39394,39426,32,S
10760,39404,39428,24,S
10764,39414,39430,16,S
10769,39424,39432,8,S
10772,39434,39434,0,N
10773,39434,39434,0,S
10778,39444,39444,0,S
10780,39450,39450,0,N
10783,39454,39454,0,S
10786,39464,39464,0,S
10788,39466,39466,0,N
10791,39474,39474,0,S
10767,39419,39480,61,E
10768,39422,39480,58,W
10770,39427,39480,53,E
10771,39428,39480,52,W
10775,39435,39480,45,E
10774,39434,39480,46,W
10777,39443,39482,39,E
10776,39440,39482,42,W
10781,39451,39482,31,E
10779,39446,39482,36,W
10785,39459,39482,23,E
10782,39452,39482,30,W
10789,39467,39484,17,E
10784,39458,39484,26,W
10792,39475,39484,9,E
10787,39464,39484,20,W
10796,39483,39484,1,E
10790,39470,39484,14,W
10793,39476,39486,10,W
10795,39482,39486,4,W
10798,39488,39488,0,W
10799,39491,39492,1,E
10801,39494,39494,0,W
10803,39499,39500,1,E
10804,39500,39500,0,W
10806,39506,39506,0,W
10807,39507,39508,1,E
10808,39512,39512,0,W
10811,39515,39516,1,E
10812,39518,39518,0,W
10813,39523,39524,1,E
10815,39524,39524,0,W
10817,39530,39530,0,W
10818,39531,39532,1,E
10820,39536,39536,0,W
10794,39482,39540,58,N
10797,39484,39540,56,S
10802,39498,39542,44,N
10800,39494,39542,48,S
10809,39514,39544,30,N
10805,39504,39544,40,S
10816,39530,39546,16,N
10810,39514,39546,32,S
10824,39546,39548,2,N
10814,39524,39548,24,S
10819,39534,39550,16,S
10823,39544,39552,8,S
10827,39554,39554,0,S
10831,39562,39562,0,N
10833,39564,39564,0,S
10837,39574,39574,0,S
10838,39578,39578,0,N
10841,39584,39584,0,S
10845,39594,39594,0,N
10846,39594,39594,0,S
10821,39539,39600,61,E
10822,39542,39600,58,W
10825,39547,39600,53,E
10826,39548,39600,52,W
10829,39555,39600,45,E
10828,39554,39600,46,W
10832,39563,39602,39,E
10830,39560,39602,42,W
10835,39571,39602,31,E
10834,39566,39602,36,W
10840,39579,39602,23,E
10836,39572,39602,30,W
10843,39587,39604,17,E
10839,39578,39604,26,W
10847,39595,39604,9,E
10842,39584,39604,20,W
10850,39603,39604,1,E
10844,39590,39604,14,W
10848,39596,39606,10,W
10849,39602,39606,4,W
10852,39608,39608,0,W
10854,39610,39610,0,E
10856,39614,39614,0,W
10857,39617,39618,1,E
10858,39620,39620,0,W
10860,39624,39624,0,E
10862,39626,39626,0,W
10863,39631,39632,1,E
10864,39632,39632,0,W
10866,39638,39638,0,E
10867,39638,39638,0,W
10870,39644,39644,0,W
10871,39645,39646,1,E
10872,39650,39650,0,W
10873,39652,39652,0,E
10876,39656,39656,0,W
10853,39610,39660,50,N
10851,39604,39660,56,S
10861,39625,39662,37,N
10855,39614,39662,48,S
10868,39640,39664,24,N
10859,39624,39664,40,S
10875,39655,39666,11,N
10865,39634,39666,32,S
10869,39644,39668,24,S
10882,39670,39670,0,N
10874,39654,39670,16,S
10879,39664,39672,8,S
10884,39674,39674,0,S
10888,39684,39684,0,S
10889,39685,39686,1,N
10893,39694,39694,0,S
10896,39700,39700,0,N
10898,39704,39704,0,S
10902,39714,39714,0,S
10903,39715,39716,1,N
10877,39659,39720,61,E
10878,39662,39720,58,W
10880,39666,39720,54,E
10881,39668,39720,52,W
10883,39673,39720,47,E
10885,39674,39720,46,W
10886,39680,39722,42,E
10887,39680,39722,42,W
10891,39687,39722,35,E
10890,39686,39722,36,W
10894,39694,39722,28,E
10892,39692,39722,30,W
10897,39701,39724,23,E
10895,39698,39724,26,W
10900,39708,39724,16,E
10899,39704,39724,20,W
10904,39715,39724,9,E
10901,39710,39724,14,W
10906,39722,39726,4,E
10905,39716,39726,10,W
10907,39722,39726,4,W
10909,39728,39728,0,W
10910,39729,39730,1,E
10913,39734,39734,0,W
10914,39736,39736,0,E
10915,39740,39740,0,W
10916,39743,39744,1,E
10919,39746,39746,0,W
10920,39750,39750,0,E
10921,39752,39752,0,W
10923,39757,39758,1,E
10924,39758,39758,0,W
10927,39764,39764,0,E
10928,39764,39764,0,W
10929,39770,39770,0,W
10930,39771,39772,1,E
10933,39776,39776,0,W
10934,39778,39778,0,E
10911,39730,39780,50,N
10908,39724,39780,56,S
10918,39745,39782,37,N
10912,39734,39782,48,S
10925,39760,39784,24,N
10917,39744,39784,40,S
10932,39775,39786,11,N
10922,39754,39786,32,S
10926,39764,39788,24,S
10939,39790,39790,0,N
10931,39774,39790,16,S
10936,39784,39792,8,S
10941,39794,39794,0,S
10945,39804,39804,0,S
10946,39805,39806,1,N
10951,39814,39814,0,S
10953,39820,39820,0,N
10955,39824,39824,0,S
10959,39834,39834,0,S
10961,39835,39836,1,N
10937,39785,39840,55,E
10935,39782,39840,58,W
10940,39792,39840,48,E
10938,39788,39840,52,W
10943,39799,39840,41,E
10942,39794,39840,46,W
10947,39806,39842,36,E
10944,39800,39842,42,W
10950,39813,39842,29,E
10948,39806,39842,36,W
10954,39820,39842,22,E
10949,39812,39842,30,W
10957,39827,39844,17,E
10952,39818,39844,26,W
10960,39834,39844,10,E
10956,39824,39844,20,W
10963,39841,39844,3,E
10958,39830,39844,14,W
10962,39836,39846,10,W
10964,39842,39846,4,W
10966,39848,39848,0,E
10967,39848,39848,0,W
10970,39854,39854,0,W
10971,39855,39856,1,E
10972,39860,39860,0,W
10973,39862,39862,0,E
10976,39866,39866,0,W
10977,39869,39870,1,E
10978,39872,39872,0,W
10980,39876,39876,0,E
10981,39878,39878,0,W
10983,39883,39884,1,E
10985,39884,39884,0,W
10986,39890,39890,0,E
10987,39890,39890,0,W
10990,39896,39896,0,W
10991,39897,39898,1,E
10968,39850,39900,50,N
10965,39844,39900,56,S
10975,39865,39902,37,N
10969,39854,39902,48,S
10982,39880,39904,24,N
10974,39864,39904,40,S
10989,39895,39906,11,N
10979,39874,39906,32,S
10984,39884,39908,24,S
10996,39910,39910,0,N
10988,39894,39910,16,S
10993,39904,39912,8,S
10998,39914,39914,0,S
11002,39924,39924,0,S
11003,39925,39926,1,N
11008,39934,39934,0,S
11011,39940,39940,0,N
11012,39944,39944,0,S
11017,39954,39954,0,S
11018,39955,39956,1,N
10994,39904,39960,56,E
10992,39902,39960,58,W
10997,39911,39960,49,E
10995,39908,39960,52,W
11000,39918,39960,42,E
10999,39914,39960,46,W
11004,39925,39962,37,E
11001,39920,39962,42,W
11006,39932,39962,30,E
11005,39926,39962,36,W
11010,39939,39962,23,E
11007,39932,39962,30,W
11014,39946,39964,18,E
11009,39938,39964,26,W
11016,39953,39964,11,E
11013,39944,39964,20,W
11020,39960,39964,4,E
11015,39950,39964,14,W
11019,39956,39966,10,W
11021,39962,39966,4,W
11023,39967,39968,1,E
11024,39968,39968,0,W
11027,39974,39974,0,E
11028,39974,39974,0,W
11029,39980,39980,0,W
11030,39981,39982,1,E
11033,39986,39986,0,W
11034,39988,39988,0,E
11035,39992,39992,0,W
11037,39995,39996,1,E
11038,39998,39998,0,W
11040,40002,40002,0,E
11042,40004,40004,0,W
11043,40009,40010,1,E
11044,40010,40010,0,W
11047,40016,40016,0,E
11048,40016,40016,0,W
11025,39970,40020,50,N
11022,39964,40020,56,S
11032,39985,40022,37,N
11026,39974,40022,48,S
11039,40000,40024,24,N
11031,39984,40024,40,S
11046,40015,40026,11,N
11036,39994,40026,32,S
11041,40004,40028,24,S
11053,40030,40030,0,N
11045,40014,40030,16,S
11051,40024,40032,8,S
11055,40034,40034,0,S
11059,40044,40044,0,S
11061,40045,40046,1,N
11065,40054,40054,0,S
11068,40060,40060,0,N
11069,40064,40064,0,S
11074,40074,40074,0,S
11075,40075,40076,1,N
11050,40023,40080,57,E
11049,40022,40080,58,W
11054,40030,40080,50,E
11052,40028,40080,52,W
11057,40037,40080,43,E
11056,40034,40080,46,W
11060,40044,40082,38,E
11058,40040,40082,42,W
11063,40051,40082,31,E
11062,40046,40082,36,W
11066,40058,40082,24,E
11064,40052,40082,30,W
11071,40065,40084,19,E
11067,40058,40084,26,W
11073,40072,40084,12,E
11070,40064,40084,20,W
11077,40079,40084,5,E
11072,40070,40084,14,W
11080,40086,40086,0,E
11076,40076,40086,10,W
11078,40082,40086,4,W
11081,40088,40088,0,W
11083,40093,40094,1,E
11085,40094,40094,0,W
11086,40100,40100,0,E
11087,40100,40100,0,W
11090,40106,40106,0,W
11091,40107,40108,1,E
11092,40112,40112,0,W
11094,40114,40114,0,E
11095,40118,40118,0,W
11097,40121,40122,1,E
11099,40124,40124,0,W
11100,40128,40128,0,E
11101,40130,40130,0,W
11104,40135,40136,1,E
11105,40136,40136,0,W
11082,40090,40140,50,N
11079,40084,40140,56,S
11089,40105,40142,37,N
11084,40094,40142,48,S
11096,40120,40144,24,N
11088,40104,40144,40,S
11103,40135,40146,11,N
11093,40114,40146,32,S
11098,40124,40148,24,S
11111,40150,40150,0,N
11102,40134,40150,16,S
11108,40144,40152,8,S
11112,40154,40154,0,S
11117,40164,40164,0,S
11118,40165,40166,1,N
11122,40174,40174,0,S
11125,40180,40180,0,N
11126,40184,40184,0,S
11131,40194,40194,0,S
11132,40195,40196,1,N
11106,40142,40200,58,E
11107,40142,40200,58,W
11110,40149,40200,51,E
11109,40148,40200,52,W
11114,40156,40200,44,E
11113,40154,40200,46,W
11116,40163,40202,39,E
11115,40160,40202,42,W
11120,40170,40202,32,E
11119,40166,40202,36,W
11123,40177,40202,25,E
11121,40172,40202,30,W
11127,40184,40204,20,E
11124,40178,40204,26,W
11130,40191,40204,13,E
11128,40184,40204,20,W
11134,40198,40204,6,E
11129,40190,40204,14,W
11137,40205,40206,1,E
11133,40196,40206,10,W
11135,40202,40206,4,W
11138,40208,40208,0,W
11140,40212,40212,0,E
11142,40214,40214,0,W
11143,40219,40220,1,E
11144,40220,40220,0,W
11147,40226,40226,0,E
11148,40226,40226,0,W
11149,40232,40232,0,W
11150,40233,40234,1,E
11152,40238,40238,0,W
11154,40240,40240,0,E
11156,40244,40244,0,W
11157,40247,40248,1,E
11158,40250,40250,0,W
11160,40254,40254,0,E
11162,40256,40256,0,W
11139,40210,40260,50,N
11136,40204,40260,56,S
11146,40225,40262,37,N
11141,40214,40262,48,S
11153,40240,40264,24,N
11145,40224,40264,40,S
11161,40255,40266,11,N
11151,40234,40266,32,S
11155,40244,40268,24,S
11168,40270,40270,0,N
11159,40254,40270,16,S
11165,40264,40272,8,S
11169,40274,40274,0,S
11174,40284,40284,0,S
11175,40285,40286,1,N
11179,40294,40294,0,S
11182,40300,40300,0,N
11184,40304,40304,0,S
11188,40314,40314,0,S
11189,40315,40316,1,N
11163,40261,40320,59,E
11164,40262,40320,58,W
11166,40268,40320,52,E
11167,40268,40320,52,W
11171,40275,40320,45,E
11170,40274,40320,46,W
11173,40282,40322,40,E
11172,40280,40322,42,W
11177,40289,40322,33,E
11176,40286,40322,36,W
11180,40296,40322,26,E
11178,40292,40322,30,W
11183,40303,40324,21,E
11181,40298,40324,26,W
11186,40310,40324,14,E
11185,40304,40324,20,W
11191,40317,40324,7,E
11187,40310,40324,14,W
11194,40324,40326,2,E
11190,40316,40326,10,W
11192,40322,40326,4,W
11195,40328,40328,0,W
11197,40331,40332,1,E
11199,40334,40334,0,W
11200,40338,40338,0,E
11201,40340,40340,0,W
11204,40345,40346,1,E
11205,40346,40346,0,W
11206,40352,40352,0,E
11207,40352,40352,0,W
11209,40358,40358,0,W
11210,40359,40360,1,E
11213,40364,40364,0,W
11214,40366,40366,0,E
11215,40370,40370,0,W
11216,40373,40374,1,E
11219,40376,40376,0,W
11196,40330,40380,50,N
11193,40324,40380,56,S
11203,40345,40382,37,N
11198,40334,40382,48,S
11211,40360,40384,24,N
11202,40344,40384,40,S
11218,40375,40386,11,N
11208,40354,40386,32,S
11212,40364,40388,24,S
11225,40390,40390,0,N
11217,40374,40390,16,S
11222,40384,40392,8,S
11226,40394,40394,0,S
11231,40404,40404,0,S
11232,40405,40406,1,N
11236,40414,40414,0,S
11239,40420,40420,0,N
11241,40424,40424,0,S
11245,40434,40434,0,S
11246,40435,40436,1,N
11220,40380,40440,60,E
11221,40382,40440,58,W
11223,40387,40440,53,E
11224,40388,40440,52,W
11227,40394,40440,46,E
11228,40394,40440,46,W
11230,40401,40442,41,E
11229,40400,40442,42,W
11234,40408,40442,34,E
11233,40406,40442,36,W
11237,40415,40442,27,E
11235,40412,40442,30,W
11240,40422,40444,22,E
11238,40418,40444,26,W
11243,40429,40444,15,E
11242,40424,40444,20,W
11247,40436,40444,8,E
11244,40430,40444,14,W
11250,40443,40446,3,E
11248,40436,40446,10,W
11249,40442,40446,4,W
11252,40448,40448,0,W
11254,40450,40450,0,E
11256,40454,40454,0,W
11257,40457,40458,1,E
11258,40460,40460,0,W
11260,40464,40464,0,E
11262,40466,40466,0,W
11263,40471,40472,1,E
11264,40472,40472,0,W
11266,40478,40478,0,E
11267,40478,40478,0,W
11270,40484,40484,0,W
11271,40485,40486,1,E
11272,40490,40490,0,W
11273,40492,40492,0,E
11276,40496,40496,0,W
11253,40450,40500,50,N
11251,40444,40500,56,S
11261,40465,40502,37,N
11255,40454,40502,48,S
11268,40480,40504,24,N
11259,40464,40504,40,S
11275,40495,40506,11,N
11265,40474,40506,32,S
11269,40484,40508,24,S
11282,40510,40510,0,N
11274,40494,40510,16,S
11279,40504,40512,8,S
11284,40514,40514,0,S
11288,40524,40524,0,S
11289,40525,40526,1,N
11293,40534,40534,0,S
11296,40540,40540,0,N
11298,40544,40544,0,S
11302,40554,40554,0,S
11303,40555,40556,1,N
11277,40499,40560,61,E
11278,40502,40560,58,W
11280,40506,40560,54,E
11281,40508,40560,52,W
11283,40513,40560,47,E
11285,40514,40560,46,W
11286,40520,40562,42,E
11287,40520,40562,42,W
11291,40527,40562,35,E
11290,40526,40562,36,W
11294,40534,40562,28,E
11292,40532,40562,30,W
11297,40541,40564,23,E
11295,40538,40564,26,W
11300,40548,40564,16,E
11299,40544,40564,20,W
11304,40555,40564,9,E
11301,40550,40564,14,W
11306,40562,40566,4,E
11305,40556,40566,10,W
11307,40562,40566,4,W
11309,40568,40568,0,W
11310,40569,40570,1,E
11313,40574,40574,0,W
11314,40576,40576,0,E
11315,40580,40580,0,W
11316,40583,40584,1,E
11319,40586,40586,0,W
11320,40590,40590,0,E
11321,40592,40592,0,W
11323,40597,40598,1,E
11324,40598,40598,0,W
11327,40604,40604,0,E
11328,40604,40604,0,W
11329,40610,40610,0,W
11330,40611,40612,1,E
11333,40616,40616,0,W
11334,40618,40618,0,E
11311,40570,40620,50,N
11308,40564,40620,56,S
11318,40585,40622,37,N
11312,40574,40622,48,S
11325,40600,40624,24,N
11317,40584,40624,40,S
11332,40615,40626,11,N
11322,40594,40626,32,S
11326,40604,40628,24,S
11339,40630,40630,0,N
11331,40614,40630,16,S
11336,40624,40632,8,S
11341,40634,40634,0,S
11345,40644,40644,0,S
11346,40645,40646,1,N
11351,40654,40654,0,S
11353,40660,40660,0,N
11355,40664,40664,0,S
11359,40674,40674,0,S
11361,40675,40676,1,N
11337,40625,40680,55,E
11335,40622,40680,58,W
11340,40632,40680,48,E
11338,40628,40680,52,W
11343,40639,40680,41,E
11342,40634,40680,46,W
11347,40646,40682,36,E
11344,40640,40682,42,W
11350,40653,40682,29,E
11348,40646,40682,36,W
11354,40660,40682,22,E
11349,40652,40682,30,W
11357,40667,40684,17,E
11352,40658,40684,26,W
11360,40674,40684,10,E
11356,40664,40684,20,W
11363,40681,40684,3,E
11358,40670,40684,14,W
11362,40676,40686,10,W
11364,40682,40686,4,W
11366,40688,40688,0,E
11367,40688,40688,0,W
11370,40694,40694,0,W
11371,40695,40696,1,E
11372,40700,40700,0,W
11373,40702,40702,0,E
11376,40706,40706,0,W
11377,40709,40710,1,E
11378,40712,40712,0,W
11380,40716,40716,0,E
11381,40718,40718,0,W
11383,40723,40724,1,E
11385,40724,40724,0,W
11386,40730,40730,0,E
11387,40730,40730,0,W
11390,40736,40736,0,W
11391,40737,40738,1,E
11368,40690,40740,50,N
11365,40684,40740,56,S
11375,40705,40742,37,N
11369,40694,40742,48,S
11382,40720,40744,24,N
11374,40704,40744,40,S
11389,40735,40746,11,N
11379,40714,40746,32,S
11384,40724,40748,24,S
11396,40750,40750,0,N
11388,40734,40750,16,S
11393,40744,40752,8,S
11398,40754,40754,0,S
11402,40764,40764,0,S
11403,40765,40766,1,N
11408,40774,40774,0,S
11411,40780,40780,0,N
11412,40784,40784,0,S
11417,40794,40794,0,S
11418,40795,40796,1,N
11394,40744,40800,56,E
11392,40742,40800,58,W
11397,40751,40800,49,E
11395,40748,40800,52,W
11400,40758,40800,42,E
11399,40754,40800,46,W
11404,40765,40802,37,E
11401,40760,40802,42,W
11406,40772,40802,30,E
11405,40766,40802,36,W
11410,40779,40802,23,E
11407,40772,40802,30,W
11414,40786,40804,18,E
11409,40778,40804,26,W
11416,40793,40804,11,E
11413,40784,40804,20,W
11420,40800,40804,4,E
11415,40790,40804,14,W
11419,40796,40806,10,W
11421,40802,40806,4,W
11423,40807,40808,1,E
11424,40808,40808,0,W
11427,40814,40814,0,E
11428,40814,40814,0,W
11429,40820,40820,0,W
11430,40821,40822,1,E
11433,40826,40826,0,W
11434,40828,40828,0,E
11435,40832,40832,0,W
11437,40835,40836,1,E
11438,40838,40838,0,W
11440,40842,40842,0,E
11442,40844,40844,0,W
11443,40849,40850,1,E
11444,40850,40850,0,W
11447,40856,40856,0,E
11448,40856,40856,0,W
11425,40810,40860,50,N
11422,40804,40860,56,S
11432,40825,40862,37,N
11426,40814,40862,48,S
11439,40840,40864,24,N
11431,40824,40864,40,S
11446,40855,40866,11,N
11436,40834,40866,32,S
11441,40844,40868,24,S
11453,40870,40870,0,N
11445,40854,40870,16,S
11451,40864,40872,8,S
11455,40874,40874,0,S
11459,40884,40884,0,S
11461,40885,40886,1,N
11465,40894,40894,0,S
11468,40900,40900,0,N
11469,40904,40904,0,S
11474,40914,40914,0,S
11475,40915,40916,1,N
11450,40863,40920,57,E
11449,40862,40920,58,W
11454,40870,40920,50,E
11452,40868,40920,52,W
11457,40877,40920,43,E
11456,40874,40920,46,W
11460,40884,40922,38,E
11458,40880,40922,42,W
11463,40891,40922,31,E
11462,40886,40922,36,W
11466,40898,40922,24,E
11464,40892,40922,30,W
11471,40905,40924,19,E
11467,40898,40924,26,W
11473,40912,40924,12,E
11470,40904,40924,20,W
11477,40919,40924,5,E
11472,40910,40924,14,W
11480,40926,40926,0,E
11476,40916,40926,10,W
11478,40922,40926,4,W
11481,40928,40928,0,W
11483,40933,40934,1,E
11485,40934,40934,0,W
11486,40940,40940,0,E
11487,40940,40940,0,W
11490,40946,40946,0,W
11491,40947,40948,1,E
11492,40952,40952,0,W
11494,40954,40954,0,E
11495,40958,40958,0,W
11497,40961,40962,1,E
11499,40964,40964,0,W
11500,40968,40968,0,E
11501,40970,40970,0,W
11504,40975,40976,1,E
11505,40976,40976,0,W
11482,40930,40980,50,N
11479,40924,40980,56,S
11489,40945,40982,37,N
11484,40934,40982,48,S
11496,40960,40984,24,N
11488,40944,40984,40,S
11503,40975,40986,11,N
11493,40954,40986,32,S
11498,40964,40988,24,S
11511,40990,40990,0,N
11502,40974,40990,16,S
11508,40984,40992,8,S
11512,40994,40994,0,S
11517,41004,41004,0,S
11518,41005,41006,1,N
11522,41014,41014,0,S
11525,41020,41020,0,N
11526,41024,41024,0,S
11531,41034,41034,0,S
11532,41035,41036,1,N
11506,40982,41040,58,E
11507,40982,41040,58,W
11510,40989,41040,51,E
11509,40988,41040,52,W
11514,40996,41040,44,E
11513,40994,41040,46,W
11516,41003,41042,39,E
11515,41000,41042,42,W
11520,41010,41042,32,E
11519,41006,41042,36,W
11523,41017,41042,25,E
11521,41012,41042,30,W
11527,41024,41044,20,E
11524,41018,41044,26,W
11530,41031,41044,13,E
11528,41024,41044,20,W
11534,41038,41044,6,E
11529,41030,41044,14,W
11537,41045,41046,1,E
11533,41036,41046,10,W
11535,41042,41046,4,W
11538,41048,41048,0,W
11540,41052,41052,0,E
11542,41054,41054,0,W
11543,41059,41060,1,E
11544,41060,41060,0,W
11547,41066,41066,0,E
11548,41066,41066,0,W
11549,41072,41072,0,W
11550,41073,41074,1,E
11552,41078,41078,0,W
11554,41080,41080,0,E
11556,41084,41084,0,W
11557,41087,41088,1,E
11558,41090,41090,0,W
11560,41094,41094,0,E
11562,41096,41096,0,W
11539,41050,41100,50,N
11536,41044,41100,56,S
11546,41065,41102,37,N
11541,41054,41102,48,S
11553,41080,41104,24,N
11545,41064,41104,40,S
11561,41095,41106,11,N
11551,41074,41106,32,S
11555,41084,41108,24,S
11568,41110,41110,0,N
11559,41094,41110,16,S
11565,41104,41112,8,S
11569,41114,41114,0,S
11574,41124,41124,0,S
11575,41125,41126,1,N
11579,41134,41134,0,S
11582,41140,41140,0,N
11584,41144,41144,0,S
11588,41154,41154,0,S
11589,41155,41156,1,N
11563,41101,41160,59,E
11564,41102,41160,58,W
11566,41108,41160,52,E
11567,41108,41160,52,W
11571,41115,41160,45,E
11570,41114,41160,46,W
11573,41122,41162,40,E
11572,41120,41162,42,W
11577,41129,41162,33,E
11576,41126,41162,36,W
11580,41136,41162,26,E
11578,41132,41162,30,W
11583,41143,41164,21,E
11581,41138,41164,26,W
11586,41150,41164,14,E
11585,41144,41164,20,W
11591,41157,41164,7,E
11587,41150,41164,14,W
11594,41164,41166,2,E
11590,41156,41166,10,W
11592,41162,41166,4,W
11595,41168,41168,0,W
11597,41171,41172,1,E
11599,41174,41174,0,W
11600,41178,41178,0,E
11601,41180,41180,0,W
11604,41185,41186,1,E
11605,41186,41186,0,W
11606,41192,41192,0,E
11607,41192,41192,0,W
11609,41198,41198,0,W
11610,41199,41200,1,E
11613,41204,41204,0,W
11614,41206,41206,0,E
11615,41210,41210,0,W
11616,41213,41214,1,E
11619,41216,41216,0,W
11596,41170,41220,50,N
11593,41164,41220,56,S
11603,41185,41222,37,N
11598,41174,41222,48,S
11611,41200,41224,24,N
11602,41184,41224,40,S
11618,41215,41226,11,N
11608,41194,41226,32,S
11612,41204,41228,24,S
11625,41230,41230,0,N
11617,41214,41230,16,S
11622,41224,41232,8,S
11626,41234,41234,0,S
11631,41244,41244,0,S
11632,41245,41246,1,N
11636,41254,41254,0,S
11639,41260,41260,0,N
11641,41264,41264,0,S
11645,41274,41274,0,S
11646,41275,41276,1,N
11620,41220,41280,60,E
11621,41222,41280,58,W
11623,41227,41280,53,E
11624,41228,41280,52,W
11627,41234,41280,46,E
11628,41234,41280,46,W
11630,41241,41282,41,E
11629,41240,41282,42,W
11634,41248,41282,34,E
11633,41246,41282,36,W
11637,41255,41282,27,E
11635,41252,41282,30,W
11640,41262,41284,22,E
11638,41258,41284,26,W
11643,41269,41284,15,E
11642,41264,41284,20,W
11647,41276,41284,8,E
11644,41270,41284,14,W
11650,41283,41286,3,E
11648,41276,41286,10,W
11649,41282,41286,4,W
11652,41288,41288,0,W
11654,41290,41290,0,E
11656,41294,41294,0,W
11657,41297,41298,1,E
11658,41300,41300,0,W
11660,41304,41304,0,E
11662,41306,41306,0,W
11663,41311,41312,1,E
11664,41312,41312,0,W
11666,41318,41318,0,E
11667,41318,41318,0,W
11670,41324,41324,0,W
11671,41325,41326,1,E
11672,41330,41330,0,W
11673,41332,41332,0,E
11676,41336,41336,0,W
11653,41290,41340,50,N
11651,41284,41340,56,S
11661,41305,41342,37,N
11655,41294,41342,48,S
11668,41320,41344,24,N
11659,41304,41344,40,S
11675,41335,41346,11,N
11665,41314,41346,32,S
11669,41324,41348,24,S
11682,41350,41350,0,N
11674,41334,41350,16,S
11679,41344,41352,8,S
11684,41354,41354,0,S
11688,41364,41364,0,S
11689,41365,41366,1,N
11693,41374,41374,0,S
11696,41380,41380,0,N
11698,41384,41384,0,S
11702,41394,41394,0,S
11703,41395,41396,1,N
11677,41339,41400,61,E
11678,41342,41400,58,W
11680,41346,41400,54,E
11681,41348,41400,52,W
11683,41353,41400,47,E
11685,41354,41400,46,W
11686,41360,41402,42,E
11687,41360,41402,42,W
11691,41367,41402,35,E
11690,41366,41402,36,W
11694,41374,41402,28,E
11692,41372,41402,30,W
11697,41381,41404,23,E
11695,41378,41404,26,W
11700,41388,41404,16,E
11699,41384,41404,20,W
11704,41395,41404,9,E
11701,41390,41404,14,W
11706,41402,41406,4,E
11705,41396,41406,10,W
11707,41402,41406,4,W
11709,41408,41408,0,W
11710,41409,41410,1,E
11713,41414,41414,0,W
11714,41416,41416,0,E
11715,41420,41420,0,W
11716,41423,41424,1,E
11719,41426,41426,0,W
11720,41430,41430,0,E
11721,41432,41432,0,W
11723,41437,41438,1,E
11724,41438,41438,0,W
11727,41444,41444,0,E
11728,41444,41444,0,W
11729,41450,41450,0,W
11730,41451,41452,1,E
11733,41456,41456,0,W
11734,41458,41458,0,E
11711,41410,41460,50,N
11708,41404,41460,56,S
11718,41425,41462,37,N
11712,41414,41462,48,S
11725,41440,41464,24,N
11717,41424,41464,40,S
11732,41455,41466,11,N
11722,41434,41466,32,S
11726,41444,41468,24,S
11739,41470,41470,0,N
11731,41454,41470,16,S
11736,41464,41472,8,S
11741,41474,41474,0,S
11745,41484,41484,0,S
11746,41485,41486,1,N
11751,41494,41494,0,S
11753,41500,41500,0,N
11755,41504,41504,0,S
11759,41514,41514,0,S
11761,41515,41516,1,N
11737,41465,41520,55,E
11735,41462,41520,58,W
11740,41472,41520,48,E
11738,41468,41520,52,W
11743,41479,41520,41,E
11742,41474,41520,46,W
11747,41486,41522,36,E
11744,41480,41522,42,W
11750,41493,41522,29,E
11748,41486,41522,36,W
11754,41500,41522,22,E
11749,41492,41522,30,W
11757,41507,41524,17,E
11752,41498,41524,26,W
11760,41514,41524,10,E
11756,41504,41524,20,W
11763,41521,41524,3,E
11758,41510,41524,14,W
11762,41516,41526,10,W
11764,41522,41526,4,W
11766,41528,41528,0,E
11767,41528,41528,0,W
11770,41534,41534,0,W
11771,41535,41536,1,E
11772,41540,41540,0,W
11773,41542,41542,0,E
11776,41546,41546,0,W
11777,41549,41550,1,E
11778,41552,41552,0,W
11780,41556,41556,0,E
11781,41558,41558,0,W
11783,41563,41564,1,E
11785,41564,41564,0,W
11786,41570,41570,0,E
11787,41570,41570,0,W
11790,41576,41576,0,W
11791,41577,41578,1,E
11768,41530,41580,50,N
11765,41524,41580,56,S
11775,41545,41582,37,N
11769,41534,41582,48,S
11782,41560,41584,24,N
11774,41544,41584,40,S
11789,41575,41586,11,N
11779,41554,41586,32,S
11784,41564,41588,24,S
11796,41590,41590,0,N
11788,41574,41590,16,S
11793,41584,41592,8,S
11798,41594,41594,0,S
11802,41604,41604,0,S
11803,41605,41606,1,N
11808,41614,41614,0,S
11811,41620,41620,0,N
11812,41624,41624,0,S
11817,41634,41634,0,S
11818,41635,41636,1,N
11794,41584,41640,56,E
11792,41582,41640,58,W
11797,41591,41640,49,E
11795,41588,41640,52,W
11800,41598,41640,42,E
11799,41594,41640,46,W
11804,41605,41642,37,E
11801,41600,41642,42,W
11806,41612,41642,30,E
11805,41606,41642,36,W
11810,41619,41642,23,E
11807,41612,41642,30,W
11814,41626,41644,18,E
11809,41618,41644,26,W
11816,41633,41644,11,E
11813,41624,41644,20,W
11820,41640,41644,4,E
11815,41630,41644,14,W
11819,41636,41646,10,W
11821,41642,41646,4,W
11823,41647,41648,1,E
11824,41648,41648,0,W
11827,41654,41654,0,E
11828,41654,41654,0,W
11829,41660,41660,0,W
11830,41661,41662,1,E
11833,41666,41666,0,W
11834,41668,41668,0,E
11835,41672,41672,0,W
11837,41675,41676,1,E
11838,41678,41678,0,W
11840,41682,41682,0,E
11842,41684,41684,0,W
11843,41689,41690,1,E
11844,41690,41690,0,W
11847,41696,41696,0,E
11848,41696,41696,0,W
11825,41650,41700,50,N
11822,41644,41700,56,S
11832,41665,41702,37,N
11826,41654,41702,48,S
11839,41680,41704,24,N
11831,41664,41704,40,S
11846,41695,41706,11,N
11836,41674,41706,32,S
11841,41684,41708,24,S
11853,41710,41710,0,N
11845,41694,41710,16,S
11851,41704,41712,8,S
11855,41714,41714,0,S
11859,41724,41724,0,S
11861,41725,41726,1,N
11865,41734,41734,0,S
11868,41740,41740,0,N
11869,41744,41744,0,S
11874,41754,41754,0,S
11875,41755,41756,1,N
11850,41703,41760,57,E
11849,41702,41760,58,W
11854,41710,41760,50,E
11852,41708,41760,52,W
11857,41717,41760,43,E
11856,41714,41760,46,W
11860,41724,41762,38,E
11858,41720,41762,42,W
11863,41731,41762,31,E
11862,41726,41762,36,W
11866,41738,41762,24,E
11864,41732,41762,30,W
11871,41745,41764,19,E
11867,41738,41764,26,W
11873,41752,41764,12,E
11870,41744,41764,20,W
11877,41759,41764,5,E
11872,41750,41764,14,W
11880,41766,41766,0,E
11876,41756,41766,10,W
11878,41762,41766,4,W
11881,41768,41768,0,W
11883,41773,41774,1,E
11885,41774,41774,0,W
11886,41780,41780,0,E
11887,41780,41780,0,W
11890,41786,41786,0,W
11891,41787,41788,1,E
11892,41792,41792,0,W
11894,41794,41794,0,E
11895,41798,41798,0,W
11897,41801,41802,1,E
11899,41804,41804,0,W
11900,41808,41808,0,E
11901,41810,41810,0,W
11904,41815,41816,1,E
11905,41816,41816,0,W
11882,41770,41820,50,N
11879,41764,41820,56,S
11889,41785,41822,37,N
11884,41774,41822,48,S
11896,41800,41824,24,N
11888,41784,41824,40,S
11903,41815,41826,11,N
11893,41794,41826,32,S
11898,41804,41828,24,S
11911,41830,41830,0,N
11902,41814,41830,16,S
11908,41824,41832,8,S
11912,41834,41834,0,S
11917,41844,41844,0,S
11918,41845,41846,1,N
11922,41854,41854,0,S
11925,41860,41860,0,N
11926,41864,41864,0,S
11931,41874,41874,0,S
11932,41875,41876,1,N
11906,41822,41880,58,E
11907,41822,41880,58,W
11910,41829,41880,51,E
11909,41828,41880,52,W
11914,41836,41880,44,E
11913,41834,41880,46,W
11916,41843,41882,39,E
11915,41840,41882,42,W
11920,41850,41882,32,E
11919,41846,41882,36,W
11923,41857,41882,25,E
11921,41852,41882,30,W
11927,41864,41884,20,E
11924,41858,41884,26,W
11930,41871,41884,13,E
11928,41864,41884,20,W
11934,41878,41884,6,E
11929,41870,41884,14,W
11937,41885,41886,1,E
11933,41876,41886,10,W
11935,41882,41886,4,W
11938,41888,41888,0,W
11940,41892,41892,0,E
11942,41894,41894,0,W
11943,41899,41900,1,E
11944,41900,41900,0,W
11947,41906,41906,0,E
11948,41906,41906,0,W
11949,41912,41912,0,W
11950,41913,41914,1,E
11952,41918,41918,0,W
11954,41920,41920,0,E
11956,41924,41924,0,W
11957,41927,41928,1,E
11958,41930,41930,0,W
11960,41934,41934,0,E
11962,41936,41936,0,W
11939,41890,41940,50,N
11936,41884,41940,56,S
11946,41905,41942,37,N
11941,41894,41942,48,S
11953,41920,41944,24,N
11945,41904,41944,40,S
11961,41935,41946,11,N
11951,41914,41946,32,S
11955,41924,41948,24,S
11968,41950,41950,0,N
11959,41934,41950,16,S
11965,41944,41952,8,S
11969,41954,41954,0,S
11974,41964,41964,0,S
11975,41965,41966,1,N
11979,41974,41974,0,S
11982,41980,41980,0,N
11984,41984,41984,0,S
11988,41994,41994,0,S
11989,41995,41996,1,N
11963,41941,42000,59,E
11964,41942,42000,58,W
11966,41948,42000,52,E
11967,41948,42000,52,W
11971,41955,42000,45,E
11970,41954,42000,46,W
11973,41962,42002,40,E
11972,41960,42002,42,W
11977,41969,42002,33,E
11976,41966,42002,36,W
11980,41976,42002,26,E
11978,41972,42002,30,W
11983,41983,42004,21,E
11981,41978,42004,26,W
11986,41990,42004,14,E
11985,41984,42004,20,W
11991,41997,42004,7,E
11987,41990,42004,14,W
11994,42004,42006,2,E
11990,41996,42006,10,W
11992,42002,42006,4,W
11995,42008,42008,0,W
11997,42011,42012,1,E
11999,42014,42014,0,W
12000,42018,42018,0,E
12001,42020,42020,0,W
12004,42025,42026,1,E
12005,42026,42026,0,W
12006,42032,42032,0,E
12007,42032,42032,0,W
12009,42038,42038,0,W
12010,42039,42040,1,E
12013,42044,42044,0,W
12014,42046,42046,0,E
12015,42050,42050,0,W
12016,42053,42054,1,E
12019,42056,42056,0,W
11996,42010,42060,50,N
11993,42004,42060,56,S
12003,42025,42062,37,N
11998,42014,42062,48,S
12011,42040,42064,24,N
12002,42024,42064,40,S
12018,42055,42066,11,N
12008,42034,42066,32,S
12012,42044,42068,24,S
12025,42070,42070,0,N
12017,42054,42070,16,S
12022,42064,42072,8,S
12026,42074,42074,0,S
12031,42084,42084,0,S
12032,42085,42086,1,N
12036,42094,42094,0,S
12039,42100,42100,0,N
12041,42104,42104,0,S
12045,42114,42114,0,S
12046,42115,42116,1,N
12020,42060,42120,60,E
12021,42062,42120,58,W
12023,42067,42120,53,E
12024,42068,42120,52,W
12027,42074,42120,46,E
12028,42074,42120,46,W
12030,42081,42122,41,E
12029,42080,42122,42,W
12034,42088,42122,34,E
12033,42086,42122,36,W
12037,42095,42122,27,E
12035,42092,42122,30,W
12040,42102,42124,22,E
12038,42098,42124,26,W
12043,42109,42124,15,E
12042,42104,42124,20,W
12047,42116,42124,8,E
12044,42110,42124,14,W
12050,42123,42126,3,E
12048,42116,42126,10,W
12049,42122,42126,4,W
12052,42128,42128,0,W
12054,42130,42130,0,E
12056,42134,42134,0,W
12057,42137,42138,1,E
12058,42140,42140,0,W
12060,42144,42144,0,E
12062,42146,42146,0,W
12063,42151,42152,1,E
12064,42152,42152,0,W
12066,42158,42158,0,E
12067,42158,42158,0,W
12070,42164,42164,0,W
12071,42165,42166,1,E
12072,42170,42170,0,W
12073,42172,42172,0,E
12076,42176,42176,0,W
12053,42130,42180,50,N
12051,42124,42180,56,S
12061,42145,42182,37,N
12055,42134,42182,48,S
12068,42160,42184,24,N
12059,42144,42184,40,S
12075,42175,42186,11,N
12065,42154,42186,32,S
12069,42164,42188,24,S
12082,42190,42190,0,N
12074,42174,42190,16,S
12079,42184,42192,8,S
12084,42194,42194,0,S
12088,42204,42204,0,S
12089,42205,42206,1,N
12093,42214,42214,0,S
12096,42220,42220,0,N
12098,42224,42224,0,S
12102,42234,42234,0,S
12103,42235,42236,1,N
12077,42179,42240,61,E
12078,42182,42240,58,W
12080,42186,42240,54,E
12081,42188,42240,52,W
12083,42193,42240,47,E
12085,42194,42240,46,W
12086,42200,42242,42,E
12087,42200,42242,42,W
12091,42207,42242,35,E
12090,42206,42242,36,W
12094,42214,42242,28,E
12092,42212,42242,30,W
12097,42221,42244,23,E
12095,42218,42244,26,W
12100,42228,42244,16,E
12099,42224,42244,20,W
12104,42235,42244,9,E
12101,42230,42244,14,W
12106,42242,42246,4,E
12105,42236,42246,10,W
12107,42242,42246,4,W
12109,42248,42248,0,W
12110,42249,42250,1,E
12113,42254,42254,0,W
12114,42256,42256,0,E
12115,42260,42260,0,W
12116,42263,42264,1,E
12119,42266,42266,0,W
12120,42270,42270,0,E
12121,42272,42272,0,W
12123,42277,42278,1,E
12124,42278,42278,0,W
12127,42284,42284,0,E
12128,42284,42284,0,W
12129,42290,42290,0,W
12130,42291,42292,1,E
12133,42296,42296,0,W
12134,42298,42298,0,E
12111,42250,42300,50,N
12108,42244,42300,56,S
12118,42265,42302,37,N
12112,42254,42302,48,S
12125,42280,42304,24,N
12117,42264,42304,40,S
12132,42295,42306,11,N
12122,42274,42306,32,S
12126,42284,42308,24,S
12139,42310,42310,0,N
12131,42294,42310,16,S
12136,42304,42312,8,S
12141,42314,42314,0,S
12145,42324,42324,0,S
12146,42325,42326,1,N
12151,42334,42334,0,S
12153,42340,42340,0,N
12155,42344,42344,0,S
12159,42354,42354,0,S
12161,42355,42356,1,N
12137,42305,42360,55,E
12135,42302,42360,58,W
12140,42312,42360,48,E
12138,42308,42360,52,W
12143,42319,42360,41,E
12142,42314,42360,46,W
12147,42326,42362,36,E
12144,42320,42362,42,W
12150,42333,42362,29,E
12148,42326,42362,36,W
12154,42340,42362,22,E
12149,42332,42362,30,W
12157,42347,42364,17,E
12152,42338,42364,26,W
12160,42354,42364,10,E
12156,42344,42364,20,W
12163,42361,42364,3,E
12158,42350,42364,14,W
12162,42356,42366,10,W
12164,42362,42366,4,W
12166,42368,42368,0,E
12167,42368,42368,0,W
12170,42374,42374,0,W
12171,42375,42376,1,E
12172,42380,42380,0,W
12173,42382,42382,0,E
12176,42386,42386,0,W
12177,42389,42390,1,E
12178,42392,42392,0,W
12180,42396,42396,0,E
12181,42398,42398,0,W
12183,42403,42404,1,E
12185,42404,42404,0,W
12186,42410,42410,0,E
12187,42410,42410,0,W
12190,42416,42416,0,W
12191,42417,42418,1,E
12168,42370,42420,50,N
12165,42364,42420,56,S
12175,42385,42422,37,N
12169,42374,42422,48,S
12182,42400,42424,24,N
12174,42384,42424,40,S
12189,42415,42426,11,N
12179,42394,42426,32,S
12184,42404,42428,24,S
12196,42430,42430,0,N
12188,42414,42430,16,S
12193,42424,42432,8,S
12198,42434,42434,0,S
12202,42444,42444,0,S
12203,42445,42446,1,N
12208,42454,42454,0,S
12211,42460,42460,0,N
12212,42464,42464,0,S
12217,42474,42474,0,S
12218,42475,42476,1,N
12194,42424,42480,56,E
12192,42422,42480,58,W
12197,42431,42480,49,E
12195,42428,42480,52,W
12200,42438,42480,42,E
12199,42434,42480,46,W
12204,42445,42482,37,E
12201,42440,42482,42,W
12206,42452,42482,30,E
12205,42446,42482,36,W
12210,42459,42482,23,E
12207,42452,42482,30,W
12214,42466,42484,18,E
12209,42458,42484,26,W
12216,42473,42484,11,E
12213,42464,42484,20,W
12220,42480,42484,4,E
12215,42470,42484,14,W
12219,42476,42486,10,W
12221,42482,42486,4,W
12223,42487,42488,1,E
12224,42488,42488,0,W
12227,42494,42494,0,E
12228,42494,42494,0,W
12229,42500,42500,0,W
12230,42501,42502,1,E
12233,42506,42506,0,W
12234,42508,42508,0,E
12235,42512,42512,0,W
12237,42515,42516,1,E
12238,42518,42518,0,W
12240,42522,42522,0,E
12242,42524,42524,0,W
12243,42529,42530,1,E
12244,42530,42530,0,W
12247,42536,42536,0,E
12248,42536,42536,0,W
12225,42490,42540,50,N
12222,42484,42540,56,S
12232,42505,42542,37,N
12226,42494,42542,48,S
12239,42520,42544,24,N
12231,42504,42544,40,S
12246,42535,42546,11,N
12236,42514,42546,32,S
12241,42524,42548,24,S
12253,42550,42550,0,N
12245,42534,42550,16,S
12251,42544,42552,8,S
12255,42554,42554,0,S
12259,42564,42564,0,S
12261,42565,42566,1,N
12265,42574,42574,0,S
12268,42580,42580,0,N
12269,42584,42584,0,S
12274,42594,42594,0,S
12275,42595,42596,1,N
12250,42543,42600,57,E
12249,42542,42600,58,W
12254,42550,42600,50,E
12252,42548,42600,52,W
12257,42557,42600,43,E
12256,42554,42600,46,W
12260,42564,42602,38,E
12258,42560,42602,42,W
12263,42571,42602,31,E
12262,42566,42602,36,W
12266,42578,42602,24,E
12264,42572,42602,30,W
12271,42585,42604,19,E
12267,42578,42604,26,W
12273,42592,42604,12,E
12270,42584,42604,20,W
12277,42599,42604,5,E
12272,42590,42604,14,W
12280,42606,42606,0,E
12276,42596,42606,10,W
12278,42602,42606,4,W
12281,42608,42608,0,W
12283,42613,42614,1,E
12285,42614,42614,0,W
12286,42620,42620,0,E
12287,42620,42620,0,W
12290,42626,42626,0,W
12291,42627,42628,1,E
12292,42632,42632,0,W
12294,42634,42634,0,E
12295,42638,42638,0,W
12297,42641,42642,1,E
12299,42644,42644,0,W
12300,42648,42648,0,E
12301,42650,42650,0,W
12304,42655,42656,1,E
12305,42656,42656,0,W
12282,42610,42660,50,N
12279,42604,42660,56,S
12289,42625,42662,37,N
12284,42614,42662,48,S
12296,42640,42664,24,N
12288,42624,42664,40,S
12303,42655,42666,11,N
12293,42634,42666,32,S
12298,42644,42668,24,S
12311,42670,42670,0,N
12302,42654,42670,16,S
12308,42664,42672,8,S
12312,42674,42674,0,S
12317,42684,42684,0,S
12318,42685,42686,1,N
12322,42694,42694,0,S
12325,42700,42700,0,N
12326,42704,42704,0,S
12331,42714,42714,0,S
12332,42715,42716,1,N
12306,42662,42720,58,E
12307,42662,42720,58,W
12310,42669,42720,51,E
12309,42668,42720,52,W
12314,42676,42720,44,E
12313,42674,42720,46,W
12316,42683,42722,39,E
12315,42680,42722,42,W
12320,42690,42722,32,E
12319,42686,42722,36,W
12323,42697,42722,25,E
12321,42692,42722,30,W
12327,42704,42724,20,E
12324,42698,42724,26,W
12330,42711,42724,13,E
12328,42704,42724,20,W
12334,42718,42724,6,E
12329,42710,42724,14,W
12337,42725,42726,1,E
12333,42716,42726,10,W
12335,42722,42726,4,W
12338,42728,42728,0,W
12340,42732,42732,0,E
12342,42734,42734,0,W
12343,42739,42740,1,E
12344,42740,42740,0,W
12347,42746,42746,0,E
12348,42746,42746,0,W
12349,42752,42752,0,W
12350,42753,42754,1,E
12352,42758,42758,0,W
12354,42760,42760,0,E
12356,42764,42764,0,W
12357,42767,42768,1,E
12358,42770,42770,0,W
12360,42774,42774,0,E
12362,42776,42776,0,W
12339,42730,42780,50,N
12336,42724,42780,56,S
12346,42745,42782,37,N
12341,42734,42782,48,S
12353,42760,42784,24,N
12345,42744,42784,40,S
12361,42775,42786,11,N
12351,42754,42786,32,S
12355,42764,42788,24,S
12368,42790,42790,0,N
12359,42774,42790,16,S
12365,42784,42792,8,S
12369,42794,42794,0,S
12374,42804,42804,0,S
12375,42805,42806,1,N
12379,42814,42814,0,S
12382,42820,42820,0,N
12384,42824,42824,0,S
12388,42834,42834,0,S
12389,42835,42836,1,N
12363,42781,42840,59,E
12364,42782,42840,58,W
12366,42788,42840,52,E
12367,42788,42840,52,W
12371,42795,42840,45,E
12370,42794,42840,46,W
12373,42802,42842,40,E
12372,42800,42842,42,W
12377,42809,42842,33,E
12376,42806,42842,36,W
12380,42816,42842,26,E
12378,42812,42842,30,W
12383,42823,42844,21,E
12381,42818,42844,26,W
12386,42830,42844,14,E
12385,42824,42844,20,W
12391,42837,42844,7,E
12387,42830,42844,14,W
12394,42844,42846,2,E
12390,42836,42846,10,W
12392,42842,42846,4,W
12395,42848,42848,0,W
12397,42851,42852,1,E
12399,42854,42854,0,W
12400,42858,42858,0,E
12401,42860,42860,0,W
12404,42865,42866,1,E
12405,42866,42866,0,W
12406,42872,42872,0,E
12407,42872,42872,0,W
12409,42878,42878,0,W
12410,42879,42880,1,E
12413,42884,42884,0,W
12414,42886,42886,0,E
12415,42890,42890,0,W
12416,42893,42894,1,E
12419,42896,42896,0,W
12396,42850,42900,50,N
12393,42844,42900,56,S
12403,42865,42902,37,N
12398,42854,42902,48,S
12411,42880,42904,24,N
12402,42864,42904,40,S
12418,42895,42906,11,N
12408,42874,42906,32,S
12412,42884,42908,24,S
12425,42910,42910,0,N
12417,42894,42910,16,S
12422,42904,42912,8,S
12426,42914,42914,0,S
12431,42924,42924,0,S
12432,42925,42926,1,N
12436,42934,42934,0,S
12439,42940,42940,0,N
12441,42944,42944,0,S
12445,42954,42954,0,S
12446,42955,42956,1,N
12420,42900,42960,60,E
12421,42902,42960,58,W
12423,42907,42960,53,E
12424,42908,42960,52,W
12427,42914,42960,46,E
12428,42914,42960,46,W
12430,42921,42962,41,E
12429,42920,42962,42,W
12434,42928,42962,34,E
12433,42926,42962,36,W
12437,42935,42962,27,E
12435,42932,42962,30,W
12440,42942,42964,22,E
12438,42938,42964,26,W
12443,42949,42964,15,E
12442,42944,42964,20,W
12447,42956,42964,8,E
12444,42950,42964,14,W
12450,42963,42966,3,E
12448,42956,42966,10,W
12449,42962,42966,4,W
12452,42968,42968,0,W
12454,42970,42970,0,E
12456,42974,42974,0,W
12457,42977,42978,1,E
12458,42980,42980,0,W
12460,42984,42984,0,E
12462,42986,42986,0,W
12463,42991,42992,1,E
12464,42992,42992,0,W
12466,42998,42998,0,E
12467,42998,42998,0,W
12470,43004,43004,0,W
12471,43005,43006,1,E
12472,43010,43010,0,W
12473,43012,43012,0,E
12476,43016,43016,0,W
12453,42970,43020,50,N
12451,42964,43020,56,S
12461,42985,43022,37,N
12455,42974,43022,48,S
12468,43000,43024,24,N
12459,42984,43024,40,S
12475,43015,43026,11,N
12465,42994,43026,32,S
12469,43004,43028,24,S
12482,43030,43030,0,N
12474,43014,43030,16,S
12479,43024,43032,8,S
12484,43034,43034,0,S
12488,43044,43044,0,S
12489,43045,43046,1,N
12493,43054,43054,0,S
12496,43060,43060,0,N
12498,43064,43064,0,S
12502,43074,43074,0,S
12503,43075,43076,1,N
12477,43019,43080,61,E
12478,43022,43080,58,W
12480,43026,43080,54,E
12481,43028,43080,52,W
12483,43033,43080,47,E
12485,43034,43080,46,W
12486,43040,43082,42,E
12487,43040,43082,42,W
12491,43047,43082,35,E
12490,43046,43082,36,W
12494,43054,43082,28,E
12492,43052,43082,30,W
12497,43061,43084,23,E
12495,43058,43084,26,W
12500,43068,43084,16,E
12499,43064,43084,20,W
12504,43075,43084,9,E
12501,43070,43084,14,W
12506,43082,43086,4,E
12505,43076,43086,10,W
12507,43082,43086,4,W
12509,43088,43088,0,W
12510,43089,43090,1,E
12513,43094,43094,0,W
12514,43096,43096,0,E
12515,43100,43100,0,W
12516,43103,43104,1,E
12519,43106,43106,0,W
12520,43110,43110,0,E
12521,43112,43112,0,W
12523,43117,43118,1,E
12524,43118,43118,0,W
12527,43124,43124,0,E
12528,43124,43124,0,W
12529,43130,43130,0,W
12530,43131,43132,1,E
12533,43136,43136,0,W
12534,43138,43138,0,E
12511,43090,43140,50,N
12508,43084,43140,56,S
12518,43105,43142,37,N
12512,43094,43142,48,S
12525,43120,43144,24,N
12517,43104,43144,40,S
12532,43135,43146,11,N
12522,43114,43146,32,S
12526,43124,43148,24,S
12539,43150,43150,0,N
12531,43134,43150,16,S
12536,43144,43152,8,S
12541,43154,43154,0,S
12545,43164,43164,0,S
12546,43165,43166,1,N
12551,43174,43174,0,S
12553,43180,43180,0,N
12555,43184,43184,0,S
12559,43194,43194,0,S
12561,43195,43196,1,N
12537,43145,43200,55,E
12535,43142,43200,58,W
12540,43152,43200,48,E
12538,43148,43200,52,W
12543,43159,43200,41,E
12542,43154,43200,46,W
12547,43166,43202,36,E
12544,43160,43202,42,W
12550,43173,43202,29,E
12548,43166,43202,36,W
12554,43180,43202,22,E
12549,43172,43202,30,W
12557,43187,43204,17,E
12552,43178,43204,26,W
12560,43194,43204,10,E
12556,43184,43204,20,W
12563,43201,43204,3,E
12558,43190,43204,14,W
12562,43196,43206,10,W
12564,43202,43206,4,W
12566,43208,43208,0,E
12567,43208,43208,0,W
12570,43214,43214,0,W
12571,43215,43216,1,E
12572,43220,43220,0,W
12573,43222,43222,0,E
12576,43226,43226,0,W
12577,43229,43230,1,E
12578,43232,43232,0,W
12580,43236,43236,0,E
12581,43238,43238,0,W
12583,43243,43244,1,E
12585,43244,43244,0,W
12586,43250,43250,0,E
12587,43250,43250,0,W
12590,43256,43256,0,W
12591,43257,43258,1,E
12568,43210,43260,50,N
12565,43204,43260,56,S
12575,43225,43262,37,N
12569,43214,43262,48,S
12582,43240,43264,24,N
12574,43224,43264,40,S
12589,43255,43266,11,N
12579,43234,43266,32,S
12584,43244,43268,24,S
12596,43270,43270,0,N
12588,43254,43270,16,S
12593,43264,43272,8,S
12598,43274,43274,0,S
12602,43284,43284,0,S
12603,43285,43286,1,N
12608,43294,43294,0,S
12611,43300,43300,0,N
12612,43304,43304,0,S
12617,43314,43314,0,S
12618,43315,43316,1,N
12594,43264,43320,56,E
12592,43262,43320,58,W
12597,43271,43320,49,E
12595,43268,43320,52,W
12600,43278,43320,42,E
12599,43274,43320,46,W
12604,43285,43322,37,E
12601,43280,43322,42,W
12606,43292,43322,30,E
12605,43286,43322,36,W
12610,43299,43322,23,E
12607,43292,43322,30,W
12614,43306,43324,18,E
12609,43298,43324,26,W
12616,43313,43324,11,E
12613,43304,43324,20,W
12620,43320,43324,4,E
12615,43310,43324,14,W
12619,43316,43326,10,W
12621,43322,43326,4,W
12623,43327,43328,1,E
12624,43328,43328,0,W
12627,43334,43334,0,E
12628,43334,43334,0,W
12629,43340,43340,0,W
12630,43341,43342,1,E
12633,43346,43346,0,W
12634,43348,43348,0,E
12635,43352,43352,0,W
12637,43355,43356,1,E
12638,43358,43358,0,W
12640,43362,43362,0,E
12642,43364,43364,0,W
12643,43369,43370,1,E
12644,43370,43370,0,W
12647,43376,43376,0,E
12648,43376,43376,0,W
12625,43330,43380,50,N
12622,43324,43380,56,S
12632,43345,43382,37,N
12626,43334,43382,48,S
12639,43360,43384,24,N
12631,43344,43384,40,S
12646,43375,43386,11,N
12636,43354,43386,32,S
12641,43364,43388,24,S
12653,43390,43390,0,N
12645,43374,43390,16,S
12651,43384,43392,8,S
12655,43394,43394,0,S
12659,43404,43404,0,S
12661,43405,43406,1,N
12665,43414,43414,0,S
12668,43420,43420,0,N
12669,43424,43424,0,S
12674,43434,43434,0,S
12675,43435,43436,1,N
12650,43383,43440,57,E
12649,43382,43440,58,W
12654,43390,43440,50,E
12652,43388,43440,52,W
12657,43397,43440,43,E
12656,43394,43440,46,W
12660,43404,43442,38,E
12658,43400,43442,42,W
12663,43411,43442,31,E
12662,43406,43442,36,W
12666,43418,43442,24,E
12664,43412,43442,30,W
12671,43425,43444,19,E
12667,43418,43444,26,W
12673,43432,43444,12,E
12670,43424,43444,20,W
12677,43439,43444,5,E
12672,43430,43444,14,W
12680,43446,43446,0,E
12676,43436,43446,10,W
12678,43442,43446,4,W
12681,43448,43448,0,W
12683,43453,43454,1,E
12685,43454,43454,0,W
12686,43460,43460,0,E
12687,43460,43460,0,W
12690,43466,43466,0,W
12691,43467,43468,1,E
12692,43472,43472,0,W
12694,43474,43474,0,E
12695,43478,43478,0,W
12697,43481,43482,1,E
12699,43484,43484,0,W
12700,43488,43488,0,E
12701,43490,43490,0,W
12704,43495,43496,1,E
12705,43496,43496,0,W
12682,43450,43500,50,N
12679,43444,43500,56,S
12689,43465,43502,37,N
12684,43454,43502,48,S
12696,43480,43504,24,N
12688,43464,43504,40,S
12703,43495,43506,11,N
12693,43474,43506,32,S
12698,43484,43508,24,S
12711,43510,43510,0,N
12702,43494,43510,16,S
12708,43504,43512,8,S
12712,43514,43514,0,S
12717,43524,43524,0,S
12718,43525,43526,1,N
12722,43534,43534,0,S
12725,43540,43540,0,N
12726,43544,43544,0,S
12731,43554,43554,0,S
12732,43555,43556,1,N
12706,43502,43560,58,E
12707,43502,43560,58,W
12710,43509,43560,51,E
12709,43508,43560,52,W
12714,43516,43560,44,E
12713,43514,43560,46,W
12716,43523,43562,39,E
12715,43520,43562,42,W
12720,43530,43562,32,E
12719,43526,43562,36,W
12723,43537,43562,25,E
12721,43532,43562,30,W
12727,43544,43564,20,E
12724,43538,43564,26,W
12730,43551,43564,13,E
12728,43544,43564,20,W
12734,43558,43564,6,E
12729,43550,43564,14,W
12737,43565,43566,1,E
12733,43556,43566,10,W
12735,43562,43566,4,W
12738,43568,43568,0,W
12740,43572,43572,0,E
12742,43574,43574,0,W
12743,43579,43580,1,E
12744,43580,43580,0,W
12747,43586,43586,0,E
12748,43586,43586,0,W
12749,43592,43592,0,W
12750,43593,43594,1,E
12752,43598,43598,0,W
12754,43600,43600,0,E
12756,43604,43604,0,W
12757,43607,43608,1,E
12758,43610,43610,0,W
12760,43614,43614,0,E
12762,43616,43616,0,W
12739,43570,43620,50,N
12736,43564,43620,56,S
12746,43585,43622,37,N
12741,43574,43622,48,S
12753,43600,43624,24,N
12745,43584,43624,40,S
12761,43615,43626,11,N
12751,43594,43626,32,S
12755,43604,43628,24,S
12768,43630,43630,0,N
12759,43614,43630,16,S
12765,43624,43632,8,S
12769,43634,43634,0,S
12774,43644,43644,0,S
12775,43645,43646,1,N
12779,43654,43654,0,S
12782,43660,43660,0,N
12784,43664,43664,0,S
12788,43674,43674,0,S
12789,43675,43676,1,N
12763,43621,43680,59,E
12764,43622,43680,58,W
12766,43628,43680,52,E
12767,43628,43680,52,W
12771,43635,43680,45,E
12770,43634,43680,46,W
12773,43642,43682,40,E
12772,43640,43682,42,W
12777,43649,43682,33,E
12776,43646,43682,36,W
12780,43656,43682,26,E
12778,43652,43682,30,W
12783,43663,43684,21,E
12781,43658,43684,26,W
12786,43670,43684,14,E
12785,43664,43684,20,W
12791,43677,43684,7,E
12787,43670,43684,14,W
12794,43684,43686,2,E
12790,43676,43686,10,W
12792,43682,43686,4,W
12795,43688,43688,0,W
12797,43691,43692,1,E
12799,43694,43694,0,W
12800,43698,43698,0,E
12801,43700,43700,0,W
12804,43705,43706,1,E
12805,43706,43706,0,W
12806,43712,43712,0,E
12807,43712,43712,0,W
12809,43718,43718,0,W
12810,43719,43720,1,E
12813,43724,43724,0,W
12814,43726,43726,0,E
12815,43730,43730,0,W
12816,43733,43734,1,E
12819,43736,43736,0,W
12796,43690,43740,50,N
12793,43684,43740,56,S
12803,43705,43742,37,N
12798,43694,43742,48,S
12811,43720,43744,24,N
12802,43704,43744,40,S
12818,43735,43746,11,N
12808,43714,43746,32,S
12812,43724,43748,24,S
12825,43750,43750,0,N
12817,43734,43750,16,S
12822,43744,43752,8,S
12826,43754,43754,0,S
12831,43764,43764,0,S
12832,43765,43766,1,N
12836,43774,43774,0,S
12839,43780,43780,0,N
12841,43784,43784,0,S
12845,43794,43794,0,S
12846,43795,43796,1,N
12820,43740,43800,60,E
12821,43742,43800,58,W
12823,43747,43800,53,E
12824,43748,43800,52,W
12827,43754,43800,46,E
12828,43754,43800,46,W
12830,43761,43802,41,E
12829,43760,43802,42,W
12834,43768,43802,34,E
12833,43766,43802,36,W
12837,43775,43802,27,E
12835,43772,43802,30,W
12840,43782,43804,22,E
12838,43778,43804,26,W
12843,43789,43804,15,E
12842,43784,43804,20,W
12847,43796,43804,8,E
12844,43790,43804,14,W
12850,43803,43806,3,E
12848,43796,43806,10,W
12849,43802,43806,4,W
12852,43808,43808,0,W
12854,43810,43810,0,E
12856,43814,43814,0,W
12857,43817,43818,1,E
12858,43820,43820,0,W
12860,43824,43824,0,E
12862,43826,43826,0,W
12863,43831,43832,1,E
12864,43832,43832,0,W
12866,43838,43838,0,E
12867,43838,43838,0,W
12870,43844,43844,0,W
12871,43845,43846,1,E
12872,43850,43850,0,W
12873,43852,43852,0,E
12876,43856,43856,0,W
12853,43810,43860,50,N
12851,43804,43860,56,S
12861,43825,43862,37,N
12855,43814,43862,48,S
12868,43840,43864,24,N
12859,43824,43864,40,S
12875,43855,43866,11,N
12865,43834,43866,32,S
12869,43844,43868,24,S
12882,43870,43870,0,N
12874,43854,43870,16,S
12879,43864,43872,8,S
12884,43874,43874,0,S
12888,43884,43884,0,S
12889,43885,43886,1,N
12893,43894,43894,0,S
12896,43900,43900,0,N
12898,43904,43904,0,S
12902,43914,43914,0,S
12903,43915,43916,1,N
12877,43859,43920,61,E
12878,43862,43920,58,W
12880,43866,43920,54,E
12881,43868,43920,52,W
12883,43873,43920,47,E
12885,43874,43920,46,W
12886,43880,43922,42,E
12887,43880,43922,42,W
12891,43887,43922,35,E
12890,43886,43922,36,W
12894,43894,43922,28,E
12892,43892,43922,30,W
12897,43901,43924,23,E
12895,43898,43924,26,W
12900,43908,43924,16,E
12899,43904,43924,20,W
12904,43915,43924,9,E
12901,43910,43924,14,W
12906,43922,43926,4,E
12905,43916,43926,10,W
12907,43922,43926,4,W
12909,43928,43928,0,W
12910,43929,43930,1,E
12913,43934,43934,0,W
12914,43936,43936,0,E
12915,43940,43940,0,W
12916,43943,43944,1,E
12919,43946,43946,0,W
12920,43950,43950,0,E
12921,43952,43952,0,W
12923,43957,43958,1,E
12924,43958,43958,0,W
12927,43964,43964,0,E
12928,43964,43964,0,W
12929,43970,43970,0,W
12930,43971,43972,1,E
12933,43976,43976,0,W
12934,43978,43978,0,E
12911,43930,43980,50,N
12908,43924,43980,56,S
12918,43945,43982,37,N
12912,43934,43982,48,S
12925,43960,43984,24,N
12917,43944,43984,40,S
12932,43975,43986,11,N
12922,43954,43986,32,S
12926,43964,43988,24,S
12939,43990,43990,0,N
12931,43974,43990,16,S
12936,43984,43992,8,S
12941,43994,43994,0,S
12945,44004,44004,0,S
12946,44005,44006,1,N
12951,44014,44014,0,S
12953,44020,44020,0,N
12955,44024,44024,0,S
12959,44034,44034,0,S
12961,44035,44036,1,N
12937,43985,44040,55,E
12935,43982,44040,58,W
12940,43992,44040,48,E
12938,43988,44040,52,W
12943,43999,44040,41,E
12942,43994,44040,46,W
12947,44006,44042,36,E
12944,44000,44042,42,W
12950,44013,44042,29,E
12948,44006,44042,36,W
12954,44020,44042,22,E
12949,44012,44042,30,W
12957,44027,44044,17,E
12952,44018,44044,26,W
12960,44034,44044,10,E
12956,44024,44044,20,W
12963,44041,44044,3,E
12958,44030,44044,14,W
12962,44036,44046,10,W
12964,44042,44046,4,W
12966,44048,44048,0,E
12967,44048,44048,0,W
12970,44054,44054,0,W
12971,44055,44056,1,E
12972,44060,44060,0,W
12973,44062,44062,0,E
12976,44066,44066,0,W
12977,44069,44070,1,E
12978,44072,44072,0,W
12980,44076,44076,0,E
12981,44078,44078,0,W
12983,44083,44084,1,E
12985,44084,44084,0,W
12986,44090,44090,0,E
12987,44090,44090,0,W
12990,44096,44096,0,W
12991,44097,44098,1,E
12968,44050,44100,50,N
12965,44044,44100,56,S
12975,44065,44102,37,N
12969,44054,44102,48,S
12982,44080,44104,24,N
12974,44064,44104,40,S
12989,44095,44106,11,N
12979,44074,44106,32,S
12984,44084,44108,24,S
12996,44110,44110,0,N
12988,44094,44110,16,S
12993,44104,44112,8,S
12998,44114,44114,0,S
13002,44124,44124,0,S
13003,44125,44126,1,N
13008,44134,44134,0,S
13011,44140,44140,0,N
13012,44144,44144,0,S
13017,44154,44154,0,S
13018,44155,44156,1,N
12994,44104,44160,56,E
12992,44102,44160,58,W
12997,44111,44160,49,E
12995,44108,44160,52,W
13000,44118,44160,42,E
12999,44114,44160,46,W
13004,44125,44162,37,E
13001,44120,44162,42,W
13006,44132,44162,30,E
13005,44126,44162,36,W
13010,44139,44162,23,E
13007,44132,44162,30,W
13014,44146,44164,18,E
13009,44138,44164,26,W
13016,44153,44164,11,E
13013,44144,44164,20,W
13020,44160,44164,4,E
13015,44150,44164,14,W
13019,44156,44166,10,W
13021,44162,44166,4,W
13023,44167,44168,1,E
13024,44168,44168,0,W
13027,44174,44174,0,E
13028,44174,44174,0,W
13029,44180,44180,0,W
13030,44181,44182,1,E
13033,44186,44186,0,W
13034,44188,44188,0,E
13035,44192,44192,0,W
13037,44195,44196,1,E
13038,44198,44198,0,W
13040,44202,44202,0,E
13042,44204,44204,0,W
13043,44209,44210,1,E
13044,44210,44210,0,W
13047,44216,44216,0,E
13048,44216,44216,0,W
13025,44170,44220,50,N
13022,44164,44220,56,S
13032,44185,44222,37,N
13026,44174,44222,48,S
13039,44200,44224,24,N
13031,44184,44224,40,S
13046,44215,44226,11,N
13036,44194,44226,32,S
13041,44204,44228,24,S
13053,44230,44230,0,N
13045,44214,44230,16,S
13051,44224,44232,8,S
13055,44234,44234,0,S
13059,44244,44244,0,S
13061,44245,44246,1,N
13065,44254,44254,0,S
13068,44260,44260,0,N
13069,44264,44264,0,S
13074,44274,44274,0,S
13075,44275,44276,1,N
13050,44223,44280,57,E
13049,44222,44280,58,W
13054,44230,44280,50,E
13052,44228,44280,52,W
13057,44237,44280,43,E
13056,44234,44280,46,W
13060,44244,44282,38,E
13058,44240,44282,42,W
13063,44251,44282,31,E
13062,44246,44282,36,W
13066,44258,44282,24,E
13064,44252,44282,30,W
13071,44265,44284,19,E
13067,44258,44284,26,W
13073,44272,44284,12,E
13070,44264,44284,20,W
13077,44279,44284,5,E
13072,44270,44284,14,W
13080,44286,44286,0,E
13076,44276,44286,10,W
13078,44282,44286,4,W
13081,44288,44288,0,W
13083,44293,44294,1,E
13085,44294,44294,0,W
13086,44300,44300,0,E
13087,44300,44300,0,W
13090,44306,44306,0,W
13091,44307,44308,1,E
13092,44312,44312,0,W
13094,44314,44314,0,E
13095,44318,44318,0,W
13097,44321,44322,1,E
13099,44324,44324,0,W
13100,44328,44328,0,E
13101,44330,44330,0,W
13104,44335,44336,1,E
13105,44336,44336,0,W
13082,44290,44340,50,N
13079,44284,44340,56,S
13089,44305,44342,37,N
13084,44294,44342,48,S
13096,44320,44344,24,N
13088,44304,44344,40,S
13103,44335,44346,11,N
13093,44314,44346,32,S
13098,44324,44348,24,S
13111,44350,44350,0,N
13102,44334,44350,16,S
13108,44344,44352,8,S
13112,44354,44354,0,S
13117,44364,44364,0,S
13118,44365,44366,1,N
13122,44374,44374,0,S
13125,44380,44380,0,N
13126,44384,44384,0,S
13131,44394,44394,0,S
13132,44395,44396,1,N
13106,44342,44400,58,E
13107,44342,44400,58,W
13110,44349,44400,51,E
13109,44348,44400,52,W
13114,44356,44400,44,E
13113,44354,44400,46,W
13116,44363,44402,39,E
13115,44360,44402,42,W
13120,44370,44402,32,E
13119,44366,44402,36,W
13123,44377,44402,25,E
13121,44372,44402,30,W
13127,44384,44404,20,E
13124,44378,44404,26,W
13130,44391,44404,13,E
13128,44384,44404,20,W
13134,44398,44404,6,E
13129,44390,44404,14,W
13137,44405,44406,1,E
13133,44396,44406,10,W
13135,44402,44406,4,W
13138,44408,44408,0,W
13140,44412,44412,0,E
13142,44414,44414,0,W
13143,44419,44420,1,E
13144,44420,44420,0,W
13147,44426,44426,0,E
13148,44426,44426,0,W
13149,44432,44432,0,W
13150,44433,44434,1,E
13152,44438,44438,0,W
13154,44440,44440,0,E
13156,44444,44444,0,W
13157,44447,44448,1,E
13158,44450,44450,0,W
13160,44454,44454,0,E
13162,44456,44456,0,W
13139,44410,44460,50,N
13136,44404,44460,56,S
13146,44425,44462,37,N
13141,44414,44462,48,S
13153,44440,44464,24,N
13145,44424,44464,40,S
13161,44455,44466,11,N
13151,44434,44466,32,S
13155,44444,44468,24,S
13168,44470,44470,0,N
13159,44454,44470,16,S
13165,44464,44472,8,S
13169,44474,44474,0,S
13174,44484,44484,0,S
13175,44485,44486,1,N
13179,44494,44494,0,S
13182,44500,44500,0,N
13184,44504,44504,0,S
13188,44514,44514,0,S
13189,44515,44516,1,N
13163,44461,44520,59,E
13164,44462,44520,58,W
13166,44468,44520,52,E
13167,44468,44520,52,W
13171,44475,44520,45,E
13170,44474,44520,46,W
13173,44482,44522,40,E
13172,44480,44522,42,W
13177,44489,44522,33,E
13176,44486,44522,36,W
13180,44496,44522,26,E
13178,44492,44522,30,W
13183,44503,44524,21,E
13181,44498,44524,26,W
13186,44510,44524,14,E
13185,44504,44524,20,W
13191,44517,44524,7,E
13187,44510,44524,14,W
13194,44524,44526,2,E
13190,44516,44526,10,W
13192,44522,44526,4,W
13195,44528,44528,0,W
13197,44531,44532,1,E
13199,44534,44534,0,W
13200,44538,44538,0,E
13201,44540,44540,0,W
13204,44545,44546,1,E
13205,44546,44546,0,W
13206,44552,44552,0,E
13207,44552,44552,0,W
13209,44558,44558,0,W
13210,44559,44560,1,E
13213,44564,44564,0,W
13214,44566,44566,0,E
13215,44570,44570,0,W
13216,44573,44574,1,E
13219,44576,44576,0,W
13196,44530,44580,50,N
13193,44524,44580,56,S
13203,44545,44582,37,N
13198,44534,44582,48,S
13211,44560,44584,24,N
13202,44544,44584,40,S
13218,44575,44586,11,N
13208,44554,44586,32,S
13212,44564,44588,24,S
13225,44590,44590,0,N
13217,44574,44590,16,S
13222,44584,44592,8,S
13226,44594,44594,0,S
13231,44604,44604,0,S
13232,44605,44606,1,N
13236,44614,44614,0,S
13239,44620,44620,0,N
13241,44624,44624,0,S
13245,44634,44634,0,S
13246,44635,44636,1,N
13220,44580,44640,60,E
13221,44582,44640,58,W
13223,44587,44640,53,E
13224,44588,44640,52,W
13227,44594,44640,46,E
13228,44594,44640,46,W
13230,44601,44642,41,E
13229,44600,44642,42,W
13234,44608,44642,34,E
13233,44606,44642,36,W
13237,44615,44642,27,E
13235,44612,44642,30,W
13240,44622,44644,22,E
13238,44618,44644,26,W
13243,44629,44644,15,E
13242,44624,44644,20,W
13247,44636,44644,8,E
13244,44630,44644,14,W
13250,44643,44646,3,E
13248,44636,44646,10,W
13249,44642,44646,4,W
13252,44648,44648,0,W
13254,44650,44650,0,E
13256,44654,44654,0,W
13257,44657,44658,1,E
13258,44660,44660,0,W
13260,44664,44664,0,E
13262,44666,44666,0,W
13263,44671,44672,1,E
13264,44672,44672,0,W
13266,44678,44678,0,E
13267,44678,44678,0,W
13270,44684,44684,0,W
13271,44685,44686,1,E
13272,44690,44690,0,W
13273,44692,44692,0,E
13276,44696,44696,0,W
13253,44650,44700,50,N
13251,44644,44700,56,S
13261,44665,44702,37,N
13255,44654,44702,48,S
13268,44680,44704,24,N
13259,44664,44704,40,S
13275,44695,44706,11,N
13265,44674,44706,32,S
13269,44684,44708,24,S
13282,44710,44710,0,N
13274,44694,44710,16,S
13279,44704,44712,8,S
13284,44714,44714,0,S
13288,44724,44724,0,S
13289,44725,44726,1,N
13293,44734,44734,0,S
13296,44740,44740,0,N
13298,44744,44744,0,S
13302,44754,44754,0,S
13303,44755,44756,1,N
13277,44699,44760,61,E
13278,44702,44760,58,W
13280,44706,44760,54,E
13281,44708,44760,52,W
13283,44713,44760,47,E
13285,44714,44760,46,W
13286,44720,44762,42,E
13287,44720,44762,42,W
13291,44727,44762,35,E
13290,44726,44762,36,W
13294,44734,44762,28,E
13292,44732,44762,30,W
13297,44741,44764,23,E
13295,44738,44764,26,W
13300,44748,44764,16,E
13299,44744,44764,20,W
13304,44755,44764,9,E
13301,44750,44764,14,W
13306,44762,44766,4,E
13305,44756,44766,10,W
13307,44762,44766,4,W
13309,44768,44768,0,W
13310,44769,44770,1,E
13313,44774,44774,0,W
13314,44776,44776,0,E
13315,44780,44780,0,W
13316,44783,44784,1,E
13319,44786,44786,0,W
13320,44790,44790,0,E
13321,44792,44792,0,W
13323,44797,44798,1,E
13324,44798,44798,0,W
13327,44804,44804,0,E
13328,44804,44804,0,W
13329,44810,44810,0,W
13330,44811,44812,1,E
13333,44816,44816,0,W
13334,44818,44818,0,E
13311,44770,44820,50,N
13308,44764,44820,56,S
13318,44785,44822,37,N
13312,44774,44822,48,S
13325,44800,44824,24,N
13317,44784,44824,40,S
13332,44815,44826,11,N
13322,44794,44826,32,S
13326,44804,44828,24,S
13339,44830,44830,0,N
13331,44814,44830,16,S
13336,44824,44832,8,S
13341,44834,44834,0,S
13345,44844,44844,0,S
13346,44845,44846,1,N
13351,44854,44854,0,S
13353,44860,44860,0,N
13355,44864,44864,0,S
13359,44874,44874,0,S
13361,44875,44876,1,N
13337,44825,44880,55,E
13335,44822,44880,58,W
13340,44832,44880,48,E
13338,44828,44880,52,W
13343,44839,44880,41,E
13342,44834,44880,46,W
13347,44846,44882,36,E
13344,44840,44882,42,W
13350,44853,44882,29,E
13348,44846,44882,36,W
13354,44860,44882,22,E
13349,44852,44882,30,W
13357,44867,44884,17,E
13352,44858,44884,26,W
13360,44874,44884,10,E
13356,44864,44884,20,W
13363,44881,44884,3,E
13358,44870,44884,14,W
13362,44876,44886,10,W
13364,44882,44886,4,W
13366,44888,44888,0,E
13367,44888,44888,0,W
13370,44894,44894,0,W
13371,44895,44896,1,E
13372,44900,44900,0,W
13373,44902,44902,0,E
13376,44906,44906,0,W
13377,44909,44910,1,E
13378,44912,44912,0,W
13380,44916,44916,0,E
13381,44918,44918,0,W
13383,44923,44924,1,E
13385,44924,44924,0,W
13386,44930,44930,0,E
13387,44930,44930,0,W
13390,44936,44936,0,W
13391,44937,44938,1,E
13368,44890,44940,50,N
13365,44884,44940,56,S
13375,44905,44942,37,N
13369,44894,44942,48,S
13382,44920,44944,24,N
13374,44904,44944,40,S
13389,44935,44946,11,N
13379,44914,44946,32,S
13384,44924,44948,24,S
13396,44950,44950,0,N
13388,44934,44950,16,S
13393,44944,44952,8,S
13398,44954,44954,0,S
13402,44964,44964,0,S
13403,44965,44966,1,N
13408,44974,44974,0,S
13411,44980,44980,0,N
13412,44984,44984,0,S
13417,44994,44994,0,S
13418,44995,44996,1,N
13394,44944,45000,56,E
13392,44942,45000,58,W
13397,44951,45000,49,E
13395,44948,45000,52,W
13400,44958,45000,42,E
13399,44954,45000,46,W
13404,44965,45002,37,E
13401,44960,45002,42,W
13406,44972,45002,30,E
13405,44966,45002,36,W
13410,44979,45002,23,E
13407,44972,45002,30,W
13414,44986,45004,18,E
13409,44978,45004,26,W
13416,44993,45004,11,E
13413,44984,45004,20,W
13420,45000,45004,4,E
13415,44990,45004,14,W
13419,44996,45006,10,W
13421,45002,45006,4,W
13423,45007,45008,1,E
13424,45008,45008,0,W
13427,45014,45014,0,E
13428,45014,45014,0,W
13429,45020,45020,0,W
13430,45021,45022,1,E
13433,45026,45026,0,W
13434,45028,45028,0,E
13435,45032,45032,0,W
13437,45035,45036,1,E
13438,45038,45038,0,W
13440,45042,45042,0,E
13442,45044,45044,0,W
13443,45049,45050,1,E
13444,45050,45050,0,W
13447,45056,45056,0,E
13448,45056,45056,0,W
13425,45010,45060,50,N
13422,45004,45060,56,S
13432,45025,45062,37,N
13426,45014,45062,48,S
13439,45040,45064,24,N
13431,45024,45064,40,S
13446,45055,45066,11,N
13436,45034,45066,32,S
13441,45044,45068,24,S
13453,45070,45070,0,N
13445,45054,45070,16,S
13451,45064,45072,8,S
13455,45074,45074,0,S
13459,45084,45084,0,S
13461,45085,45086,1,N
13465,45094,45094,0,S
13468,45100,45100,0,N
13469,45104,45104,0,S
13474,45114,45114,0,S
13475,45115,45116,1,N
13450,45063,45120,57,E
13449,45062,45120,58,W
13454,45070,45120,50,E
13452,45068,45120,52,W
13457,45077,45120,43,E
13456,45074,45120,46,W
13460,45084,45122,38,E
13458,45080,45122,42,W
13463,45091,45122,31,E
13462,45086,45122,36,W
13466,45098,45122,24,E
13464,45092,45122,30,W
13471,45105,45124,19,E
13467,45098,45124,26,W
13473,45112,45124,12,E
13470,45104,45124,20,W
13477,45119,45124,5,E
13472,45110,45124,14,W
13480,45126,45126,0,E
13476,45116,45126,10,W
13478,45122,45126,4,W
13481,45128,45128,0,W
13483,45133,45134,1,E
13485,45134,45134,0,W
13486,45140,45140,0,E
13487,45140,45140,0,W
13490,45146,45146,0,W
13491,45147,45148,1,E
13492,45152,45152,0,W
13494,45154,45154,0,E
13495,45158,45158,0,W
13497,45161,45162,1,E
13499,45164,45164,0,W
13500,45168,45168,0,E
13501,45170,45170,0,W
13504,45175,45176,1,E
13505,45176,45176,0,W
13482,45130,45180,50,N
13479,45124,45180,56,S
13489,45145,45182,37,N
13484,45134,45182,48,S
13496,45160,45184,24,N
13488,45144,45184,40,S
13503,45175,45186,11,N
13493,45154,45186,32,S
13498,45164,45188,24,S
13511,45190,45190,0,N
13502,45174,45190,16,S
13508,45184,45192,8,S
13512,45194,45194,0,S
13517,45204,45204,0,S
13518,45205,45206,1,N
13522,45214,45214,0,S
13525,45220,45220,0,N
13526,45224,45224,0,S
13531,45234,45234,0,S
13532,45235,45236,1,N
13506,45182,45240,58,E
13507,45182,45240,58,W
13510,45189,45240,51,E
13509,45188,45240,52,W
13514,45196,45240,44,E
13513,45194,45240,46,W
13516,45203,45242,39,E
13515,45200,45242,42,W
13520,45210,45242,32,E
13519,45206,45242,36,W
13523,45217,45242,25,E
13521,45212,45242,30,W
13527,45224,45244,20,E
13524,45218,45244,26,W
13530,45231,45244,13,E
13528,45224,45244,20,W
13534,45238,45244,6,E
13529,45230,45244,14,W
13537,45245,45246,1,E
13533,45236,45246,10,W
13535,45242,45246,4,W
13538,45248,45248,0,W
13540,45252,45252,0,E
13542,45254,45254,0,W
13543,45259,45260,1,E
13544,45260,45260,0,W
13547,45266,45266,0,E
13548,45266,45266,0,W
13549,45272,45272,0,W
13550,45273,45274,1,E
13552,45278,45278,0,W
13554,45280,45280,0,E
13556,45284,45284,0,W
13557,45287,45288,1,E
13558,45290,45290,0,W
13560,45294,45294,0,E
13562,45296,45296,0,W
13539,45250,45300,50,N
13536,45244,45300,56,S
13546,45265,45302,37,N
13541,45254,45302,48,S
13553,45280,45304,24,N
13545,45264,45304,40,S
13561,45295,45306,11,N
13551,45274,45306,32,S
13555,45284,45308,24,S
13568,45310,45310,0,N
13559,45294,45310,16,S
13565,45304,45312,8,S
13569,45314,45314,0,S
13574,45324,45324,0,S
13575,45325,45326,1,N
13579,45334,45334,0,S
13582,45340,45340,0,N
13584,45344,45344,0,S
13588,45354,45354,0,S
13589,45355,45356,1,N
13563,45301,45360,59,E
13564,45302,45360,58,W
13566,45308,45360,52,E
13567,45308,45360,52,W
13571,45315,45360,45,E
13570,45314,45360,46,W
13573,45322,45362,40,E
13572,45320,45362,42,W
13577,45329,45362,33,E
13576,45326,45362,36,W
13580,45336,45362,26,E
13578,45332,45362,30,W
13583,45343,45364,21,E
13581,45338,45364,26,W
13586,45350,45364,14,E
13585,45344,45364,20,W
13591,45357,45364,7,E
13587,45350,45364,14,W
13594,45364,45366,2,E
13590,45356,45366,10,W
13592,45362,45366,4,W
13595,45368,45368,0,W
13597,45371,45372,1,E
13599,45374,45374,0,W
13600,45378,45378,0,E
13601,45380,45380,0,W
13604,45385,45386,1,E
13605,45386,45386,0,W
13606,45392,45392,0,E
13607,45392,45392,0,W
13609,45398,45398,0,W
13610,45399,45400,1,E
13613,45404,45404,0,W
13614,45406,45406,0,E
13615,45410,45410,0,W
13616,45413,45414,1,E
13619,45416,45416,0,W
13596,45370,45420,50,N
13593,45364,45420,56,S
13603,45385,45422,37,N
13598,45374,45422,48,S
13611,45400,45424,24,N
13602,45384,45424,40,S
13618,45415,45426,11,N
13608,45394,45426,32,S
13612,45404,45428,24,S
13625,45430,45430,0,N
13617,45414,45430,16,S
13622,45424,45432,8,S
13626,45434,45434,0,S
13631,45444,45444,0,S
13632,45445,45446,1,N
13636,45454,45454,0,S
13639,45460,45460,0,N
13641,45464,45464,0,S
13645,45474,45474,0,S
13646,45475,45476,1,N
13620,45420,45480,60,E
13621,45422,45480,58,W
13623,45427,45480,53,E
13624,45428,45480,52,W
13627,45434,45480,46,E
13628,45434,45480,46,W
13630,45441,45482,41,E
13629,45440,45482,42,W
13634,45448,45482,34,E
13633,45446,45482,36,W
13637,45455,45482,27,E
13635,45452,45482,30,W
13640,45462,45484,22,E
13638,45458,45484,26,W
13643,45469,45484,15,E
13642,45464,45484,20,W
13647,45476,45484,8,E
13644,45470,45484,14,W
13650,45483,45486,3,E
13648,45476,45486,10,W
13649,45482,45486,4,W
13652,45488,45488,0,W
13654,45490,45490,0,E
13656,45494,45494,0,W
13657,45497,45498,1,E
13658,45500,45500,0,W
13660,45504,45504,0,E
13662,45506,45506,0,W
13663,45511,45512,1,E
13664,45512,45512,0,W
13666,45518,45518,0,E
13667,45518,45518,0,W
13670,45524,45524,0,W
13671,45525,45526,1,E
13672,45530,45530,0,W
13673,45532,45532,0,E
13676,45536,45536,0,W
13653,45490,45540,50,N
13651,45484,45540,56,S
13661,45505,45542,37,N
13655,45494,45542,48,S
13668,45520,45544,24,N
13659,45504,45544,40,S
13675,45535,45546,11,N
13665,45514,45546,32,S
13669,45524,45548,24,S
13682,45550,45550,0,N
13674,45534,45550,16,S
13679,45544,45552,8,S
13684,45554,45554,0,S
13688,45564,45564,0,S
13689,45565,45566,1,N
13693,45574,45574,0,S
13696,45580,45580,0,N
13698,45584,45584,0,S
13702,45594,45594,0,S
13703,45595,45596,1,N
13677,45539,45600,61,E
13678,45542,45600,58,W
13680,45546,45600,54,E
13681,45548,45600,52,W
13683,45553,45600,47,E
13685,45554,45600,46,W
13686,45560,45602,42,E
13687,45560,45602,42,W
13691,45567,45602,35,E
13690,45566,45602,36,W
13694,45574,45602,28,E
13692,45572,45602,30,W
13697,45581,45604,23,E
13695,45578,45604,26,W
13700,45588,45604,16,E
13699,45584,45604,20,W
13704,45595,45604,9,E
13701,45590,45604,14,W
13706,45602,45606,4,E
13705,45596,45606,10,W
13707,45602,45606,4,W
13709,45608,45608,0,W
13710,45609,45610,1,E
13713,45614,45614,0,W
13714,45616,45616,0,E
13715,45620,45620,0,W
13716,45623,45624,1,E
13719,45626,45626,0,W
13720,45630,45630,0,E
13721,45632,45632,0,W
13723,45637,45638,1,E
13724,45638,45638,0,W
13727,45644,45644,0,E
13728,45644,45644,0,W
13729,45650,45650,0,W
13730,45651,45652,1,E
13733,45656,45656,0,W
13734,45658,45658,0,E
13711,45610,45660,50,N
13708,45604,45660,56,S
13718,45625,45662,37,N
13712,45614,45662,48,S
13725,45640,45664,24,N
13717,45624,45664,40,S
13732,45655,45666,11,N
13722,45634,45666,32,S
13726,45644,45668,24,S
13739,45670,45670,0,N
13731,45654,45670,16,S
13736,45664,45672,8,S
13741,45674,45674,0,S
13745,45684,45684,0,S
13746,45685,45686,1,N
13751,45694,45694,0,S
13753,45700,45700,0,N
13755,45704,45704,0,S
13759,45714,45714,0,S
13761,45715,45716,1,N
13737,45665,45720,55,E
13735,45662,45720,58,W
13740,45672,45720,48,E
13738,45668,45720,52,W
13743,45679,45720,41,E
13742,45674,45720,46,W
13747,45686,45722,36,E
13744,45680,45722,42,W
13750,45693,45722,29,E
13748,45686,45722,36,W
13754,45700,45722,22,E
13749,45692,45722,30,W
13757,45707,45724,17,E
13752,45698,45724,26,W
13760,45714,45724,10,E
13756,45704,45724,20,W
13763,45721,45724,3,E
13758,45710,45724,14,W
13762,45716,45726,10,W
13764,45722,45726,4,W
13766,45728,45728,0,E
13767,45728,45728,0,W
13770,45734,45734,0,W
13771,45735,45736,1,E
13772,45740,45740,0,W
13773,45742,45742,0,E
13776,45746,45746,0,W
13777,45749,45750,1,E
13778,45752,45752,0,W
13780,45756,45756,0,E
13781,45758,45758,0,W
13783,45763,45764,1,E
13785,45764,45764,0,W
13786,45770,45770,0,E
13787,45770,45770,0,W
13790,45776,45776,0,W
13791,45777,45778,1,E
13768,45730,45780,50,N
13765,45724,45780,56,S
13775,45745,45782,37,N
13769,45734,45782,48,S
13782,45760,45784,24,N
13774,45744,45784,40,S
13789,45775,45786,11,N
13779,45754,45786,32,S
13784,45764,45788,24,S
13796,45790,45790,0,N
13788,45774,45790,16,S
13793,45784,45792,8,S
13798,45794,45794,0,S
13802,45804,45804,0,S
13803,45805,45806,1,N
13808,45814,45814,0,S
13811,45820,45820,0,N
13812,45824,45824,0,S
13817,45834,45834,0,S
13818,45835,45836,1,N
13794,45784,45840,56,E
13792,45782,45840,58,W
13797,45791,45840,49,E
13795,45788,45840,52,W
13800,45798,45840,42,E
13799,45794,45840,46,W
13804,45805,45842,37,E
13801,45800,45842,42,W
13806,45812,45842,30,E
13805,45806,45842,36,W
13810,45819,45842,23,E
13807,45812,45842,30,W
13814,45826,45844,18,E
13809,45818,45844,26,W
13816,45833,45844,11,E
13813,45824,45844,20,W
13820,45840,45844,4,E
13815,45830,45844,14,W
13819,45836,45846,10,W
13821,45842,45846,4,W
13823,45847,45848,1,E
13824,45848,45848,0,W
13827,45854,45854,0,E
13828,45854,45854,0,W
13829,45860,45860,0,W
13830,45861,45862,1,E
13833,45866,45866,0,W
13834,45868,45868,0,E
13835,45872,45872,0,W
13837,45875,45876,1,E
13838,45878,45878,0,W
13840,45882,45882,0,E
13842,45884,45884,0,W
13843,45889,45890,1,E
13844,45890,45890,0,W
13847,45896,45896,0,E
13848,45896,45896,0,W
13825,45850,45900,50,N
13822,45844,45900,56,S
13832,45865,45902,37,N
13826,45854,45902,48,S
13839,45880,45904,24,N
13831,45864,45904,40,S
13846,45895,45906,11,N
13836,45874,45906,32,S
13841,45884,45908,24,S
13853,45910,45910,0,N
13845,45894,45910,16,S
13851,45904,45912,8,S
13855,45914,45914,0,S
13859,45924,45924,0,S
13861,45925,45926,1,N
13865,45934,45934,0,S
13868,45940,45940,0,N
13869,45944,45944,0,S
13874,45954,45954,0,S
13875,45955,45956,1,N
13850,45903,45960,57,E
13849,45902,45960,58,W
13854,45910,45960,50,E
13852,45908,45960,52,W
13857,45917,45960,43,E
13856,45914,45960,46,W
13860,45924,45962,38,E
13858,45920,45962,42,W
13863,45931,45962,31,E
13862,45926,45962,36,W
13866,45938,45962,24,E
13864,45932,45962,30,W
13871,45945,45964,19,E
13867,45938,45964,26,W
13873,45952,45964,12,E
13870,45944,45964,20,W
13877,45959,45964,5,E
13872,45950,45964,14,W
13880,45966,45966,0,E
13876,45956,45966,10,W
13878,45962,45966,4,W
13881,45968,45968,0,W
13883,45973,45974,1,E
13885,45974,45974,0,W
13886,45980,45980,0,E
13887,45980,45980,0,W
13890,45986,45986,0,W
13891,45987,45988,1,E
13892,45992,45992,0,W
13894,45994,45994,0,E
13895,45998,45998,0,W
13897,46001,46002,1,E
13899,46004,46004,0,W
13900,46008,46008,0,E
13901,46010,46010,0,W
13904,46015,46016,1,E
13905,46016,46016,0,W
13882,45970,46020,50,N
13879,45964,46020,56,S
13889,45985,46022,37,N
13884,45974,46022,48,S
13896,46000,46024,24,N
13888,45984,46024,40,S
13903,46015,46026,11,N
13893,45994,46026,32,S
13898,46004,46028,24,S
13911,46030,46030,0,N
13902,46014,46030,16,S
13908,46024,46032,8,S
13912,46034,46034,0,S
13917,46044,46044,0,S
13918,46045,46046,1,N
13922,46054,46054,0,S
13925,46060,46060,0,N
13926,46064,46064,0,S
13931,46074,46074,0,S
13932,46075,46076,1,N
13906,46022,46080,58,E
13907,46022,46080,58,W
13910,46029,46080,51,E
13909,46028,46080,52,W
13914,46036,46080,44,E
13913,46034,46080,46,W
13916,46043,46082,39,E
13915,46040,46082,42,W
13920,46050,46082,32,E
13919,46046,46082,36,W
13923,46057,46082,25,E
13921,46052,46082,30,W
13927,46064,46084,20,E
13924,46058,46084,26,W
13930,46071,46084,13,E
13928,46064,46084,20,W
13934,46078,46084,6,E
13929,46070,46084,14,W
13937,46085,46086,1,E
13933,46076,46086,10,W
13935,46082,46086,4,W
13938,46088,46088,0,W
13940,46092,46092,0,E
13942,46094,46094,0,W
13943,46099,46100,1,E
13944,46100,46100,0,W
13947,46106,46106,0,E
13948,46106,46106,0,W
13949,46112,46112,0,W
13950,46113,46114,1,E
13952,46118,46118,0,W
13954,46120,46120,0,E
13956,46124,46124,0,W
13957,46127,46128,1,E
13958,46130,46130,0,W
13960,46134,46134,0,E
13962,46136,46136,0,W
13939,46090,46140,50,N
13936,46084,46140,56,S
13946,46105,46142,37,N
13941,46094,46142,48,S
13953,46120,46144,24,N
13945,46104,46144,40,S
13961,46135,46146,11,N
13951,46114,46146,32,S
13955,46124,46148,24,S
13968,46150,46150,0,N
13959,46134,46150,16,S
13965,46144,46152,8,S
13969,46154,46154,0,S
13974,46164,46164,0,S
13975,46165,46166,1,N
13979,46174,46174,0,S
13982,46180,46180,0,N
13984,46184,46184,0,S
13988,46194,46194,0,S
13989,46195,46196,1,N
13963,46141,46200,59,E
13964,46142,46200,58,W
13966,46148,46200,52,E
13967,46148,46200,52,W
13971,46155,46200,45,E
13970,46154,46200,46,W
13973,46162,46202,40,E
13972,46160,46202,42,W
13977,46169,46202,33,E
13976,46166,46202,36,W
13980,46176,46202,26,E
13978,46172,46202,30,W
13983,46183,46204,21,E
13981,46178,46204,26,W
13986,46190,46204,14,E
13985,46184,46204,20,W
13991,46197,46204,7,E
13987,46190,46204,14,W
13994,46204,46206,2,E
13990,46196,46206,10,W
13992,46202,46206,4,W
13995,46208,46208,0,W
13997,46211,46212,1,E
13999,46214,46214,0,W
14000,46218,46218,0,E
14001,46220,46220,0,W
14004,46225,46226,1,E
14005,46226,46226,0,W
14006,46232,46232,0,E
14007,46232,46232,0,W
14009,46238,46238,0,W
14010,46239,46240,1,E
14013,46244,46244,0,W
14014,46246,46246,0,E
14015,46250,46250,0,W
14016,46253,46254,1,E
14019,46256,46256,0,W
13996,46210,46260,50,N
13993,46204,46260,56,S
14003,46225,46262,37,N
13998,46214,46262,48,S
14011,46240,46264,24,N
14002,46224,46264,40,S
14018,46255,46266,11,N
14008,46234,46266,32,S
14012,46244,46268,24,S
14025,46270,46270,0,N
14017,46254,46270,16,S
14022,46264,46272,8,S
14026,46274,46274,0,S
14031,46284,46284,0,S
14032,46285,46286,1,N
14036,46294,46294,0,S
14039,46300,46300,0,N
14041,46304,46304,0,S
14045,46314,46314,0,S
14046,46315,46316,1,N
14020,46260,46320,60,E
14021,46262,46320,58,W
14023,46267,46320,53,E
14024,46268,46320,52,W
14027,46274,46320,46,E
14028,46274,46320,46,W
14030,46281,46322,41,E
14029,46280,46322,42,W
14034,46288,46322,34,E
14033,46286,46322,36,W
14037,46295,46322,27,E
14035,46292,46322,30,W
14040,46302,46324,22,E
14038,46298,46324,26,W
14043,46309,46324,15,E
14042,46304,46324,20,W
14047,46316,46324,8,E
14044,46310,46324,14,W
14050,46323,46326,3,E
14048,46316,46326,10,W
14049,46322,46326,4,W
14052,46328,46328,0,W
14054,46330,46330,0,E
14056,46334,46334,0,W
14057,46337,46338,1,E
14058,46340,46340,0,W
14060,46344,46344,0,E
14062,46346,46346,0,W
14063,46351,46352,1,E
14064,46352,46352,0,W
14066,46358,46358,0,E
14067,46358,46358,0,W
14070,46364,46364,0,W
14071,46365,46366,1,E
14072,46370,46370,0,W
14073,46372,46372,0,E
14076,46376,46376,0,W
14053,46330,46380,50,N
14051,46324,46380,56,S
14061,46345,46382,37,N
14055,46334,46382,48,S
14068,46360,46384,24,N
14059,46344,46384,40,S
14075,46375,46386,11,N
14065,46354,46386,32,S
14069,46364,46388,24,S
14082,46390,46390,0,N
14074,46374,46390,16,S
14079,46384,46392,8,S
14084,46394,46394,0,S
14088,46404,46404,0,S
14089,46405,46406,1,N
14093,46414,46414,0,S
14096,46420,46420,0,N
14098,46424,46424,0,S
14102,46434,46434,0,S
14103,46435,46436,1,N
14077,46379,46440,61,E
14078,46382,46440,58,W
14080,46386,46440,54,E
14081,46388,46440,52,W
14083,46393,46440,47,E
14085,46394,46440,46,W
14086,46400,46442,42,E
14087,46400,46442,42,W
14091,46407,46442,35,E
14090,46406,46442,36,W
14094,46414,46442,28,E
14092,46412,46442,30,W
14097,46421,46444,23,E
14095,46418,46444,26,W
14100,46428,46444,16,E
14099,46424,46444,20,W
14104,46435,46444,9,E
14101,46430,46444,14,W
14106,46442,46446,4,E
14105,46436,46446,10,W
14107,46442,46446,4,W
14109,46448,46448,0,W
14110,46449,46450,1,E
14113,46454,46454,0,W
14114,46456,46456,0,E
14115,46460,46460,0,W
14116,46463,46464,1,E
14119,46466,46466,0,W
14120,46470,46470,0,E
14121,46472,46472,0,W
14123,46477,46478,1,E
14124,46478,46478,0,W
14127,46484,46484,0,E
14128,46484,46484,0,W
14129,46490,46490,0,W
14130,46491,46492,1,E
14133,46496,46496,0,W
14134,46498,46498,0,E
14111,46450,46500,50,N
14108,46444,46500,56,S
14118,46465,46502,37,N
14112,46454,46502,48,S
14125,46480,46504,24,N
14117,46464,46504,40,S
14132,46495,46506,11,N
14122,46474,46506,32,S
14126,46484,46508,24,S
14139,46510,46510,0,N
14131,46494,46510,16,S
14136,46504,46512,8,S
14141,46514,46514,0,S
14145,46524,46524,0,S
14146,46525,46526,1,N
14151,46534,46534,0,S
14153,46540,46540,0,N
14155,46544,46544,0,S
14159,46554,46554,0,S
14161,46555,46556,1,N
14137,46505,46560,55,E
14135,46502,46560,58,W
14140,46512,46560,48,E
14138,46508,46560,52,W
14143,46519,46560,41,E
14142,46514,46560,46,W
14147,46526,46562,36,E
14144,46520,46562,42,W
14150,46533,46562,29,E
14148,46526,46562,36,W
14154,46540,46562,22,E
14149,46532,46562,30,W
14157,46547,46564,17,E
14152,46538,46564,26,W
14160,46554,46564,10,E
14156,46544,46564,20,W
14163,46561,46564,3,E
14158,46550,46564,14,W
14162,46556,46566,10,W
14164,46562,46566,4,W
14166,46568,46568,0,E
14167,46568,46568,0,W
14170,46574,46574,0,W
14171,46575,46576,1,E
14172,46580,46580,0,W
14173,46582,46582,0,E
14176,46586,46586,0,W
14177,46589,46590,1,E
14178,46592,46592,0,W
14180,46596,46596,0,E
14181,46598,46598,0,W
14183,46603,46604,1,E
14185,46604,46604,0,W
14186,46610,46610,0,E
14187,46610,46610,0,W
14190,46616,46616,0,W
14191,46617,46618,1,E
14168,46570,46620,50,N
14165,46564,46620,56,S
14175,46585,46622,37,N
14169,46574,46622,48,S
14182,46600,46624,24,N
14174,46584,46624,40,S
14189,46615,46626,11,N
14179,46594,46626,32,S
14184,46604,46628,24,S
14196,46630,46630,0,N
14188,46614,46630,16,S
14193,46624,46632,8,S
14198,46634,46634,0,S
14202,46644,46644,0,S
14203,46645,46646,1,N
14208,46654,46654,0,S
14211,46660,46660,0,N
14212,46664,46664,0,S
14217,46674,46674,0,S
14218,46675,46676,1,N
14194,46624,46680,56,E
14192,46622,46680,58,W
14197,46631,46680,49,E
14195,46628,46680,52,W
14200,46638,46680,42,E
14199,46634,46680,46,W
14204,46645,46682,37,E
14201,46640,46682,42,W
14206,46652,46682,30,E
14205,46646,46682,36,W
14210,46659,46682,23,E
14207,46652,46682,30,W
14214,46666,46684,18,E
14209,46658,46684,26,W
14216,46673,46684,11,E
14213,46664,46684,20,W
14220,46680,46684,4,E
14215,46670,46684,14,W
14219,46676,46686,10,W
14221,46682,46686,4,W
14223,46687,46688,1,E
14224,46688,46688,0,W
14227,46694,46694,0,E
14228,46694,46694,0,W
14229,46700,46700,0,W
14230,46701,46702,1,E
14233,46706,46706,0,W
14234,46708,46708,0,E
14235,46712,46712,0,W
14237,46715,46716,1,E
14238,46718,46718,0,W
14240,46722,46722,0,E
14242,46724,46724,0,W
14243,46729,46730,1,E
14244,46730,46730,0,W
14247,46736,46736,0,E
14248,46736,46736,0,W
14225,46690,46740,50,N
14222,46684,46740,56,S
14232,46705,46742,37,N
14226,46694,46742,48,S
14239,46720,46744,24,N
14231,46704,46744,40,S
14246,46735,46746,11,N
14236,46714,46746,32,S
14241,46724,46748,24,S
14253,46750,46750,0,N
14245,46734,46750,16,S
14251,46744,46752,8,S
14255,46754,46754,0,S
14259,46764,46764,0,S
14261,46765,46766,1,N
14265,46774,46774,0,S
14268,46780,46780,0,N
14269,46784,46784,0,S
14274,46794,46794,0,S
14275,46795,46796,1,N
14250,46743,46800,57,E
14249,46742,46800,58,W
14254,46750,46800,50,E
14252,46748,46800,52,W
14257,46757,46800,43,E
14256,46754,46800,46,W
14260,46764,46802,38,E
14258,46760,46802,42,W
14263,46771,46802,31,E
14262,46766,46802,36,W
14266,46778,46802,24,E
14264,46772,46802,30,W
14271,46785,46804,19,E
14267,46778,46804,26,W
14273,46792,46804,12,E
14270,46784,46804,20,W
14277,46799,46804,5,E
14272,46790,46804,14,W
14280,46806,46806,0,E
14276,46796,46806,10,W
14278,46802,46806,4,W
14281,46807,46808,1,W
14283,46812,46812,0,W
14285,46813,46814,1,E
14286,46817,46818,1,W
14287,46820,46820,0,E
14289,46822,46822,0,W
14291,46827,46828,1,E
14292,46827,46828,1,W
14294,46832,46832,0,W
14295,46834,46834,0,E
14296,46837,46838,1,W
14299,46841,46842,1,E
14300,46842,46842,0,W
14302,46848,46848,0,E
14301,46847,46848,1,W
14305,46852,46852,0,W
14306,46855,46856,1,E
14307,46857,46858,1,W
14282,46810,46860,50,N
14279,46804,46860,56,S
14290,46824,46862,38,N
14284,46813,46862,49,S
14297,46838,46864,26,N
14288,46822,46864,42,S
14304,46852,46866,14,N
14293,46831,46866,35,S
14311,46866,46868,2,N
14298,46840,46868,28,S
14303,46849,46870,21,S
14308,46858,46872,14,S
14312,46867,46874,7,S
14316,46876,46876,0,S
14319,46880,46880,0,N
14322,46885,46886,1,S
14326,46894,46894,0,N
14327,46894,46894,0,S
14331,46903,46904,1,S
14334,46908,46908,0,N
14336,46912,46912,0,S
14309,46862,46920,58,E
14310,46862,46920,58,W
14314,46869,46920,51,E
14313,46867,46920,53,W
14317,46876,46920,44,E
14315,46872,46920,48,W
14321,46883,46922,39,E
14318,46877,46922,45,W
14324,46890,46922,32,E
14320,46882,46922,40,W
14328,46897,46922,25,E
14323,46887,46922,35,W
14332,46904,46924,20,E
14325,46892,46924,32,W
14335,46911,46924,13,E
14329,46897,46924,27,W
14339,46918,46924,6,E
14330,46902,46924,22,W
14343,46925,46926,1,E
14333,46907,46926,19,W
14337,46912,46926,14,W
14338,46917,46926,9,W
14342,46922,46928,6,W
14344,46927,46928,1,W
14346,46932,46932,0,E
14347,46932,46932,0,W
14349,46937,46938,1,W
14351,46939,46940,1,E
14352,46942,46942,0,W
14353,46946,46946,0,E
14354,46947,46948,1,W
14357,46952,46952,0,W
14358,46953,46954,1,E
14360,46957,46958,1,W
14361,46960,46960,0,E
14362,46962,46962,0,W
14365,46967,46968,1,E
14366,46967,46968,1,W
14367,46972,46972,0,W
14368,46974,46974,0,E
14370,46977,46978,1,W
14341,46922,46980,58,N
14340,46921,46980,59,S
14348,46936,46982,46,N
14345,46930,46982,52,S
14356,46950,46984,34,N
14350,46939,46984,45,S
14363,46964,46986,22,N
14355,46948,46986,38,S
14371,46978,46988,10,N
14359,46957,46988,31,S
14364,46966,46990,24,S
14377,46992,46992,0,N
14369,46975,46992,17,S
14374,46984,46994,10,S
14379,46993,46996,3,S
14382,47002,47002,0,S
14385,47006,47006,0,N
14388,47011,47012,1,S
14392,47020,47020,0,N
14393,47020,47020,0,S
14397,47029,47030,1,S
14400,47034,47034,0,N
14403,47038,47038,0,S
14372,46981,47040,59,E
14373,46982,47040,58,W
14376,46988,47040,52,E
14375,46987,47040,53,W
14380,46995,47040,45,E
14378,46992,47040,48,W
14383,47002,47042,40,E
14381,46997,47042,45,W
14387,47009,47042,33,E
14384,47002,47042,40,W
14390,47016,47042,26,E
14386,47007,47042,35,W
14395,47023,47044,21,E
14389,47012,47044,32,W
14398,47030,47044,14,E
14391,47017,47044,27,W
14401,47037,47044,7,E
14394,47022,47044,22,W
14405,47044,47046,2,E
14396,47027,47046,19,W
14399,47032,47046,14,W
14402,47037,47046,9,W
14404,47042,47048,6,W
14407,47047,47048,1,W
14409,47051,47052,1,E
14410,47052,47052,0,W
14413,47058,47058,0,E
14412,47057,47058,1,W
14415,47062,47062,0,W
14417,47065,47066,1,E
14418,47067,47068,1,W
14419,47072,47072,0,E
14420,47072,47072,0,W
14423,47077,47078,1,W
14424,47079,47080,1,E
14425,47082,47082,0,W
14427,47086,47086,0,E
14428,47087,47088,1,W
14431,47092,47092,0,W
14432,47093,47094,1,E
14433,47097,47098,1,W
14408,47048,47100,52,N
14406,47047,47100,53,S
14414,47062,47102,40,N
14411,47056,47102,46,S
14422,47076,47104,28,N
14416,47065,47104,39,S
14429,47090,47106,16,N
14421,47074,47106,32,S
14437,47104,47108,4,N
14426,47083,47108,25,S
14430,47092,47110,18,S
14435,47101,47112,11,S
14440,47110,47114,4,S
14444,47118,47118,0,N
14445,47119,47120,1,S
14449,47128,47128,0,S
14451,47132,47132,0,N
14454,47137,47138,1,S
14458,47146,47146,0,N
14459,47146,47146,0,S
14463,47155,47156,1,S
14434,47100,47160,60,E
14436,47102,47160,58,W
14438,47107,47160,53,E
14439,47107,47160,53,W
14442,47114,47160,46,E
14441,47112,47160,48,W
14446,47121,47162,41,E
14443,47117,47162,45,W
14450,47128,47162,34,E
14447,47122,47162,40,W
14453,47135,47162,27,E
14448,47127,47162,35,W
14456,47142,47164,22,E
14452,47132,47164,32,W
14461,47149,47164,15,E
14455,47137,47164,27,W
14464,47156,47164,8,E
14457,47142,47164,22,W
14468,47163,47166,3,E
14460,47147,47166,19,W
14462,47152,47166,14,W
14465,47157,47166,9,W
14467,47162,47168,6,W
14470,47167,47168,1,W
14471,47170,47170,0,E
14472,47172,47172,0,W
14475,47177,47178,1,E
14476,47177,47178,1,W
14478,47182,47182,0,W
14479,47184,47184,0,E
14480,47187,47188,1,W
14483,47191,47192,1,E
14484,47192,47192,0,W
14486,47198,47198,0,E
14485,47197,47198,1,W
14489,47202,47202,0,W
14490,47205,47206,1,E
14491,47207,47208,1,W
14493,47212,47212,0,E
14494,47212,47212,0,W
14496,47217,47218,1,W
14466,47160,47220,60,N
14469,47164,47220,56,S
14474,47174,47222,48,N
14473,47173,47222,49,S
14481,47188,47224,36,N
14477,47182,47224,42,S
14488,47202,47226,24,N
14482,47191,47226,35,S
14495,47216,47228,12,N
14487,47200,47228,28,S
14503,47230,47230,0,N
14492,47209,47230,21,S
14497,47218,47232,14,S
14501,47227,47234,7,S
14506,47236,47236,0,S
14510,47244,47244,0,N
14511,47245,47246,1,S
14515,47254,47254,0,S
14518,47258,47258,0,N
14521,47263,47264,1,S
14524,47272,47272,0,N
14525,47272,47272,0,S
14498,47219,47280,61,E
14499,47222,47280,58,W
14500,47226,47280,54,E
14502,47227,47280,53,W
14505,47233,47280,47,E
14504,47232,47280,48,W
14508,47240,47282,42,E
14507,47237,47282,45,W
14512,47247,47282,35,E
14509,47242,47282,40,W
14516,47254,47282,28,E
14513,47247,47282,35,W
14519,47261,47284,23,E
14514,47252,47284,32,W
14523,47268,47284,16,E
14517,47257,47284,27,W
14527,47275,47284,9,E
14520,47262,47284,22,W
14530,47282,47286,4,E
14522,47267,47286,19,W
14526,47272,47286,14,W
14528,47277,47286,9,W
14531,47282,47288,6,W
14533,47287,47288,1,W
14534,47289,47290,1,E
14536,47292,47292,0,W
14537,47296,47296,0,E
14538,47297,47298,1,W
14541,47302,47302,0,W
14542,47303,47304,1,E
14543,47307,47308,1,W
14545,47310,47310,0,E
14546,47312,47312,0,W
14549,47317,47318,1,E
14550,47317,47318,1,W
14551,47322,47322,0,W
14552,47324,47324,0,E
14554,47327,47328,1,W
14556,47331,47332,1,E
14557,47332,47332,0,W
14560,47338,47338,0,E
14559,47337,47338,1,W
14532,47286,47340,54,N
14529,47281,47340,59,S
14540,47300,47342,42,N
14535,47290,47342,52,S
14547,47314,47344,30,N
14539,47299,47344,45,S
14555,47328,47346,18,N
14544,47308,47346,38,S
14561,47342,47348,6,N
14548,47317,47348,31,S
14553,47326,47350,24,S
14558,47335,47352,17,S
14563,47344,47354,10,S
14569,47356,47356,0,N
14568,47353,47356,3,S
14572,47362,47362,0,S
14576,47370,47370,0,N
14577,47371,47372,1,S
14581,47380,47380,0,S
14584,47384,47384,0,N
14587,47389,47390,1,S
14591,47398,47398,0,N
14592,47398,47398,0,S
14564,47345,47400,55,E
14562,47342,47400,58,W
14566,47352,47400,48,E
14565,47347,47400,53,W
14571,47359,47400,41,E
14567,47352,47400,48,W
14574,47366,47402,36,E
14570,47357,47402,45,W
14579,47373,47402,29,E
14573,47362,47402,40,W
14582,47380,47402,22,E
14575,47367,47402,35,W
14585,47387,47404,17,E
14578,47372,47404,32,W
14589,47394,47404,10,E
14580,47377,47404,27,W
14593,47401,47404,3,E
14583,47382,47404,22,W
14586,47387,47406,19,W
14588,47392,47406,14,W
14590,47397,47406,9,W
14597,47408,47408,0,E
14594,47402,47408,6,W
14596,47407,47408,1,W
14599,47412,47412,0,W
14600,47415,47416,1,E
14602,47417,47418,1,W
14603,47422,47422,0,E
14604,47422,47422,0,W
14607,47427,47428,1,W
14608,47429,47430,1,E
14609,47432,47432,0,W
14611,47436,47436,0,E
14612,47437,47438,1,W
14614,47442,47442,0,W
14616,47443,47444,1,E
14617,47447,47448,1,W
14618,47450,47450,0,E
14620,47452,47452,0,W
14622,47457,47458,1,E
14623,47457,47458,1,W
14598,47412,47460,48,N
14595,47407,47460,53,S
14606,47426,47462,36,N
14601,47416,47462,46,S
14613,47440,47464,24,N
14605,47425,47464,39,S
14621,47454,47466,12,N
14610,47434,47466,32,S
14628,47468,47468,0,N
14615,47443,47468,25,S
14619,47452,47470,18,S
14624,47461,47472,11,S
14629,47470,47474,4,S
14634,47479,47480,1,S
14635,47482,47482,0,N
14639,47488,47488,0,S
14642,47496,47496,0,N
14643,47497,47498,1,S
14647,47506,47506,0,S
14650,47510,47510,0,N
14653,47515,47516,1,S
14626,47464,47520,56,E
14625,47462,47520,58,W
14630,47471,47520,49,E
14627,47467,47520,53,W
14633,47478,47520,42,E
14631,47472,47520,48,W
14637,47485,47522,37,E
14632,47477,47522,45,W
14640,47492,47522,30,E
14636,47482,47522,40,W
14645,47499,47522,23,E
14638,47487,47522,35,W
14648,47506,47524,18,E
14641,47492,47524,32,W
14652,47513,47524,11,E
14644,47497,47524,27,W
14655,47520,47524,4,E
14646,47502,47524,22,W
14649,47507,47526,19,W
14651,47512,47526,14,W
14654,47517,47526,9,W
14659,47527,47528,1,E
14656,47522,47528,6,W
14660,47527,47528,1,W
14661,47532,47532,0,W
14663,47534,47534,0,E
14664,47537,47538,1,W
14666,47541,47542,1,E
14668,47542,47542,0,W
14670,47548,47548,0,E
14669,47547,47548,1,W
14673,47552,47552,0,W
14674,47555,47556,1,E
14675,47557,47558,1,W
14677,47562,47562,0,E
14678,47562,47562,0,W
14680,47567,47568,1,W
14682,47569,47570,1,E
14683,47572,47572,0,W
14684,47576,47576,0,E
14685,47577,47578,1,W
14657,47524,47580,56,N
14658,47524,47580,56,S
14665,47538,47582,44,N
14662,47533,47582,49,S
14672,47552,47584,32,N
14667,47542,47584,42,S
14679,47566,47586,20,N
14671,47551,47586,35,S
14687,47580,47588,8,N
14676,47560,47588,28,S
14681,47569,47590,21,S
14686,47578,47592,14,S
14694,47594,47594,0,N
14690,47587,47594,7,S
14695,47596,47596,0,S
14700,47605,47606,1,S
14702,47608,47608,0,N
14705,47614,47614,0,S
14708,47622,47622,0,N
14710,47623,47624,1,S
14713,47632,47632,0,S
14716,47636,47636,0,N
14689,47583,47640,57,E
14688,47582,47640,58,W
14692,47590,47640,50,E
14691,47587,47640,53,W
14696,47597,47640,43,E
14693,47592,47640,48,W
14699,47604,47642,38,E
14697,47597,47642,45,W
14703,47611,47642,31,E
14698,47602,47642,40,W
14707,47618,47642,24,E
14701,47607,47642,35,W
14711,47625,47644,19,E
14704,47612,47644,32,W
14714,47632,47644,12,E
14706,47617,47644,27,W
14718,47639,47644,5,E
14709,47622,47644,22,W
14721,47646,47646,0,E
14712,47627,47646,19,W
14715,47632,47646,14,W
14717,47637,47646,9,W
14720,47642,47648,6,W
14722,47647,47648,1,W
14725,47652,47652,0,W
14726,47653,47654,1,E
14727,47657,47658,1,W
14729,47660,47660,0,E
14730,47662,47662,0,W
14732,47667,47668,1,E
14733,47667,47668,1,W
14735,47672,47672,0,W
14736,47674,47674,0,E
14738,47677,47678,1,W
14740,47681,47682,1,E
14741,47682,47682,0,W
14744,47688,47688,0,E
14743,47687,47688,1,W
14746,47692,47692,0,W
14748,47695,47696,1,E
14749,47697,47698,1,W
14723,47650,47700,50,N
14719,47641,47700,59,S
14731,47664,47702,38,N
14724,47650,47702,52,S
14739,47678,47704,26,N
14728,47659,47704,45,S
14745,47692,47706,14,N
14734,47668,47706,38,S
14753,47706,47708,2,N
14737,47677,47708,31,S
14742,47686,47710,24,S
14747,47695,47712,17,S
14752,47704,47714,10,S
14757,47713,47716,3,S
14760,47720,47720,0,N
14761,47722,47722,0,S
14766,47731,47732,1,S
14768,47734,47734,0,N
14771,47740,47740,0,S
14775,47748,47748,0,N
14776,47749,47750,1,S
14780,47758,47758,0,S
14750,47702,47760,58,E
14751,47702,47760,58,W
14755,47709,47760,51,E
14754,47707,47760,53,W
14758,47716,47760,44,E
14756,47712,47760,48,W
14763,47723,47762,39,E
14759,47717,47762,45,W
14765,47730,47762,32,E
14762,47722,47762,40,W
14769,47737,47762,25,E
14764,47727,47762,35,W
14773,47744,47764,20,E
14767,47732,47764,32,W
14777,47751,47764,13,E
14770,47737,47764,27,W
14781,47758,47764,6,E
14772,47742,47764,22,W
14784,47765,47766,1,E
14774,47747,47766,19,W
14778,47752,47766,14,W
14779,47757,47766,9,W
14783,47762,47768,6,W
14786,47767,47768,1,W
14787,47772,47772,0,E
14788,47772,47772,0,W
14791,47777,47778,1,W
14792,47779,47780,1,E
14793,47782,47782,0,W
14795,47786,47786,0,E
14796,47787,47788,1,W
14798,47792,47792,0,W
14799,47793,47794,1,E
14801,47797,47798,1,W
14802,47800,47800,0,E
14803,47802,47802,0,W
14806,47807,47808,1,E
14807,47807,47808,1,W
14809,47812,47812,0,W
14810,47814,47814,0,E
14811,47817,47818,1,W
14782,47762,47820,58,N
14785,47767,47820,53,S
14789,47776,47822,46,N
14790,47776,47822,46,S
14797,47790,47824,34,N
14794,47785,47824,39,S
14805,47804,47826,22,N
14800,47794,47826,32,S
14812,47818,47828,10,N
14804,47803,47828,25,S
14808,47812,47830,18,S
14819,47832,47832,0,N
14813,47821,47832,11,S
14818,47830,47834,4,S
14823,47839,47840,1,S
14826,47846,47846,0,N
14828,47848,47848,0,S
14832,47857,47858,1,S
14834,47860,47860,0,N
14837,47866,47866,0,S
14841,47874,47874,0,N
14842,47875,47876,1,S
14814,47821,47880,59,E
14815,47822,47880,58,W
14817,47828,47880,52,E
14816,47827,47880,53,W
14821,47835,47880,45,E
14820,47832,47880,48,W
14824,47842,47882,40,E
14822,47837,47882,45,W
14829,47849,47882,33,E
14825,47842,47882,40,W
14831,47856,47882,26,E
14827,47847,47882,35,W
14836,47863,47884,21,E
14830,47852,47884,32,W
14839,47870,47884,14,E
14833,47857,47884,27,W
14843,47877,47884,7,E
14835,47862,47884,22,W
14847,47884,47886,2,E
14838,47867,47886,19,W
14840,47872,47886,14,W
14844,47877,47886,9,W
14845,47882,47888,6,W
14848,47887,47888,1,W
14850,47891,47892,1,E
14851,47892,47892,0,W
14854,47898,47898,0,E
14853,47897,47898,1,W
14857,47902,47902,0,W
14858,47905,47906,1,E
14859,47907,47908,1,W
14861,47912,47912,0,E
14862,47912,47912,0,W
14864,47917,47918,1,W
14865,47919,47920,1,E
14867,47922,47922,0,W
14868,47926,47926,0,E
14869,47927,47928,1,W
14872,47932,47932,0,W
14873,47933,47934,1,E
14874,47937,47938,1,W
14849,47888,47940,52,N
14846,47884,47940,56,S
14855,47902,47942,40,N
14852,47893,47942,49,S
14863,47916,47944,28,N
14856,47902,47944,42,S
14871,47930,47946,16,N
14860,47911,47946,35,S
14878,47944,47948,4,N
14866,47920,47948,28,S
14870,47929,47950,21,S
14875,47938,47952,14,S
14879,47947,47954,7,S
14884,47956,47956,0,S
14886,47958,47958,0,N
14889,47965,47966,1,S
14892,47972,47972,0,N
14894,47974,47974,0,S
14899,47983,47984,1,S
14900,47986,47986,0,N
14903,47992,47992,0,S
14876,47940,48000,60,E
14877,47942,48000,58,W
14880,47947,48000,53,E
14881,47947,48000,53,W
14883,47954,48000,46,E
14882,47952,48000,48,W
14887,47961,48002,41,E
14885,47957,48002,45,W
14891,47968,48002,34,E
14888,47962,48002,40,W
14895,47975,48002,27,E
14890,47967,48002,35,W
14897,47982,48004,22,E
14893,47972,48004,32,W
14902,47989,48004,15,E
14896,47977,48004,27,W
14905,47996,48004,8,E
14898,47982,48004,22,W
14910,48003,48006,3,E
14901,47987,48006,19,W
14904,47992,48006,14,W
14906,47997,48006,9,W
14909,48002,48008,6,W
14911,48007,48008,1,W
14913,48010,48010,0,E
14914,48012,48012,0,W
14916,48017,48018,1,E
14917,48017,48018,1,W
14919,48022,48022,0,W
14920,48024,48024,0,E
14921,48027,48028,1,W
14924,48031,48032,1,E
14925,48032,48032,0,W
14928,48038,48038,0,E
14927,48037,48038,1,W
14930,48042,48042,0,W
14931,48045,48046,1,E
14933,48047,48048,1,W
14934,48052,48052,0,E
14935,48052,48052,0,W
14938,48057,48058,1,W
14907,48000,48060,60,N
14908,48001,48060,59,S
14915,48014,48062,48,N
14912,48010,48062,52,S
14922,48028,48064,36,N
14918,48019,48064,45,S
14929,48042,48066,24,N
14923,48028,48066,38,S
14937,48056,48068,12,N
14926,48037,48068,31,S
14944,48070,48070,0,N
14932,48046,48070,24,S
14936,48055,48072,17,S
14941,48064,48074,10,S
14946,48073,48076,3,S
14950,48082,48082,0,S
14952,48084,48084,0,N
14955,48091,48092,1,S
14959,48098,48098,0,N
14960,48100,48100,0,S
14965,48109,48110,1,S
14966,48112,48112,0,N
14970,48118,48118,0,S
14939,48059,48120,61,E
14940,48062,48120,58,W
14942,48066,48120,54,E
14943,48067,48120,53,W
14947,48073,48120,47,E
14945,48072,48120,48,W
14949,48080,48122,42,E
14948,48077,48122,45,W
14953,48087,48122,35,E
14951,48082,48122,40,W
14957,48094,48122,28,E
14954,48087,48122,35,W
14961,48101,48124,23,E
14956,48092,48124,32,W
14964,48108,48124,16,E
14958,48097,48124,27,W
14968,48115,48124,9,E
14962,48102,48124,22,W
14971,48122,48126,4,E
14963,48107,48126,19,W
14967,48112,48126,14,W
14969,48117,48126,9,W
14972,48122,48128,6,W
14975,48127,48128,1,W
14976,48129,48130,1,E
14977,48132,48132,0,W
14979,48136,48136,0,E
14980,48137,48138,1,W
14982,48142,48142,0,W
14983,48143,48144,1,E
14985,48147,48148,1,W
14986,48150,48150,0,E
14987,48152,48152,0,W
14990,48157,48158,1,E
14991,48157,48158,1,W
14992,48162,48162,0,W
14994,48164,48164,0,E
14995,48167,48168,1,W
14997,48171,48172,1,E
14999,48172,48172,0,W
15001,48178,48178,0,E
15000,48177,48178,1,W
14973,48126,48180,54,N
14974,48127,48180,53,S
14981,48140,48182,42,N
14978,48136,48182,46,S
14988,48154,48184,30,N
14984,48145,48184,39,S
14996,48168,48186,18,N
14989,48154,48186,32,S
15003,48182,48188,6,N
14993,48163,48188,25,S
14998,48172,48190,18,S
15002,48181,48192,11,S
15007,48190,48194,4,S
15010,48196,48196,0,N
15012,48199,48200,1,S
15017,48208,48208,0,S
15018,48210,48210,0,N
15021,48217,48218,1,S
15025,48224,48224,0,N
15026,48226,48226,0,S
15031,48235,48236,1,S
15033,48238,48238,0,N
15005,48185,48240,55,E
15004,48182,48240,58,W
15008,48192,48240,48,E
15006,48187,48240,53,W
15013,48199,48240,41,E
15009,48192,48240,48,W
15015,48206,48242,36,E
15011,48197,48242,45,W
15020,48213,48242,29,E
15014,48202,48242,40,W
15023,48220,48242,22,E
15016,48207,48242,35,W
15027,48227,48244,17,E
15019,48212,48244,32,W
15030,48234,48244,10,E
15022,48217,48244,27,W
15034,48241,48244,3,E
15024,48222,48244,22,W
15028,48227,48246,19,W
15029,48232,48246,14,W
15032,48237,48246,9,W
15038,48248,48248,0,E
15035,48242,48248,6,W
15037,48247,48248,1,W
15040,48252,48252,0,W
15042,48255,48256,1,E
15043,48257,48258,1,W
15045,48262,48262,0,E
15046,48262,48262,0,W
15048,48267,48268,1,W
15049,48269,48270,1,E
15051,48272,48272,0,W
15052,48276,48276,0,E
15053,48277,48278,1,W
15056,48282,48282,0,W
15057,48283,48284,1,E
15058,48287,48288,1,W
15060,48290,48290,0,E
15061,48292,48292,0,W
15063,48297,48298,1,E
15064,48297,48298,1,W
15039,48252,48300,48,N
15036,48244,48300,56,S
15047,48266,48302,36,N
15041,48253,48302,49,S
15054,48280,48304,24,N
15044,48262,48304,42,S
15062,48294,48306,12,N
15050,48271,48306,35,S
15070,48308,48308,0,N
15055,48280,48308,28,S
15059,48289,48310,21,S
15065,48298,48312,14,S
15068,48307,48314,7,S
15073,48316,48316,0,S
15076,48322,48322,0,N
15078,48325,48326,1,S
15083,48334,48334,0,S
15084,48336,48336,0,N
15088,48343,48344,1,S
15091,48350,48350,0,N
15092,48352,48352,0,S
15067,48304,48360,56,E
15066,48302,48360,58,W
15071,48311,48360,49,E
15069,48307,48360,53,W
15075,48318,48360,42,E
15072,48312,48360,48,W
15079,48325,48362,37,E
15074,48317,48362,45,W
15081,48332,48362,30,E
15077,48322,48362,40,W
15086,48339,48362,23,E
15080,48327,48362,35,W
15089,48346,48364,18,E
15082,48332,48364,32,W
15094,48353,48364,11,E
15085,48337,48364,27,W
15096,48360,48364,4,E
15087,48342,48364,22,W
15090,48347,48366,19,W
15093,48352,48366,14,W
15095,48357,48366,9,W
15100,48367,48368,1,E
15098,48362,48368,6,W
15101,48367,48368,1,W
15103,48372,48372,0,W
15104,48374,48374,0,E
15105,48377,48378,1,W
15108,48381,48382,1,E
15109,48382,48382,0,W
15112,48388,48388,0,E
15110,48387,48388,1,W
15114,48392,48392,0,W
15115,48395,48396,1,E
15117,48397,48398,1,W
15118,48402,48402,0,E
15119,48402,48402,0,W
15122,48407,48408,1,W
15123,48409,48410,1,E
15124,48412,48412,0,W
15126,48416,48416,0,E
15127,48417,48418,1,W
15099,48364,48420,56,N
15097,48361,48420,59,S
15106,48378,48422,44,N
15102,48370,48422,52,S
15113,48392,48424,32,N
15107,48379,48424,45,S
15120,48406,48426,20,N
15111,48388,48426,38,S
15128,48420,48428,8,N
15116,48397,48428,31,S
15121,48406,48430,24,S
15125,48415,48432,17,S
15136,48434,48434,0,N
15131,48424,48434,10,S
15135,48433,48436,3,S
15139,48442,48442,0,S
15143,48448,48448,0,N
15144,48451,48452,1,S
15149,48460,48460,0,S
15150,48462,48462,0,N
15154,48469,48470,1,S
15157,48476,48476,0,N
15159,48478,48478,0,S
15130,48423,48480,57,E
15129,48422,48480,58,W
15133,48430,48480,50,E
15132,48427,48480,53,W
15137,48437,48480,43,E
15134,48432,48480,48,W
15141,48444,48482,38,E
15138,48437,48482,45,W
15145,48451,48482,31,E
15140,48442,48482,40,W
15148,48458,48482,24,E
15142,48447,48482,35,W
15152,48465,48484,19,E
15146,48452,48484,32,W
15155,48472,48484,12,E
15147,48457,48484,27,W
15160,48479,48484,5,E
15151,48462,48484,22,W
15162,48486,48486,0,E
15153,48467,48486,19,W
15156,48472,48486,14,W
15158,48477,48486,9,W
15161,48482,48488,6,W
15164,48487,48488,1,W
15166,48492,48492,0,W
15167,48493,48494,1,E
15169,48497,48498,1,W
15170,48500,48500,0,E
15171,48502,48502,0,W
15174,48507,48508,1,E
15175,48507,48508,1,W
15176,48512,48512,0,W
15178,48514,48514,0,E
15179,48517,48518,1,W
15181,48521,48522,1,E
15182,48522,48522,0,W
15185,48528,48528,0,E
15184,48527,48528,1,W
15188,48532,48532,0,W
15189,48535,48536,1,E
15190,48537,48538,1,W
15165,48490,48540,50,N
15163,48487,48540,53,S
15172,48504,48542,38,N
15168,48496,48542,46,S
15180,48518,48544,26,N
15173,48505,48544,39,S
15186,48532,48546,14,N
15177,48514,48546,32,S
15194,48546,48548,2,N
15183,48523,48548,25,S
15187,48532,48550,18,S
15191,48541,48552,11,S
15197,48550,48554,4,S
15202,48560,48560,0,N
15201,48559,48560,1,S
15206,48568,48568,0,S
15209,48574,48574,0,N
15210,48577,48578,1,S
15215,48586,48586,0,S
15217,48588,48588,0,N
15220,48595,48596,1,S
15192,48542,48600,58,E
15193,48542,48600,58,W
15196,48549,48600,51,E
15195,48547,48600,53,W
15199,48556,48600,44,E
15198,48552,48600,48,W
15204,48563,48602,39,E
15200,48557,48602,45,W
15207,48570,48602,32,E
15203,48562,48602,40,W
15211,48577,48602,25,E
15205,48567,48602,35,W
15214,48584,48604,20,E
15208,48572,48604,32,W
15218,48591,48604,13,E
15212,48577,48604,27,W
15222,48598,48604,6,E
15213,48582,48604,22,W
15226,48605,48606,1,E
15216,48587,48606,19,W
15219,48592,48606,14,W
15221,48597,48606,9,W
15224,48602,48608,6,W
15227,48607,48608,1,W
15228,48612,48612,0,E
15229,48612,48612,0,W
15232,48617,48618,1,W
15233,48619,48620,1,E
15235,48622,48622,0,W
15236,48626,48626,0,E
15237,48627,48628,1,W
15240,48632,48632,0,W
15241,48633,48634,1,E
15242,48637,48638,1,W
15244,48640,48640,0,E
15245,48642,48642,0,W
15247,48647,48648,1,E
15248,48647,48648,1,W
15250,48652,48652,0,W
15251,48654,48654,0,E
15252,48657,48658,1,W
15223,48602,48660,58,N
15225,48604,48660,56,S
15231,48616,48662,46,N
15230,48613,48662,49,S
15238,48630,48664,34,N
15234,48622,48664,42,S
15246,48644,48666,22,N
15239,48631,48666,35,S
15253,48658,48668,10,N
15243,48640,48668,28,S
15249,48649,48670,21,S
15260,48672,48672,0,N
15254,48658,48672,14,S
15257,48667,48674,7,S
15263,48676,48676,0,S
15268,48686,48686,0,N
15267,48685,48686,1,S
15272,48694,48694,0,S
15275,48700,48700,0,N
15277,48703,48704,1,S
15281,48712,48712,0,S
15283,48714,48714,0,N
15255,48661,48720,59,E
15256,48662,48720,58,W
15259,48668,48720,52,E
15258,48667,48720,53,W
15262,48675,48720,45,E
15261,48672,48720,48,W
15265,48682,48722,40,E
15264,48677,48722,45,W
15270,48689,48722,33,E
15266,48682,48722,40,W
15273,48696,48722,26,E
15269,48687,48722,35,W
15278,48703,48724,21,E
15271,48692,48724,32,W
15280,48710,48724,14,E
15274,48697,48724,27,W
15284,48717,48724,7,E
15276,48702,48724,22,W
15288,48724,48726,2,E
15279,48707,48726,19,W
15282,48712,48726,14,W
15285,48717,48726,9,W
15287,48722,48728,6,W
15289,48727,48728,1,W
15292,48731,48732,1,E
15293,48732,48732,0,W
15295,48738,48738,0,E
15294,48737,48738,1,W
15298,48742,48742,0,W
15299,48745,48746,1,E
15300,48747,48748,1,W
15302,48752,48752,0,E
15303,48752,48752,0,W
15306,48757,48758,1,W
15307,48759,48760,1,E
15308,48762,48762,0,W
15310,48766,48766,0,E
15311,48767,48768,1,W
15313,48772,48772,0,W
15314,48773,48774,1,E
15316,48777,48778,1,W
15290,48728,48780,52,N
15286,48721,48780,59,S
15297,48742,48782,40,N
15291,48730,48782,52,S
15304,48756,48784,28,N
15296,48739,48784,45,S
15312,48770,48786,16,N
15301,48748,48786,38,S
15319,48784,48788,4,N
15305,48757,48788,31,S
15309,48766,48790,24,S
15315,48775,48792,17,S
15320,48784,48794,10,S
15324,48793,48796,3,S
15327,48798,48798,0,N
15329,48802,48802,0,S
15334,48812,48812,0,N
15333,48811,48812,1,S
15338,48820,48820,0,S
15341,48826,48826,0,N
15343,48829,48830,1,S
15348,48838,48838,0,S
15317,48780,48840,60,E
15318,48782,48840,58,W
15321,48787,48840,53,E
15322,48787,48840,53,W
15325,48794,48840,46,E
15323,48792,48840,48,W
15328,48801,48842,41,E
15326,48797,48842,45,W
15332,48808,48842,34,E
15330,48802,48842,40,W
15336,48815,48842,27,E
15331,48807,48842,35,W
15339,48822,48844,22,E
15335,48812,48844,32,W
15344,48829,48844,15,E
15337,48817,48844,27,W
15346,48836,48844,8,E
15340,48822,48844,22,W
15351,48843,48846,3,E
15342,48827,48846,19,W
15345,48832,48846,14,W
15347,48837,48846,9,W
15350,48842,48848,6,W
15353,48847,48848,1,W
15354,48850,48850,0,E
15355,48852,48852,0,W
15358,48857,48858,1,E
15359,48857,48858,1,W
15360,48862,48862,0,W
15361,48864,48864,0,E
15363,48867,48868,1,W
15365,48871,48872,1,E
15366,48872,48872,0,W
15369,48878,48878,0,E
15368,48877,48878,1,W
15371,48882,48882,0,W
15373,48885,48886,1,E
15374,48887,48888,1,W
15376,48892,48892,0,E
15377,48892,48892,0,W
15379,48897,48898,1,W
15349,48840,48900,60,N
15352,48847,48900,53,S
15356,48854,48902,48,N
15357,48856,48902,46,S
15364,48868,48904,36,N
15362,48865,48904,39,S
15370,48882,48906,24,N
15367,48874,48906,32,S
15378,48896,48908,12,N
15372,48883,48908,25,S
15385,48910,48910,0,N
15375,48892,48910,18,S
15381,48901,48912,11,S
15386,48910,48914,4,S
15390,48919,48920,1,S
15393,48924,48924,0,N
15396,48928,48928,0,S
15401,48938,48938,0,N
15399,48937,48938,1,S
15404,48946,48946,0,S
15407,48952,48952,0,N
15409,48955,48956,1,S
15380,48899,48960,61,E
15382,48902,48960,58,W
15383,48906,48960,54,E
15384,48907,48960,53,W
15388,48913,48960,47,E
15387,48912,48960,48,W
15391,48920,48962,42,E
15389,48917,48962,45,W
15394,48927,48962,35,E
15392,48922,48962,40,W
15398,48934,48962,28,E
15395,48927,48962,35,W
15402,48941,48964,23,E
15397,48932,48964,32,W
15406,48948,48964,16,E
15400,48937,48964,27,W
15410,48955,48964,9,E
15403,48942,48964,22,W
15412,48962,48966,4,E
15405,48947,48966,19,W
15408,48952,48966,14,W
15411,48957,48966,9,W
15413,48962,48968,6,W
15416,48967,48968,1,W
15417,48969,48970,1,E
15418,48972,48972,0,W
15420,48976,48976,0,E
15421,48977,48978,1,W
15424,48982,48982,0,W
15425,48983,48984,1,E
15426,48987,48988,1,W
15427,48990,48990,0,E
15429,48992,48992,0,W
15431,48997,48998,1,E
15432,48997,48998,1,W
15434,49002,49002,0,W
15435,49004,49004,0,E
15436,49007,49008,1,W
15439,49011,49012,1,E
15440,49012,49012,0,W
15443,49018,49018,0,E
15441,49017,49018,1,W
15415,48966,49020,54,N
15414,48964,49020,56,S
15422,48980,49022,42,N
15419,48973,49022,49,S
15430,48994,49024,30,N
15423,48982,49024,42,S
15437,49008,49026,18,N
15428,48991,49026,35,S
15444,49022,49028,6,N
15433,49000,49028,28,S
15438,49009,49030,21,S
15442,49018,49032,14,S
15447,49027,49034,7,S
15451,49036,49036,0,N
15452,49036,49036,0,S
15456,49045,49046,1,S
15459,49050,49050,0,N
15462,49054,49054,0,S
15467,49064,49064,0,N
15466,49063,49064,1,S
15470,49072,49072,0,S
15474,49078,49078,0,N
15446,49025,49080,55,E
15445,49022,49080,58,W
15449,49032,49080,48,E
15448,49027,49080,53,W
15454,49039,49080,41,E
15450,49032,49080,48,W
15457,49046,49082,36,E
15453,49037,49082,45,W
15461,49053,49082,29,E
15455,49042,49082,40,W
15464,49060,49082,22,E
15458,49047,49082,35,W
15468,49067,49084,17,E
15460,49052,49084,32,W
15472,49074,49084,10,E
15463,49057,49084,27,W
15476,49081,49084,3,E
15465,49062,49084,22,W
15469,49067,49086,19,W
15471,49072,49086,14,W
15473,49077,49086,9,W
15479,49088,49088,0,E
15477,49082,49088,6,W
15478,49087,49088,1,W
15482,49092,49092,0,W
15483,49095,49096,1,E
15484,49097,49098,1,W
15486,49102,49102,0,E
15487,49102,49102,0,W
15489,49107,49108,1,W
15491,49109,49110,1,E
15492,49112,49112,0,W
15493,49116,49116,0,E
15495,49117,49118,1,W
15497,49122,49122,0,W
15498,49123,49124,1,E
15500,49127,49128,1,W
15501,49130,49130,0,E
15502,49132,49132,0,W
15505,49137,49138,1,E
15506,49137,49138,1,W
15481,49092,49140,48,N
15475,49081,49140,59,S
15488,49106,49142,36,N
15480,49090,49142,52,S
15496,49120,49144,24,N
15485,49099,49144,45,S
15503,49134,49146,12,N
15490,49108,49146,38,S
15511,49148,49148,0,N
15494,49117,49148,31,S
15499,49126,49150,24,S
15504,49135,49152,17,S
15508,49144,49154,10,S
15514,49153,49156,3,S
15517,49162,49162,0,N
15518,49162,49162,0,S
15522,49171,49172,1,S
15525,49176,49176,0,N
15528,49180,49180,0,S
15533,49190,49190,0,N
15532,49189,49190,1,S
15537,49198,49198,0,S
15509,49144,49200,56,E
15507,49142,49200,58,W
15512,49151,49200,49,E
15510,49147,49200,53,W
15516,49158,49200,42,E
15513,49152,49200,48,W
15520,49165,49202,37,E
15515,49157,49202,45,W
15523,49172,49202,30,E
15519,49162,49202,40,W
15527,49179,49202,23,E
15521,49167,49202,35,W
15530,49186,49204,18,E
15524,49172,49204,32,W
15535,49193,49204,11,E
15526,49177,49204,27,W
15538,49200,49204,4,E
15529,49182,49204,22,W
15531,49187,49206,19,W
15534,49192,49206,14,W
15536,49197,49206,9,W
15542,49207,49208,1,E
15539,49202,49208,6,W
15543,49207,49208,1,W
15544,49212,49212,0,W
15545,49214,49214,0,E
15547,49217,49218,1,W
15549,49221,49222,1,E
15550,49222,49222,0,W
15553,49228,49228,0,E
15552,49227,49228,1,W
15555,49232,49232,0,W
15557,49235,49236,1,E
15558,49237,49238,1,W
15559,49242,49242,0,E
15560,49242,49242,0,W
15563,49247,49248,1,W
15564,49249,49250,1,E
15566,49252,49252,0,W
15567,49256,49256,0,E
15568,49257,49258,1,W
15540,49204,49260,56,N
15541,49207,49260,53,S
15548,49218,49262,44,N
15546,49216,49262,46,S
15554,49232,49264,32,N
15551,49225,49264,39,S
15562,49246,49266,20,N
15556,49234,49266,32,S
15569,49260,49268,8,N
15561,49243,49268,25,S
15565,49252,49270,18,S
15570,49261,49272,11,S
15577,49274,49274,0,N
15574,49270,49274,4,S
15580,49279,49280,1,S
15584,49288,49288,0,N
15585,49288,49288,0,S
15588,49297,49298,1,S
15591,49302,49302,0,N
15594,49306,49306,0,S
15599,49316,49316,0,N
15598,49315,49316,1,S
15572,49263,49320,57,E
15571,49262,49320,58,W
15575,49270,49320,50,E
15573,49267,49320,53,W
15578,49277,49320,43,E
15576,49272,49320,48,W
15582,49284,49322,38,E
15579,49277,49322,45,W
15586,49291,49322,31,E
15581,49282,49322,40,W
15590,49298,49322,24,E
15583,49287,49322,35,W
15593,49305,49324,19,E
15587,49292,49324,32,W
15596,49312,49324,12,E
15589,49297,49324,27,W
15601,49319,49324,5,E
15592,49302,49324,22,W
15604,49326,49326,0,E
15595,49307,49326,19,W
15597,49312,49326,14,W
15600,49317,49326,9,W
15602,49322,49328,6,W
15605,49327,49328,1,W
15607,49332,49332,0,W
15609,49333,49334,1,E
15610,49337,49338,1,W
15611,49340,49340,0,E
15613,49342,49342,0,W
15615,49347,49348,1,E
15616,49347,49348,1,W
15618,49352,49352,0,W
15619,49354,49354,0,E
15620,49357,49358,1,W
15623,49361,49362,1,E
15624,49362,49362,0,W
15626,49368,49368,0,E
15625,49367,49368,1,W
15629,49372,49372,0,W
15630,49375,49376,1,E
15631,49377,49378,1,W
15606,49330,49380,50,N
15603,49324,49380,56,S
15614,49344,49382,38,N
15608,49333,49382,49,S
15621,49358,49384,26,N
15612,49342,49384,42,S
15628,49372,49386,14,N
15617,49351,49386,35,S
15635,49386,49388,2,N
15622,49360,49388,28,S
15627,49369,49390,21,S
15632,49378,49392,14,S
15636,49387,49394,7,S
15640,49396,49396,0,S
15643,49400,49400,0,N
15646,49405,49406,1,S
15650,49414,49414,0,N
15651,49414,49414,0,S
15655,49423,49424,1,S
15658,49428,49428,0,N
15660,49432,49432,0,S
15633,49382,49440,58,E
15634,49382,49440,58,W
15638,49389,49440,51,E
15637,49387,49440,53,W
15641,49396,49440,44,E
15639,49392,49440,48,W
15645,49403,49442,39,E
15642,49397,49442,45,W
15648,49410,49442,32,E
15644,49402,49442,40,W
15652,49417,49442,25,E
15647,49407,49442,35,W
15656,49424,49444,20,E
15649,49412,49444,32,W
15659,49431,49444,13,E
15653,49417,49444,27,W
15663,49438,49444,6,E
15654,49422,49444,22,W
15667,49445,49446,1,E
15657,49427,49446,19,W
15661,49432,49446,14,W
15662,49437,49446,9,W
15666,49442,49448,6,W
15668,49447,49448,1,W
15670,49452,49452,0,E
15671,49452,49452,0,W
15673,49457,49458,1,W
15675,49459,49460,1,E
15676,49462,49462,0,W
15677,49466,49466,0,E
15678,49467,49468,1,W
15681,49472,49472,0,W
15682,49473,49474,1,E
15684,49477,49478,1,W
15685,49480,49480,0,E
15686,49482,49482,0,W
15689,49487,49488,1,E
15690,49487,49488,1,W
15691,49492,49492,0,W
15692,49494,49494,0,E
15694,49497,49498,1,W
15665,49442,49500,58,N
15664,49441,49500,59,S
15672,49456,49502,46,N
15669,49450,49502,52,S
15680,49470,49504,34,N
15674,49459,49504,45,S
15687,49484,49506,22,N
15679,49468,49506,38,S
15695,49498,49508,10,N
15683,49477,49508,31,S
15688,49486,49510,24,S
15701,49512,49512,0,N
15693,49495,49512,17,S
15698,49504,49514,10,S
15703,49513,49516,3,S
15706,49522,49522,0,S
15709,49526,49526,0,N
15712,49531,49532,1,S
15716,49540,49540,0,N
15717,49540,49540,0,S
15721,49549,49550,1,S
15724,49554,49554,0,N
15727,49558,49558,0,S
15696,49501,49560,59,E
15697,49502,49560,58,W
15700,49508,49560,52,E
15699,49507,49560,53,W
15704,49515,49560,45,E
15702,49512,49560,48,W
15707,49522,49562,40,E
15705,49517,49562,45,W
15711,49529,49562,33,E
15708,49522,49562,40,W
15714,49536,49562,26,E
15710,49527,49562,35,W
15719,49543,49564,21,E
15713,49532,49564,32,W
15722,49550,49564,14,E
15715,49537,49564,27,W
15725,49557,49564,7,E
15718,49542,49564,22,W
15729,49564,49566,2,E
15720,49547,49566,19,W
15723,49552,49566,14,W
15726,49557,49566,9,W
15728,49562,49568,6,W
15731,49567,49568,1,W
15733,49571,49572,1,E
15734,49572,49572,0,W
15737,49578,49578,0,E
15736,49577,49578,1,W
15739,49582,49582,0,W
15741,49585,49586,1,E
15742,49587,49588,1,W
15743,49592,49592,0,E
15744,49592,49592,0,W
15747,49597,49598,1,W
15748,49599,49600,1,E
15749,49602,49602,0,W
15751,49606,49606,0,E
15752,49607,49608,1,W
15755,49612,49612,0,W
15756,49613,49614,1,E
15757,49617,49618,1,W
15732,49568,49620,52,N
15730,49567,49620,53,S
15738,49582,49622,40,N
15735,49576,49622,46,S
15746,49596,49624,28,N
15740,49585,49624,39,S
15753,49610,49626,16,N
15745,49594,49626,32,S
15761,49624,49628,4,N
15750,49603,49628,25,S
15754,49612,49630,18,S
15759,49621,49632,11,S
15764,49630,49634,4,S
15768,49638,49638,0,N
15769,49639,49640,1,S
15773,49648,49648,0,S
15775,49652,49652,0,N
15778,49657,49658,1,S
15782,49666,49666,0,N
15783,49666,49666,0,S
15787,49675,49676,1,S
15758,49620,49680,60,E
15760,49622,49680,58,W
15762,49627,49680,53,E
15763,49627,49680,53,W
15766,49634,49680,46,E
15765,49632,49680,48,W
15770,49641,49682,41,E
15767,49637,49682,45,W
15774,49648,49682,34,E
15771,49642,49682,40,W
15777,49655,49682,27,E
15772,49647,49682,35,W
15780,49662,49684,22,E
15776,49652,49684,32,W
15785,49669,49684,15,E
15779,49657,49684,27,W
15788,49676,49684,8,E
15781,49662,49684,22,W
15792,49683,49686,3,E
15784,49667,49686,19,W
15786,49672,49686,14,W
15789,49677,49686,9,W
15791,49682,49688,6,W
15794,49687,49688,1,W
15795,49690,49690,0,E
15796,49692,49692,0,W
15799,49697,49698,1,E
15800,49697,49698,1,W
15802,49702,49702,0,W
15803,49704,49704,0,E
15804,49707,49708,1,W
15807,49711,49712,1,E
15808,49712,49712,0,W
15810,49718,49718,0,E
15809,49717,49718,1,W
15813,49722,49722,0,W
15814,49725,49726,1,E
15815,49727,49728,1,W
15817,49732,49732,0,E
15818,49732,49732,0,W
15820,49737,49738,1,W
15790,49680,49740,60,N
15793,49684,49740,56,S
15798,49694,49742,48,N
15797,49693,49742,49,S
15805,49708,49744,36,N
15801,49702,49744,42,S
15812,49722,49746,24,N
15806,49711,49746,35,S
15819,49736,49748,12,N
15811,49720,49748,28,S
15827,49750,49750,0,N
15816,49729,49750,21,S
15821,49738,49752,14,S
15825,49747,49754,7,S
15830,49756,49756,0,S
15834,49764,49764,0,N
15835,49765,49766,1,S
15839,49774,49774,0,S
15842,49778,49778,0,N
15845,49783,49784,1,S
15848,49792,49792,0,N
15849,49792,49792,0,S
15822,49739,49800,61,E
15823,49742,49800,58,W
15824,49746,49800,54,E
15826,49747,49800,53,W
15829,49753,49800,47,E
15828,49752,49800,48,W
15832,49760,49802,42,E
15831,49757,49802,45,W
15836,49767,49802,35,E
15833,49762,49802,40,W
15840,49774,49802,28,E
15837,49767,49802,35,W
15843,49781,49804,23,E
15838,49772,49804,32,W
15847,49788,49804,16,E
15841,49777,49804,27,W
15851,49795,49804,9,E
15844,49782,49804,22,W
15854,49802,49806,4,E
15846,49787,49806,19,W
15850,49792,49806,14,W
15852,49797,49806,9,W
15855,49802,49808,6,W
15857,49807,49808,1,W
15858,49809,49810,1,E
15860,49812,49812,0,W
15861,49816,49816,0,E
15862,49817,49818,1,W
15865,49822,49822,0,W
15866,49823,49824,1,E
15867,49827,49828,1,W
15869,49830,49830,0,E
15870,49832,49832,0,W
15873,49837,49838,1,E
15874,49837,49838,1,W
15875,49842,49842,0,W
15876,49844,49844,0,E
15878,49847,49848,1,W
15880,49851,49852,1,E
15881,49852,49852,0,W
15884,49858,49858,0,E
15883,49857,49858,1,W
15856,49806,49860,54,N
15853,49801,49860,59,S
15864,49820,49862,42,N
15859,49810,49862,52,S
15871,49834,49864,30,N
15863,49819,49864,45,S
15879,49848,49866,18,N
15868,49828,49866,38,S
15885,49862,49868,6,N
15872,49837,49868,31,S
15877,49846,49870,24,S
15882,49855,49872,17,S
15887,49864,49874,10,S
15893,49876,49876,0,N
15892,49873,49876,3,S
15896,49882,49882,0,S
15900,49890,49890,0,N
15901,49891,49892,1,S
15905,49900,49900,0,S
15908,49904,49904,0,N
15911,49909,49910,1,S
15915,49918,49918,0,N
15916,49918,49918,0,S
15888,49865,49920,55,E
15886,49862,49920,58,W
15890,49872,49920,48,E
15889,49867,49920,53,W
15895,49879,49920,41,E
15891,49872,49920,48,W
15898,49886,49922,36,E
15894,49877,49922,45,W
15903,49893,49922,29,E
15897,49882,49922,40,W
15906,49900,49922,22,E
15899,49887,49922,35,W
15909,49907,49924,17,E
15902,49892,49924,32,W
15913,49914,49924,10,E
15904,49897,49924,27,W
15917,49921,49924,3,E
15907,49902,49924,22,W
15910,49907,49926,19,W
15912,49912,49926,14,W
15914,49917,49926,9,W
15921,49928,49928,0,E
15918,49922,49928,6,W
15920,49927,49928,1,W
15923,49932,49932,0,W
15924,49935,49936,1,E
15926,49937,49938,1,W
15927,49942,49942,0,E
15928,49942,49942,0,W
15931,49947,49948,1,W
15932,49949,49950,1,E
15933,49952,49952,0,W
15935,49956,49956,0,E
15936,49957,49958,1,W
15938,49962,49962,0,W
15940,49963,49964,1,E
15941,49967,49968,1,W
15942,49970,49970,0,E
15944,49972,49972,0,W
15946,49977,49978,1,E
15947,49977,49978,1,W
15922,49932,49980,48,N
15919,49927,49980,53,S
15930,49946,49982,36,N
15925,49936,49982,46,S
15937,49960,49984,24,N
15929,49945,49984,39,S
15945,49974,49986,12,N
15934,49954,49986,32,S
15952,49988,49988,0,N
15939,49963,49988,25,S
15943,49972,49990,18,S
15948,49981,49992,11,S
15953,49990,49994,4,S
15958,49999,50000,1,S
15959,50002,50002,0,N
15963,50008,50008,0,S
15966,50016,50016,0,N
15967,50017,50018,1,S
15971,50026,50026,0,S
15974,50030,50030,0,N
15977,50035,50036,1,S
15950,49984,50040,56,E
15949,49982,50040,58,W
15954,49991,50040,49,E
15951,49987,50040,53,W
15957,49998,50040,42,E
15955,49992,50040,48,W
15961,50005,50042,37,E
15956,49997,50042,45,W
15964,50012,50042,30,E
15960,50002,50042,40,W
15969,50019,50042,23,E
15962,50007,50042,35,W
15972,50026,50044,18,E
15965,50012,50044,32,W
15976,50033,50044,11,E
15968,50017,50044,27,W
15979,50040,50044,4,E
15970,50022,50044,22,W
15973,50027,50046,19,W
15975,50032,50046,14,W
15978,50037,50046,9,W
15983,50047,50048,1,E
15980,50042,50048,6,W
15984,50047,50048,1,W
15985,50052,50052,0,W
15987,50054,50054,0,E
15988,50057,50058,1,W
15990,50061,50062,1,E
15992,50062,50062,0,W
15994,50068,50068,0,E
15993,50067,50068,1,W
15997,50072,50072,0,W
15998,50075,50076,1,E
15999,50077,50078,1,W
16001,50082,50082,0,E
16002,50082,50082,0,W
16004,50087,50088,1,W
16006,50089,50090,1,E
16007,50092,50092,0,W
16008,50096,50096,0,E
16009,50097,50098,1,W
15981,50044,50100,56,N
15982,50044,50100,56,S
15989,50058,50102,44,N
15986,50053,50102,49,S
15996,50072,50104,32,N
15991,50062,50104,42,S
16003,50086,50106,20,N
15995,50071,50106,35,S
16011,50100,50108,8,N
16000,50080,50108,28,S
16005,50089,50110,21,S
16010,50098,50112,14,S
16018,50114,50114,0,N
16014,50107,50114,7,S
16019,50116,50116,0,S
16024,50125,50126,1,S
16026,50128,50128,0,N
16029,50134,50134,0,S
16032,50142,50142,0,N
16034,50143,50144,1,S
16037,50152,50152,0,S
16040,50156,50156,0,N
16013,50103,50160,57,E
16012,50102,50160,58,W
16016,50110,50160,50,E
16015,50107,50160,53,W
16020,50117,50160,43,E
16017,50112,50160,48,W
16023,50124,50162,38,E
16021,50117,50162,45,W
16027,50131,50162,31,E
16022,50122,50162,40,W
16031,50138,50162,24,E
16025,50127,50162,35,W
16035,50145,50164,19,E
16028,50132,50164,32,W
16038,50152,50164,12,E
16030,50137,50164,27,W
16042,50159,50164,5,E
16033,50142,50164,22,W
16045,50166,50166,0,E
16036,50147,50166,19,W
16039,50152,50166,14,W
16041,50157,50166,9,W
16044,50162,50168,6,W
16046,50167,50168,1,W
16049,50172,50172,0,W
16050,50173,50174,1,E
16051,50177,50178,1,W
16053,50180,50180,0,E
16054,50182,50182,0,W
16056,50187,50188,1,E
16057,50187,50188,1,W
16059,50192,50192,0,W
16060,50194,50194,0,E
16062,50197,50198,1,W
16064,50201,50202,1,E
16065,50202,50202,0,W
16068,50208,50208,0,E
16067,50207,50208,1,W
16070,50212,50212,0,W
16072,50215,50216,1,E
16073,50217,50218,1,W
16047,50170,50220,50,N
16043,50161,50220,59,S
16055,50184,50222,38,N
16048,50170,50222,52,S
16063,50198,50224,26,N
16052,50179,50224,45,S
16069,50212,50226,14,N
16058,50188,50226,38,S
16077,50226,50228,2,N
16061,50197,50228,31,S
16066,50206,50230,24,S
16071,50215,50232,17,S
16076,50224,50234,10,S
16081,50233,50236,3,S
16084,50240,50240,0,N
16085,50242,50242,0,S
16090,50251,50252,1,S
16092,50254,50254,0,N
16095,50260,50260,0,S
16099,50268,50268,0,N
16100,50269,50270,1,S
16104,50278,50278,0,S
16074,50222,50280,58,E
16075,50222,50280,58,W
16079,50229,50280,51,E
16078,50227,50280,53,W
16082,50236,50280,44,E
16080,50232,50280,48,W
16087,50243,50282,39,E
16083,50237,50282,45,W
16089,50250,50282,32,E
16086,50242,50282,40,W
16093,50257,50282,25,E
16088,50247,50282,35,W
16097,50264,50284,20,E
16091,50252,50284,32,W
16101,50271,50284,13,E
16094,50257,50284,27,W
16105,50278,50284,6,E
16096,50262,50284,22,W
16108,50285,50286,1,E
16098,50267,50286,19,W
16102,50272,50286,14,W
16103,50277,50286,9,W
16107,50282,50288,6,W
16110,50287,50288,1,W
16111,50292,50292,0,E
16112,50292,50292,0,W
16115,50297,50298,1,W
16116,50299,50300,1,E
16117,50302,50302,0,W
16119,50306,50306,0,E
16120,50307,50308,1,W
16122,50312,50312,0,W
16123,50313,50314,1,E
16125,50317,50318,1,W
16126,50320,50320,0,E
16127,50322,50322,0,W
16130,50327,50328,1,E
16131,50327,50328,1,W
16133,50332,50332,0,W
16134,50334,50334,0,E
16135,50337,50338,1,W
16106,50282,50340,58,N
16109,50287,50340,53,S
16113,50296,50342,46,N
16114,50296,50342,46,S
16121,50310,50344,34,N
16118,50305,50344,39,S
16129,50324,50346,22,N
16124,50314,50346,32,S
16136,50338,50348,10,N
16128,50323,50348,25,S
16132,50332,50350,18,S
16143,50352,50352,0,N
16137,50341,50352,11,S
16142,50350,50354,4,S
16147,50359,50360,1,S
16150,50366,50366,0,N
16152,50368,50368,0,S
16156,50377,50378,1,S
16158,50380,50380,0,N
16161,50386,50386,0,S
16165,50394,50394,0,N
16166,50395,50396,1,S
16138,50341,50400,59,E
16139,50342,50400,58,W
16141,50348,50400,52,E
16140,50347,50400,53,W
16145,50355,50400,45,E
16144,50352,50400,48,W
16148,50362,50402,40,E
16146,50357,50402,45,W
16153,50369,50402,33,E
16149,50362,50402,40,W
16155,50376,50402,26,E
16151,50367,50402,35,W
16160,50383,50404,21,E
16154,50372,50404,32,W
16163,50390,50404,14,E
16157,50377,50404,27,W
16167,50397,50404,7,E
16159,50382,50404,22,W
16171,50404,50406,2,E
16162,50387,50406,19,W
16164,50392,50406,14,W
16168,50397,50406,9,W
16169,50402,50408,6,W
16172,50407,50408,1,W
16174,50410,50410,0,E
16176,50412,50412,0,W
16177,50416,50416,0,E
16178,50417,50418,1,W
16181,50422,50422,0,E
16182,50422,50422,0,W
16185,50428,50428,0,E
16183,50427,50428,1,W
16186,50432,50432,0,W
16188,50434,50434,0,E
16190,50437,50438,1,W
16191,50440,50440,0,E
16192,50442,50442,0,W
16194,50446,50446,0,E
16196,50447,50448,1,W
16198,50452,50452,0,E
16199,50452,50452,0,W
16201,50458,50458,0,E
16200,50457,50458,1,W
16173,50408,50460,52,N
16170,50404,50460,56,S
16180,50421,50462,41,N
16175,50412,50462,50,S
16187,50434,50464,30,N
16179,50420,50464,44,S
16195,50447,50466,19,N
16184,50428,50466,38,S
16202,50460,50468,8,N
16189,50436,50468,32,S
16193,50444,50470,26,S
16197,50452,50472,20,S
16210,50473,50474,1,N
16203,50460,50474,14,S
16207,50468,50476,8,S
16211,50476,50478,2,S
16216,50484,50484,0,S
16217,50486,50486,0,N
16220,50492,50492,0,S
16224,50499,50500,1,N
16225,50500,50500,0,S
16230,50508,50508,0,S
16231,50512,50512,0,N
16234,50516,50516,0,S
16205,50464,50520,56,E
16204,50462,50520,58,W
16208,50470,50520,50,E
16206,50467,50520,53,W
16212,50476,50520,44,E
16209,50472,50520,48,W
16214,50482,50522,40,E
16213,50477,50522,45,W
16219,50488,50522,34,E
16215,50482,50522,40,W
16222,50494,50522,28,E
16218,50487,50522,35,W
16226,50500,50524,24,E
16221,50492,50524,32,W
16228,50506,50524,18,E
16223,50497,50524,27,W
16232,50512,50524,12,E
16227,50502,50524,22,W
16236,50518,50526,8,E
16229,50507,50526,19,W
16239,50524,50526,2,E
16233,50512,50526,14,W
16235,50517,50526,9,W
16237,50522,50528,6,W
16241,50527,50528,1,W
16242,50530,50530,0,E
16244,50532,50532,0,W
16245,50536,50536,0,E
16246,50537,50538,1,W
16249,50542,50542,0,E
16250,50542,50542,0,W
16253,50548,50548,0,E
16251,50547,50548,1,W
16255,50552,50552,0,W
16256,50554,50554,0,E
16258,50557,50558,1,W
16259,50560,50560,0,E
16260,50562,50562,0,W
16263,50566,50566,0,E
16264,50567,50568,1,W
16266,50572,50572,0,E
16267,50572,50572,0,W
16270,50578,50578,0,E
16269,50577,50578,1,W
16240,50525,50580,55,N
16238,50524,50580,56,S
16247,50538,50582,44,N
16243,50532,50582,50,S
16254,50551,50584,33,N
16248,50540,50584,44,S
16261,50564,50586,22,N
16252,50548,50586,38,S
16268,50577,50588,11,N
16257,50556,50588,32,S
16276,50590,50590,0,N
16262,50564,50590,26,S
16265,50572,50592,20,S
16271,50580,50594,14,S
16275,50588,50596,8,S
16279,50596,50598,2,S
16284,50603,50604,1,N
16285,50604,50604,0,S
16288,50612,50612,0,S
16291,50616,50616,0,N
16293,50620,50620,0,S
16298,50628,50628,0,S
16299,50629,50630,1,N
16302,50636,50636,0,S
16273,50584,50640,56,E
16272,50582,50640,58,W
16277,50590,50640,50,E
16274,50587,50640,53,W
16280,50596,50640,44,E
16278,50592,50640,48,W
16282,50602,50642,40,E
16281,50597,50642,45,W
16287,50608,50642,34,E
16283,50602,50642,40,W
16290,50614,50642,28,E
16286,50607,50642,35,W
16294,50620,50644,24,E
16289,50612,50644,32,W
16296,50626,50644,18,E
16292,50617,50644,27,W
16300,50632,50644,12,E
16295,50622,50644,22,W
16304,50638,50646,8,E
16297,50627,50646,19,W
16308,50644,50646,2,E
16301,50632,50646,14,W
16303,50637,50646,9,W
16306,50642,50648,6,W
16309,50647,50648,1,W
16310,50650,50650,0,E
16312,50652,50652,0,W
16314,50656,50656,0,E
16315,50657,50658,1,W
16317,50662,50662,0,E
16318,50662,50662,0,W
16322,50668,50668,0,E
16319,50667,50668,1,W
16323,50672,50672,0,W
16324,50674,50674,0,E
16326,50677,50678,1,W
16327,50680,50680,0,E
16329,50682,50682,0,W
16331,50686,50686,0,E
16332,50687,50688,1,W
16334,50692,50692,0,E
16335,50692,50692,0,W
16338,50698,50698,0,E
16337,50697,50698,1,W
16305,50642,50700,58,N
16307,50644,50700,56,S
16313,50655,50702,47,N
16311,50652,50702,50,S
16320,50668,50704,36,N
16316,50660,50704,44,S
16328,50681,50706,25,N
16321,50668,50706,38,S
16336,50694,50708,14,N
16325,50676,50708,32,S
16342,50707,50710,3,N
16330,50684,50710,26,S
16333,50692,50712,20,S
16339,50700,50714,14,S
16344,50708,50716,8,S
16347,50716,50718,2,S
16350,50720,50720,0,N
16353,50724,50724,0,S
16356,50732,50732,0,S
16358,50733,50734,1,N
16361,50740,50740,0,S
16364,50746,50746,0,N
16367,50748,50748,0,S
16370,50756,50756,0,S
16341,50704,50760,56,E
16340,50702,50760,58,W
16345,50710,50760,50,E
16343,50707,50760,53,W
16348,50716,50760,44,E
16346,50712,50760,48,W
16351,50722,50762,40,E
16349,50717,50762,45,W
16355,50728,50762,34,E
16352,50722,50762,40,W
16359,50734,50762,28,E
16354,50727,50762,35,W
16362,50740,50764,24,E
16357,50732,50764,32,W
16365,50746,50764,18,E
16360,50737,50764,27,W
16368,50752,50764,12,E
16363,50742,50764,22,W
16372,50758,50766,8,E
16366,50747,50766,19,W
16376,50764,50766,2,E
16369,50752,50766,14,W
16371,50757,50766,9,W
16374,50762,50768,6,W
16377,50767,50768,1,W
16378,50770,50770,0,E
16381,50772,50772,0,W
16382,50776,50776,0,E
16383,50777,50778,1,W
16385,50782,50782,0,E
16386,50782,50782,0,W
16390,50788,50788,0,E
16388,50787,50788,1,W
16391,50792,50792,0,W
16392,50794,50794,0,E
16394,50797,50798,1,W
16396,50800,50800,0,E
16397,50802,50802,0,W
16399,50806,50806,0,E
16400,50807,50808,1,W
16403,50812,50812,0,E
16404,50812,50812,0,W
16406,50818,50818,0,E
16405,50817,50818,1,W
16373,50759,50820,61,N
16375,50764,50820,56,S
16379,50772,50822,50,N
16380,50772,50822,50,S
16387,50785,50824,39,N
16384,50780,50824,44,S
16395,50798,50826,28,N
16389,50788,50826,38,S
16401,50811,50828,17,N
16393,50796,50828,32,S
16409,50824,50830,6,N
16398,50804,50830,26,S
16402,50812,50832,20,S
16407,50820,50834,14,S
16412,50828,50836,8,S
16417,50837,50838,1,N
16415,50836,50838,2,S
16421,50844,50844,0,S
16424,50850,50850,0,N
16425,50852,50852,0,S
16429,50860,50860,0,S
16432,50863,50864,1,N
16435,50868,50868,0,S
16438,50876,50876,0,N
16439,50876,50876,0,S
16410,50824,50880,56,E
16408,50822,50880,58,W
16413,50830,50880,50,E
16411,50827,50880,53,W
16416,50836,50880,44,E
16414,50832,50880,48,W
16419,50842,50882,40,E
16418,50837,50882,45,W
16423,50848,50882,34,E
16420,50842,50882,40,W
16427,50854,50882,28,E
16422,50847,50882,35,W
16430,50860,50884,24,E
16426,50852,50884,32,W
16433,50866,50884,18,E
16428,50857,50884,27,W
16436,50872,50884,12,E
16431,50862,50884,22,W
16441,50878,50886,8,E
16434,50867,50886,19,W
16444,50884,50886,2,E
16437,50872,50886,14,W
16440,50877,50886,9,W
16442,50882,50888,6,W
16445,50887,50888,1,W
16447,50890,50890,0,E
16449,50892,50892,0,W
16450,50896,50896,0,E
16451,50897,50898,1,W
16454,50902,50902,0,E
16455,50902,50902,0,W
16458,50908,50908,0,E
16456,50907,50908,1,W
16459,50912,50912,0,W
16460,50914,50914,0,E
16463,50917,50918,1,W
16464,50920,50920,0,E
16465,50922,50922,0,W
16467,50926,50926,0,E
16468,50927,50928,1,W
16471,50932,50932,0,E
16472,50932,50932,0,W
16474,50938,50938,0,E
16473,50937,50938,1,W
16446,50889,50940,51,N
16443,50884,50940,56,S
16453,50902,50942,40,N
16448,50892,50942,50,S
16461,50915,50944,29,N
16452,50900,50944,44,S
16469,50928,50946,18,N
16457,50908,50946,38,S
16476,50941,50948,7,N
16462,50916,50948,32,S
16466,50924,50950,26,S
16470,50932,50952,20,S
16483,50954,50954,0,N
16475,50940,50954,14,S
16480,50948,50956,8,S
16484,50956,50958,2,S
16489,50964,50964,0,S
16490,50967,50968,1,N
16493,50972,50972,0,S
16497,50980,50980,0,N
16498,50980,50980,0,S
16503,50988,50988,0,S
16506,50993,50994,1,N
16507,50996,50996,0,S
16478,50944,51000,56,E
16477,50942,51000,58,W
16481,50950,51000,50,E
16479,50947,51000,53,W
16485,50956,51000,44,E
16482,50952,51000,48,W
16487,50962,51002,40,E
16486,50957,51002,45,W
16492,50968,51002,34,E
16488,50962,51002,40,W
16495,50974,51002,28,E
16491,50967,51002,35,W
16499,50980,51004,24,E
16494,50972,51004,32,W
16501,50986,51004,18,E
16496,50977,51004,27,W
16504,50992,51004,12,E
16500,50982,51004,22,W
16509,50998,51006,8,E
16502,50987,51006,19,W
16512,51004,51006,2,E
16505,50992,51006,14,W
16508,50997,51006,9,W
16510,51002,51008,6,W
16514,51007,51008,1,W
16515,51010,51010,0,E
16517,51012,51012,0,W
16518,51016,51016,0,E
16519,51017,51018,1,W
16522,51022,51022,0,E
16523,51022,51022,0,W
16526,51028,51028,0,E
16524,51027,51028,1,W
16528,51032,51032,0,W
16529,51034,51034,0,E
16531,51037,51038,1,W
16532,51040,51040,0,E
16533,51042,51042,0,W
16536,51046,51046,0,E
16537,51047,51048,1,W
16539,51052,51052,0,E
16540,51052,51052,0,W
16543,51058,51058,0,E
16541,51057,51058,1,W
16513,51006,51060,54,N
16511,51004,51060,56,S
16520,51019,51062,43,N
16516,51012,51062,50,S
16527,51032,51064,32,N
16521,51020,51064,44,S
16535,51045,51066,21,N
16525,51028,51066,38,S
16542,51058,51068,10,N
16530,51036,51068,32,S
16534,51044,51070,26,S
16550,51071,51072,1,N
16538,51052,51072,20,S
16544,51060,51074,14,S
16548,51068,51076,8,S
16552,51076,51078,2,S
16557,51084,51084,0,N
16558,51084,51084,0,S
16561,51092,51092,0,S
16564,51097,51098,1,N
16566,51100,51100,0,S
16571,51108,51108,0,S
16572,51110,51110,0,N
16575,51116,51116,0,S
16546,51064,51120,56,E
16545,51062,51120,58,W
16549,51070,51120,50,E
16547,51067,51120,53,W
16553,51076,51120,44,E
16551,51072,51120,48,W
16555,51082,51122,40,E
16554,51077,51122,45,W
16560,51088,51122,34,E
16556,51082,51122,40,W
16563,51094,51122,28,E
16559,51087,51122,35,W
16567,51100,51124,24,E
16562,51092,51124,32,W
16569,51106,51124,18,E
16565,51097,51124,27,W
16573,51112,51124,12,E
16568,51102,51124,22,W
16577,51118,51126,8,E
16570,51107,51126,19,W
16581,51124,51126,2,E
16574,51112,51126,14,W
16576,51117,51126,9,W
16578,51122,51128,6,W
16582,51127,51128,1,W
16583,51130,51130,0,E
16585,51132,51132,0,W
16587,51136,51136,0,E
16588,51137,51138,1,W
16590,51142,51142,0,E
16591,51142,51142,0,W
16594,51148,51148,0,E
16592,51147,51148,1,W
16596,51152,51152,0,W
16597,51154,51154,0,E
16599,51157,51158,1,W
16600,51160,51160,0,E
16602,51162,51162,0,W
16604,51166,51166,0,E
16605,51167,51168,1,W
16607,51172,51172,0,E
16608,51172,51172,0,W
16611,51178,51178,0,E
16610,51177,51178,1,W
16579,51123,51180,57,N
16580,51124,51180,56,S
16586,51136,51182,46,N
16584,51132,51182,50,S
16595,51149,51184,35,N
16589,51140,51184,44,S
16601,51162,51186,24,N
16593,51148,51186,38,S
16609,51175,51188,13,N
16598,51156,51188,32,S
16616,51188,51190,2,N
16603,51164,51190,26,S
16606,51172,51192,20,S
16612,51180,51194,14,S
16617,51188,51196,8,S
16620,51196,51198,2,S
16623,51201,51202,1,N
16626,51204,51204,0,S
16629,51212,51212,0,S
16631,51214,51214,0,N
16634,51220,51220,0,S
16638,51227,51228,1,N
16640,51228,51228,0,S
16643,51236,51236,0,S
16614,51184,51240,56,E
16613,51182,51240,58,W
16618,51190,51240,50,E
16615,51187,51240,53,W
16621,51196,51240,44,E
16619,51192,51240,48,W
16624,51202,51242,40,E
16622,51197,51242,45,W
16628,51208,51242,34,E
16625,51202,51242,40,W
16632,51214,51242,28,E
16627,51207,51242,35,W
16635,51220,51244,24,E
16630,51212,51244,32,W
16637,51226,51244,18,E
16633,51217,51244,27,W
16641,51232,51244,12,E
16636,51222,51244,22,W
16645,51238,51246,8,E
16639,51227,51246,19,W
16649,51244,51246,2,E
16642,51232,51246,14,W
16644,51237,51246,9,W
16647,51242,51248,6,W
16650,51247,51248,1,W
16651,51250,51250,0,E
16653,51252,51252,0,W
16655,51256,51256,0,E
16656,51257,51258,1,W
16658,51262,51262,0,E
16659,51262,51262,0,W
16663,51268,51268,0,E
16661,51267,51268,1,W
16664,51272,51272,0,W
16665,51274,51274,0,E
16667,51277,51278,1,W
16669,51280,51280,0,E
16670,51282,51282,0,W
16672,51286,51286,0,E
16673,51287,51288,1,W
16676,51292,51292,0,E
16677,51292,51292,0,W
16679,51298,51298,0,E
16678,51297,51298,1,W
16646,51240,51300,60,N
16648,51244,51300,56,S
16654,51253,51302,49,N
16652,51252,51302,50,S
16660,51266,51304,38,N
16657,51260,51304,44,S
16668,51279,51306,27,N
16662,51268,51306,38,S
16674,51292,51308,16,N
16666,51276,51308,32,S
16683,51305,51310,5,N
16671,51284,51310,26,S
16675,51292,51312,20,S
16680,51300,51314,14,S
16685,51308,51316,8,S
16691,51318,51318,0,N
16688,51316,51318,2,S
16694,51324,51324,0,S
16697,51331,51332,1,N
16698,51332,51332,0,S
16702,51340,51340,0,S
16705,51344,51344,0,N
16708,51348,51348,0,S
16711,51356,51356,0,S
16712,51357,51358,1,N
16682,51304,51360,56,E
16681,51302,51360,58,W
16686,51310,51360,50,E
16684,51307,51360,53,W
16689,51316,51360,44,E
16687,51312,51360,48,W
16692,51322,51362,40,E
16690,51317,51362,45,W
16696,51328,51362,34,E
16693,51322,51362,40,W
16700,51334,51362,28,E
16695,51327,51362,35,W
16703,51340,51364,24,E
16699,51332,51364,32,W
16706,51346,51364,18,E
16701,51337,51364,27,W
16709,51352,51364,12,E
16704,51342,51364,22,W
16714,51358,51366,8,E
16707,51347,51366,19,W
16717,51364,51366,2,E
16710,51352,51366,14,W
16713,51357,51366,9,W
16715,51362,51368,6,W
16718,51367,51368,1,W
16720,51370,51370,0,E
16722,51372,51372,0,W
16723,51376,51376,0,E
16724,51377,51378,1,W
16726,51382,51382,0,E
16727,51382,51382,0,W
16731,51388,51388,0,E
16729,51387,51388,1,W
16732,51392,51392,0,W
16733,51394,51394,0,E
16736,51397,51398,1,W
16737,51400,51400,0,E
16738,51402,51402,0,W
16740,51406,51406,0,E
16741,51407,51408,1,W
16744,51412,51412,0,E
16745,51412,51412,0,W
16747,51418,51418,0,E
16746,51417,51418,1,W
16719,51370,51420,50,N
16716,51364,51420,56,S
16728,51383,51422,39,N
16721,51372,51422,50,S
16734,51396,51424,28,N
16725,51380,51424,44,S
16742,51409,51426,17,N
16730,51388,51426,38,S
16749,51422,51428,6,N
16735,51396,51428,32,S
16739,51404,51430,26,S
16743,51412,51432,20,S
16748,51420,51434,14,S
16756,51435,51436,1,N
16753,51428,51436,8,S
16757,51436,51438,2,S
16762,51444,51444,0,S
16764,51448,51448,0,N
16766,51452,51452,0,S
16770,51460,51460,0,S
16772,51461,51462,1,N
16776,51468,51468,0,S
16779,51474,51474,0,N
16780,51476,51476,0,S
16751,51424,51480,56,E
16750,51422,51480,58,W
16754,51430,51480,50,E
16752,51427,51480,53,W
16758,51436,51480,44,E
16755,51432,51480,48,W
16760,51442,51482,40,E
16759,51437,51482,45,W
16765,51448,51482,34,E
16761,51442,51482,40,W
16768,51454,51482,28,E
16763,51447,51482,35,W
16771,51460,51484,24,E
16767,51452,51484,32,W
16774,51466,51484,18,E
16769,51457,51484,27,W
16777,51472,51484,12,E
16773,51462,51484,22,W
16782,51478,51486,8,E
16775,51467,51486,19,W
16785,51484,51486,2,E
16778,51472,51486,14,W
16781,51477,51486,9,W
16783,51482,51488,6,W
16787,51487,51488,1,W
16788,51490,51490,0,E
16790,51492,51492,0,W
16791,51496,51496,0,E
16792,51497,51498,1,W
16795,51502,51502,0,E
16796,51502,51502,0,W
16799,51508,51508,0,E
16797,51507,51508,1,W
16800,51512,51512,0,W
16802,51514,51514,0,E
16804,51517,51518,1,W
16805,51520,51520,0,E
16806,51522,51522,0,W
16809,51526,51526,0,E
16810,51527,51528,1,W
16812,51532,51532,0,E
16813,51532,51532,0,W
16815,51538,51538,0,E
16814,51537,51538,1,W
16786,51487,51540,53,N
16784,51484,51540,56,S
16793,51500,51542,42,N
16789,51492,51542,50,S
16801,51513,51544,31,N
16794,51500,51544,44,S
16808,51526,51546,20,N
16798,51508,51546,38,S
16816,51539,51548,9,N
16803,51516,51548,32,S
16807,51524,51550,26,S
16823,51552,51552,0,N
16811,51532,51552,20,S
16817,51540,51554,14,S
16821,51548,51556,8,S
16825,51556,51558,2,S
16830,51564,51564,0,S
16831,51565,51566,1,N
16834,51572,51572,0,S
16838,51578,51578,0,N
16839,51580,51580,0,S
16844,51588,51588,0,S
16845,51591,51592,1,N
16848,51596,51596,0,S
16819,51544,51600,56,E
16818,51542,51600,58,W
16822,51550,51600,50,E
16820,51547,51600,53,W
16826,51556,51600,44,E
16824,51552,51600,48,W
16828,51562,51602,40,E
16827,51557,51602,45,W
16833,51568,51602,34,E
16829,51562,51602,40,W
16836,51574,51602,28,E
16832,51567,51602,35,W
16840,51580,51604,24,E
16835,51572,51604,32,W
16842,51586,51604,18,E
16837,51577,51604,27,W
16846,51592,51604,12,E
16841,51582,51604,22,W
16850,51598,51606,8,E
16843,51587,51606,19,W
16854,51604,51606,2,E
16847,51592,51606,14,W
16849,51597,51606,9,W
16851,51602,51608,6,W
16855,51607,51608,1,W
16856,51610,51610,0,E
16858,51612,51612,0,W
16859,51616,51616,0,E
16861,51617,51618,1,W
16863,51622,51622,0,E
16864,51622,51622,0,W
16867,51628,51628,0,E
16865,51627,51628,1,W
16869,51632,51632,0,W
16870,51634,51634,0,E
16872,51637,51638,1,W
16873,51640,51640,0,E
16874,51642,51642,0,W
16877,51646,51646,0,E
16878,51647,51648,1,W
16880,51652,51652,0,E
16881,51652,51652,0,W
16884,51658,51658,0,E
16883,51657,51658,1,W
16852,51604,51660,56,N
16853,51604,51660,56,S
16860,51617,51662,45,N
16857,51612,51662,50,S
16868,51630,51664,34,N
16862,51620,51664,44,S
16875,51643,51666,23,N
16866,51628,51666,38,S
16882,51656,51668,12,N
16871,51636,51668,32,S
16890,51669,51670,1,N
16876,51644,51670,26,S
16879,51652,51672,20,S
16885,51660,51674,14,S
16889,51668,51676,8,S
16893,51676,51678,2,S
16896,51682,51682,0,N
16899,51684,51684,0,S
16902,51692,51692,0,S
16905,51695,51696,1,N
16907,51700,51700,0,S
16912,51708,51708,0,N
16913,51708,51708,0,S
16916,51716,51716,0,S
16887,51664,51720,56,E
16886,51662,51720,58,W
16891,51670,51720,50,E
16888,51667,51720,53,W
16894,51676,51720,44,E
16892,51672,51720,48,W
16897,51682,51722,40,E
16895,51677,51722,45,W
16901,51688,51722,34,E
16898,51682,51722,40,W
16904,51694,51722,28,E
16900,51687,51722,35,W
16908,51700,51724,24,E
16903,51692,51724,32,W
16910,51706,51724,18,E
16906,51697,51724,27,W
16914,51712,51724,12,E
16909,51702,51724,22,W
16918,51718,51726,8,E
16911,51707,51726,19,W
16922,51724,51726,2,E
16915,51712,51726,14,W
16917,51717,51726,9,W
16920,51722,51728,6,W
16923,51727,51728,1,W
16924,51730,51730,0,E
16926,51732,51732,0,W
16928,51736,51736,0,E
16929,51737,51738,1,W
16931,51742,51742,0,E
16932,51742,51742,0,W
16936,51748,51748,0,E
16934,51747,51748,1,W
16937,51752,51752,0,W
16938,51754,51754,0,E
16940,51757,51758,1,W
16942,51760,51760,0,E
16943,51762,51762,0,W
16945,51766,51766,0,E
16946,51767,51768,1,W
16948,51772,51772,0,E
16949,51772,51772,0,W
16952,51778,51778,0,E
16951,51777,51778,1,W
16919,51721,51780,59,N
16921,51724,51780,56,S
16927,51734,51782,48,N
16925,51732,51782,50,S
16933,51747,51784,37,N
16930,51740,51784,44,S
16941,51760,51786,26,N
16935,51748,51786,38,S
16950,51773,51788,15,N
16939,51756,51788,32,S
16956,51786,51790,4,N
16944,51764,51790,26,S
16947,51772,51792,20,S
16953,51780,51794,14,S
16958,51788,51796,8,S
16961,51796,51798,2,S
16964,51799,51800,1,N
16967,51804,51804,0,S
16970,51812,51812,0,N
16971,51812,51812,0,S
16975,51820,51820,0,S
16978,51825,51826,1,N
16981,51828,51828,0,S
16984,51836,51836,0,S
16986,51838,51838,0,N
16955,51784,51840,56,E
16954,51782,51840,58,W
16959,51790,51840,50,E
16957,51787,51840,53,W
16962,51796,51840,44,E
16960,51792,51840,48,W
16965,51802,51842,40,E
16963,51797,51842,45,W
16969,51808,51842,34,E
16966,51802,51842,40,W
16973,51814,51842,28,E
16968,51807,51842,35,W
16976,51820,51844,24,E
16972,51812,51844,32,W
16979,51826,51844,18,E
16974,51817,51844,27,W
16982,51832,51844,12,E
16977,51822,51844,22,W
16987,51838,51846,8,E
16980,51827,51846,19,W
16990,51844,51846,2,E
16983,51832,51846,14,W
16985,51837,51846,9,W
16988,51842,51848,6,W
16991,51847,51848,1,W
16992,51850,51850,0,E
16995,51852,51852,0,W
16996,51856,51856,0,E
16997,51857,51858,1,W
16999,51862,51862,0,E
17000,51862,51862,0,W
17004,51868,51868,0,E
17002,51867,51868,1,W
17005,51872,51872,0,W
17006,51874,51874,0,E
17009,51877,51878,1,W
17010,51880,51880,0,E
17011,51882,51882,0,W
17013,51886,51886,0,E
17014,51887,51888,1,W
17017,51892,51892,0,E
17018,51892,51892,0,W
17020,51898,51898,0,E
17019,51897,51898,1,W
16993,51851,51900,49,N
16989,51844,51900,56,S
17001,51864,51902,38,N
16994,51852,51902,50,S
17008,51877,51904,27,N
16998,51860,51904,44,S
17015,51890,51906,16,N
17003,51868,51906,38,S
17023,51903,51908,5,N
17007,51876,51908,32,S
17012,51884,51910,26,S
17016,51892,51912,20,S
17021,51900,51914,14,S
17029,51916,51916,0,N
17026,51908,51916,8,S
17030,51916,51918,2,S
17035,51924,51924,0,S
17038,51929,51930,1,N
17039,51932,51932,0,S
17043,51940,51940,0,S
17045,51942,51942,0,N
17049,51948,51948,0,S
17052,51955,51956,1,N
17053,51956,51956,0,S
17024,51904,51960,56,E
17022,51902,51960,58,W
17027,51910,51960,50,E
17025,51907,51960,53,W
17031,51916,51960,44,E
17028,51912,51960,48,W
17033,51922,51962,40,E
17032,51917,51962,45,W
17037,51928,51962,34,E
17034,51922,51962,40,W
17041,51934,51962,28,E
17036,51927,51962,35,W
17044,51940,51964,24,E
17040,51932,51964,32,W
17047,51946,51964,18,E
17042,51937,51964,27,W
17050,51952,51964,12,E
17046,51942,51964,22,W
17055,51958,51966,8,E
17048,51947,51966,19,W
17058,51964,51966,2,E
17051,51952,51966,14,W
17054,51957,51966,9,W
17056,51962,51968,6,W
17059,51967,51968,1,W
17061,51970,51970,0,E
17063,51972,51972,0,W
17064,51976,51976,0,E
17065,51977,51978,1,W
17068,51982,51982,0,E
17069,51982,51982,0,W
17072,51988,51988,0,E
17070,51987,51988,1,W
17073,51992,51992,0,W
17075,51994,51994,0,E
17077,51997,51998,1,W
17078,52000,52000,0,E
17079,52002,52002,0,W
17081,52006,52006,0,E
17083,52007,52008,1,W
17085,52012,52012,0,E
17086,52012,52012,0,W
17088,52018,52018,0,E
17087,52017,52018,1,W
17060,51968,52020,52,N
17057,51964,52020,56,S
17067,51981,52022,41,N
17062,51972,52022,50,S
17074,51994,52024,30,N
17066,51980,52024,44,S
17082,52007,52026,19,N
17071,51988,52026,38,S
17089,52020,52028,8,N
17076,51996,52028,32,S
17080,52004,52030,26,S
17084,52012,52032,20,S
17097,52033,52034,1,N
17090,52020,52034,14,S
17094,52028,52036,8,S
17098,52036,52038,2,S
17103,52044,52044,0,S
17104,52046,52046,0,N
17107,52052,52052,0,S
17111,52059,52060,1,N
17112,52060,52060,0,S
17117,52068,52068,0,S
17118,52072,52072,0,N
17121,52076,52076,0,S
17092,52024,52080,56,E
17091,52022,52080,58,W
17095,52030,52080,50,E
17093,52027,52080,53,W
17099,52036,52080,44,E
17096,52032,52080,48,W
17101,52042,52082,40,E
17100,52037,52082,45,W
17106,52048,52082,34,E
17102,52042,52082,40,W
17109,52054,52082,28,E
17105,52047,52082,35,W
17113,52060,52084,24,E
17108,52052,52084,32,W
17115,52066,52084,18,E
17110,52057,52084,27,W
17119,52072,52084,12,E
17114,52062,52084,22,W
17123,52078,52086,8,E
17116,52067,52086,19,W
17126,52084,52086,2,E
17120,52072,52086,14,W
17122,52077,52086,9,W
17124,52082,52088,6,W
17128,52087,52088,1,W
17129,52090,52090,0,E
17131,52092,52092,0,W
17132,52096,52096,0,E
17133,52097,52098,1,W
17136,52102,52102,0,E
17137,52102,52102,0,W
17140,52108,52108,0,E
17138,52107,52108,1,W
17142,52112,52112,0,W
17143,52114,52114,0,E
17145,52117,52118,1,W
17146,52120,52120,0,E
17147,52122,52122,0,W
17150,52126,52126,0,E
17151,52127,52128,1,W
17153,52132,52132,0,E
17154,52132,52132,0,W
17157,52138,52138,0,E
17156,52137,52138,1,W
17127,52085,52140,55,N
17125,52084,52140,56,S
17134,52098,52142,44,N
17130,52092,52142,50,S
17141,52111,52144,33,N
17135,52100,52144,44,S
17148,52124,52146,22,N
17139,52108,52146,38,S
17155,52137,52148,11,N
17144,52116,52148,32,S
17163,52150,52150,0,N
17149,52124,52150,26,S
17152,52132,52152,20,S
17158,52140,52154,14,S
17162,52148,52156,8,S
17166,52156,52158,2,S
17171,52163,52164,1,N
17172,52164,52164,0,S
17175,52172,52172,0,S
17178,52176,52176,0,N
17180,52180,52180,0,S
17185,52188,52188,0,S
17186,52189,52190,1,N
17189,52196,52196,0,S
17160,52144,52200,56,E
17159,52142,52200,58,W
17164,52150,52200,50,E
17161,52147,52200,53,W
17167,52156,52200,44,E
17165,52152,52200,48,W
17169,52162,52202,40,E
17168,52157,52202,45,W
17174,52168,52202,34,E
17170,52162,52202,40,W
17177,52174,52202,28,E
17173,52167,52202,35,W
17181,52180,52204,24,E
17176,52172,52204,32,W
17183,52186,52204,18,E
17179,52177,52204,27,W
17187,52192,52204,12,E
17182,52182,52204,22,W
17191,52198,52206,8,E
17184,52187,52206,19,W
17195,52204,52206,2,E
17188,52192,52206,14,W
17190,52197,52206,9,W
17193,52202,52208,6,W
17196,52207,52208,1,W
17197,52210,52210,0,E
17199,52212,52212,0,W
17201,52216,52216,0,E
17202,52217,52218,1,W
17204,52222,52222,0,E
17205,52222,52222,0,W
17209,52228,52228,0,E
17206,52227,52228,1,W
17210,52232,52232,0,W
17211,52234,52234,0,E
17213,52237,52238,1,W
17214,52240,52240,0,E
17216,52242,52242,0,W
17218,52246,52246,0,E
17219,52247,52248,1,W
17221,52252,52252,0,E
17222,52252,52252,0,W
17225,52258,52258,0,E
17224,52257,52258,1,W
17192,52202,52260,58,N
17194,52204,52260,56,S
17200,52215,52262,47,N
17198,52212,52262,50,S
17207,52228,52264,36,N
17203,52220,52264,44,S
17215,52241,52266,25,N
17208,52228,52266,38,S
17223,52254,52268,14,N
17212,52236,52268,32,S
17229,52267,52270,3,N
17217,52244,52270,26,S
17220,52252,52272,20,S
17226,52260,52274,14,S
17231,52268,52276,8,S
17234,52276,52278,2,S
17237,52280,52280,0,N
17240,52284,52284,0,S
17243,52292,52292,0,S
17245,52293,52294,1,N
17248,52300,52300,0,S
17251,52306,52306,0,N
17254,52308,52308,0,S
17257,52316,52316,0,S
17228,52264,52320,56,E
17227,52262,52320,58,W
17232,52270,52320,50,E
17230,52267,52320,53,W
17235,52276,52320,44,E
17233,52272,52320,48,W
17238,52282,52322,40,E
17236,52277,52322,45,W
17242,52288,52322,34,E
17239,52282,52322,40,W
17246,52294,52322,28,E
17241,52287,52322,35,W
17249,52300,52324,24,E
17244,52292,52324,32,W
17252,52306,52324,18,E
17247,52297,52324,27,W
17255,52312,52324,12,E
17250,52302,52324,22,W
17259,52318,52326,8,E
17253,52307,52326,19,W
17263,52324,52326,2,E
17256,52312,52326,14,W
17258,52317,52326,9,W
17261,52322,52328,6,W
17264,52327,52328,1,W
17265,52330,52330,0,E
17268,52332,52332,0,W
17269,52336,52336,0,E
17270,52337,52338,1,W
17272,52342,52342,0,E
17273,52342,52342,0,W
17277,52348,52348,0,E
17275,52347,52348,1,W
17278,52352,52352,0,W
17279,52354,52354,0,E
17281,52357,52358,1,W
17283,52360,52360,0,E
17284,52362,52362,0,W
17286,52366,52366,0,E
17287,52367,52368,1,W
17290,52372,52372,0,E
17291,52372,52372,0,W
17293,52378,52378,0,E
17292,52377,52378,1,W
17260,52319,52380,61,N
17262,52324,52380,56,S
17266,52332,52382,50,N
17267,52332,52382,50,S
17274,52345,52384,39,N
17271,52340,52384,44,S
17282,52358,52386,28,N
17276,52348,52386,38,S
17288,52371,52388,17,N
17280,52356,52388,32,S
17296,52384,52390,6,N
17285,52364,52390,26,S
17289,52372,52392,20,S
17294,52380,52394,14,S
17299,52388,52396,8,S
17304,52397,52398,1,N
17302,52396,52398,2,S
17308,52404,52404,0,S
17311,52410,52410,0,N
17312,52412,52412,0,S
17316,52420,52420,0,S
17319,52423,52424,1,N
17322,52428,52428,0,S
17325,52436,52436,0,N
17326,52436,52436,0,S
17297,52384,52440,56,E
17295,52382,52440,58,W
17300,52390,52440,50,E
17298,52387,52440,53,W
17303,52396,52440,44,E
17301,52392,52440,48,W
17306,52402,52442,40,E
17305,52397,52442,45,W
17310,52408,52442,34,E
17307,52402,52442,40,W
17314,52414,52442,28,E
17309,52407,52442,35,W
17317,52420,52444,24,E
17313,52412,52444,32,W
17320,52426,52444,18,E
17315,52417,52444,27,W
17323,52432,52444,12,E
17318,52422,52444,22,W
17328,52438,52446,8,E
17321,52427,52446,19,W
17331,52444,52446,2,E
17324,52432,52446,14,W
17327,52437,52446,9,W
17329,52442,52448,6,W
17332,52447,52448,1,W
17334,52450,52450,0,E
17336,52452,52452,0,W
17337,52456,52456,0,E
17338,52457,52458,1,W
17341,52462,52462,0,E
17342,52462,52462,0,W
17345,52468,52468,0,E
17343,52467,52468,1,W
17346,52472,52472,0,W
17347,52474,52474,0,E
17350,52477,52478,1,W
17351,52480,52480,0,E
17352,52482,52482,0,W
17354,52486,52486,0,E
17355,52487,52488,1,W
17358,52492,52492,0,E
17359,52492,52492,0,W
17361,52498,52498,0,E
17360,52497,52498,1,W
17333,52449,52500,51,N
17330,52444,52500,56,S
17340,52462,52502,40,N
17335,52452,52502,50,S
17348,52475,52504,29,N
17339,52460,52504,44,S
17356,52488,52506,18,N
17344,52468,52506,38,S
17363,52501,52508,7,N
17349,52476,52508,32,S
17353,52484,52510,26,S
17357,52492,52512,20,S
17370,52514,52514,0,N
17362,52500,52514,14,S
17367,52508,52516,8,S
17371,52516,52518,2,S
17376,52524,52524,0,S
17377,52527,52528,1,N
17380,52532,52532,0,S
17384,52540,52540,0,N
17385,52540,52540,0,S
17390,52548,52548,0,S
17393,52553,52554,1,N
17394,52556,52556,0,S
17365,52504,52560,56,E
17364,52502,52560,58,W
17368,52510,52560,50,E
17366,52507,52560,53,W
17372,52516,52560,44,E
17369,52512,52560,48,W
17374,52522,52562,40,E
17373,52517,52562,45,W
17379,52528,52562,34,E
17375,52522,52562,40,W
17382,52534,52562,28,E
17378,52527,52562,35,W
17386,52540,52564,24,E
17381,52532,52564,32,W
17388,52546,52564,18,E
17383,52537,52564,27,W
17391,52552,52564,12,E
17387,52542,52564,22,W
17396,52558,52566,8,E
17389,52547,52566,19,W
17399,52564,52566,2,E
17392,52552,52566,14,W
17395,52557,52566,9,W
17397,52562,52568,6,W
17401,52567,52568,1,W
17402,52570,52570,0,E
17404,52572,52572,0,W
17405,52576,52576,0,E
17406,52577,52578,1,W
17409,52582,52582,0,E
17410,52582,52582,0,W
17413,52588,52588,0,E
17411,52587,52588,1,W
17415,52592,52592,0,W
17416,52594,52594,0,E
17418,52597,52598,1,W
17419,52600,52600,0,E
17420,52602,52602,0,W
17423,52606,52606,0,E
17424,52607,52608,1,W
17426,52612,52612,0,E
17427,52612,52612,0,W
17430,52618,52618,0,E
17428,52617,52618,1,W
17400,52566,52620,54,N
17398,52564,52620,56,S
17407,52579,52622,43,N
17403,52572,52622,50,S
17414,52592,52624,32,N
17408,52580,52624,44,S
17422,52605,52626,21,N
17412,52588,52626,38,S
17429,52618,52628,10,N
17417,52596,52628,32,S
17421,52604,52630,26,S
17437,52631,52632,1,N
17425,52612,52632,20,S
17431,52620,52634,14,S
17435,52628,52636,8,S
17439,52636,52638,2,S
17444,52644,52644,0,N
17445,52644,52644,0,S
17448,52652,52652,0,S
17451,52657,52658,1,N
17453,52660,52660,0,S
17458,52668,52668,0,S
17459,52670,52670,0,N
17462,52676,52676,0,S
17433,52624,52680,56,E
17432,52622,52680,58,W
17436,52630,52680,50,E
17434,52627,52680,53,W
17440,52636,52680,44,E
17438,52632,52680,48,W
17442,52642,52682,40,E
17441,52637,52682,45,W
17447,52648,52682,34,E
17443,52642,52682,40,W
17450,52654,52682,28,E
17446,52647,52682,35,W
17454,52660,52684,24,E
17449,52652,52684,32,W
17456,52666,52684,18,E
17452,52657,52684,27,W
17460,52672,52684,12,E
17455,52662,52684,22,W
17464,52678,52686,8,E
17457,52667,52686,19,W
17468,52684,52686,2,E
17461,52672,52686,14,W
17463,52677,52686,9,W
17465,52682,52688,6,W
17469,52687,52688,1,W
17470,52690,52690,0,E
17472,52692,52692,0,W
17474,52696,52696,0,E
17475,52697,52698,1,W
17477,52702,52702,0,E
17478,52702,52702,0,W
17481,52708,52708,0,E
17479,52707,52708,1,W
17483,52712,52712,0,W
17484,52714,52714,0,E
17486,52717,52718,1,W
17487,52720,52720,0,E
17489,52722,52722,0,W
17491,52726,52726,0,E
17492,52727,52728,1,W
17494,52732,52732,0,E
17495,52732,52732,0,W
17498,52738,52738,0,E
17497,52737,52738,1,W
17466,52683,52740,57,N
17467,52684,52740,56,S
17473,52696,52742,46,N
17471,52692,52742,50,S
17482,52709,52744,35,N
17476,52700,52744,44,S
17488,52722,52746,24,N
17480,52708,52746,38,S
17496,52735,52748,13,N
17485,52716,52748,32,S
17503,52748,52750,2,N
17490,52724,52750,26,S
17493,52732,52752,20,S
17499,52740,52754,14,S
17504,52748,52756,8,S
17507,52756,52758,2,S
17510,52761,52762,1,N
17513,52764,52764,0,S
17516,52772,52772,0,S
17518,52774,52774,0,N
17521,52780,52780,0,S
17525,52787,52788,1,N
17527,52788,52788,0,S
17530,52796,52796,0,S
17501,52744,52800,56,E
17500,52742,52800,58,W
17505,52750,52800,50,E
17502,52747,52800,53,W
17508,52756,52800,44,E
17506,52752,52800,48,W
17511,52762,52802,40,E
17509,52757,52802,45,W
17515,52768,52802,34,E
17512,52762,52802,40,W
17519,52774,52802,28,E
17514,52767,52802,35,W
17522,52780,52804,24,E
17517,52772,52804,32,W
17524,52786,52804,18,E
17520,52777,52804,27,W
17528,52792,52804,12,E
17523,52782,52804,22,W
17532,52798,52806,8,E
17526,52787,52806,19,W
17536,52804,52806,2,E
17529,52792,52806,14,W
17531,52797,52806,9,W
17534,52802,52808,6,W
17537,52807,52808,1,W
17538,52810,52810,0,E
17540,52812,52812,0,W
17542,52816,52816,0,E
17543,52817,52818,1,W
17545,52822,52822,0,E
17546,52822,52822,0,W
17550,52828,52828,0,E
17548,52827,52828,1,W
17551,52832,52832,0,W
17552,52834,52834,0,E
17554,52837,52838,1,W
17556,52840,52840,0,E
17557,52842,52842,0,W
17559,52846,52846,0,E
17560,52847,52848,1,W
17563,52852,52852,0,E
17564,52852,52852,0,W
17566,52858,52858,0,E
17565,52857,52858,1,W
17533,52800,52860,60,N
17535,52804,52860,56,S
17541,52813,52862,49,N
17539,52812,52862,50,S
17547,52826,52864,38,N
17544,52820,52864,44,S
17555,52839,52866,27,N
17549,52828,52866,38,S
17561,52852,52868,16,N
17553,52836,52868,32,S
17570,52865,52870,5,N
17558,52844,52870,26,S
17562,52852,52872,20,S
17567,52860,52874,14,S
17572,52868,52876,8,S
17578,52878,52878,0,N
17575,52876,52878,2,S
17581,52884,52884,0,S
17584,52891,52892,1,N
17585,52892,52892,0,S
17589,52900,52900,0,S
17592,52904,52904,0,N
17595,52908,52908,0,S
17598,52916,52916,0,S
17599,52917,52918,1,N
17569,52864,52920,56,E
17568,52862,52920,58,W
17573,52870,52920,50,E
17571,52867,52920,53,W
17576,52876,52920,44,E
17574,52872,52920,48,W
17579,52882,52922,40,E
17577,52877,52922,45,W
17583,52888,52922,34,E
17580,52882,52922,40,W
17587,52894,52922,28,E
17582,52887,52922,35,W
17590,52900,52924,24,E
17586,52892,52924,32,W
17593,52906,52924,18,E
17588,52897,52924,27,W
17596,52912,52924,12,E
17591,52902,52924,22,W
17601,52918,52926,8,E
17594,52907,52926,19,W
17604,52924,52926,2,E
17597,52912,52926,14,W
17600,52917,52926,9,W
17602,52922,52928,6,W
17605,52927,52928,1,W
17607,52930,52930,0,E
17609,52932,52932,0,W
17610,52936,52936,0,E
17611,52937,52938,1,W
17613,52942,52942,0,E
17614,52942,52942,0,W
17618,52948,52948,0,E
17616,52947,52948,1,W
17619,52952,52952,0,W
17620,52954,52954,0,E
17623,52957,52958,1,W
17624,52960,52960,0,E
17625,52962,52962,0,W
17627,52966,52966,0,E
17628,52967,52968,1,W
17631,52972,52972,0,E
17632,52972,52972,0,W
17634,52978,52978,0,E
17633,52977,52978,1,W
17606,52930,52980,50,N
17603,52924,52980,56,S
17615,52943,52982,39,N
17608,52932,52982,50,S
17621,52956,52984,28,N
17612,52940,52984,44,S
17629,52969,52986,17,N
17617,52948,52986,38,S
17636,52982,52988,6,N
17622,52956,52988,32,S
17626,52964,52990,26,S
17630,52972,52992,20,S
17635,52980,52994,14,S
17643,52995,52996,1,N
17640,52988,52996,8,S
17644,52996,52998,2,S
17649,53004,53004,0,S
17651,53008,53008,0,N
17653,53012,53012,0,S
17657,53020,53020,0,S
17659,53021,53022,1,N
17663,53028,53028,0,S
17666,53034,53034,0,N
17667,53036,53036,0,S
17638,52984,53040,56,E
17637,52982,53040,58,W
17641,52990,53040,50,E
17639,52987,53040,53,W
17645,52996,53040,44,E
17642,52992,53040,48,W
17647,53002,53042,40,E
17646,52997,53042,45,W
17652,53008,53042,34,E
17648,53002,53042,40,W
17655,53014,53042,28,E
17650,53007,53042,35,W
17658,53020,53044,24,E
17654,53012,53044,32,W
17661,53026,53044,18,E
17656,53017,53044,27,W
17664,53032,53044,12,E
17660,53022,53044,22,W
17669,53038,53046,8,E
17662,53027,53046,19,W
17672,53044,53046,2,E
17665,53032,53046,14,W
17668,53037,53046,9,W
17670,53042,53048,6,W
17674,53047,53048,1,W
17675,53050,53050,0,E
17677,53052,53052,0,W
17678,53056,53056,0,E
17679,53057,53058,1,W
17682,53062,53062,0,E
17683,53062,53062,0,W
17686,53068,53068,0,E
17684,53067,53068,1,W
17687,53072,53072,0,W
17689,53074,53074,0,E
17691,53077,53078,1,W
17692,53080,53080,0,E
17693,53082,53082,0,W
17696,53086,53086,0,E
17697,53087,53088,1,W
17699,53092,53092,0,E
17700,53092,53092,0,W
17702,53098,53098,0,E
17701,53097,53098,1,W
17673,53047,53100,53,N
17671,53044,53100,56,S
17680,53060,53102,42,N
17676,53052,53102,50,S
17688,53073,53104,31,N
17681,53060,53104,44,S
17695,53086,53106,20,N
17685,53068,53106,38,S
17703,53099,53108,9,N
17690,53076,53108,32,S
17694,53084,53110,26,S
17710,53112,53112,0,N
17698,53092,53112,20,S
17704,53100,53114,14,S
17708,53108,53116,8,S
17712,53116,53118,2,S
17717,53124,53124,0,S
17718,53125,53126,1,N
17721,53132,53132,0,S
17725,53138,53138,0,N
17726,53140,53140,0,S
17731,53148,53148,0,S
17732,53151,53152,1,N
17735,53156,53156,0,S
17706,53104,53160,56,E
17705,53102,53160,58,W
17709,53110,53160,50,E
17707,53107,53160,53,W
17713,53116,53160,44,E
17711,53112,53160,48,W
17715,53122,53162,40,E
17714,53117,53162,45,W
17720,53128,53162,34,E
17716,53122,53162,40,W
17723,53134,53162,28,E
17719,53127,53162,35,W
17727,53140,53164,24,E
17722,53132,53164,32,W
17729,53146,53164,18,E
17724,53137,53164,27,W
17733,53152,53164,12,E
17728,53142,53164,22,W
17737,53158,53166,8,E
17730,53147,53166,19,W
17741,53164,53166,2,E
17734,53152,53166,14,W
17736,53157,53166,9,W
17738,53162,53168,6,W
17742,53167,53168,1,W
17743,53170,53170,0,E
17745,53172,53172,0,W
17746,53176,53176,0,E
17748,53177,53178,1,W
17750,53182,53182,0,E
17751,53182,53182,0,W
17754,53188,53188,0,E
17752,53187,53188,1,W
17756,53192,53192,0,W
17757,53194,53194,0,E
17759,53197,53198,1,W
17760,53200,53200,0,E
17761,53202,53202,0,W
17764,53206,53206,0,E
17765,53207,53208,1,W
17767,53212,53212,0,E
17768,53212,53212,0,W
17771,53218,53218,0,E
17770,53217,53218,1,W
17739,53164,53220,56,N
17740,53164,53220,56,S
17747,53177,53222,45,N
17744,53172,53222,50,S
17755,53190,53224,34,N
17749,53180,53224,44,S
17762,53203,53226,23,N
17753,53188,53226,38,S
17769,53216,53228,12,N
17758,53196,53228,32,S
17777,53229,53230,1,N
17763,53204,53230,26,S
17766,53212,53232,20,S
17772,53220,53234,14,S
17776,53228,53236,8,S
17780,53236,53238,2,S
17783,53242,53242,0,N
17786,53244,53244,0,S
17789,53252,53252,0,S
17792,53255,53256,1,N
17794,53260,53260,0,S
17799,53268,53268,0,N
17800,53268,53268,0,S
17803,53276,53276,0,S
17774,53224,53280,56,E
17773,53222,53280,58,W
17778,53230,53280,50,E
17775,53227,53280,53,W
17781,53236,53280,44,E
17779,53232,53280,48,W
17784,53242,53282,40,E
17782,53237,53282,45,W
17788,53248,53282,34,E
17785,53242,53282,40,W
17791,53254,53282,28,E
17787,53247,53282,35,W
17795,53260,53284,24,E
17790,53252,53284,32,W
17797,53266,53284,18,E
17793,53257,53284,27,W
17801,53272,53284,12,E
17796,53262,53284,22,W
17805,53278,53286,8,E
17798,53267,53286,19,W
17809,53284,53286,2,E
17802,53272,53286,14,W
17804,53277,53286,9,W
17807,53282,53288,6,W
17810,53287,53288,1,W
17811,53290,53290,0,E
17813,53292,53292,0,W
17815,53296,53296,0,E
17816,53297,53298,1,W
17818,53302,53302,0,E
17819,53302,53302,0,W
17823,53308,53308,0,E
17821,53307,53308,1,W
17824,53312,53312,0,W
17825,53314,53314,0,E
17827,53317,53318,1,W
17829,53320,53320,0,E
17830,53322,53322,0,W
17832,53326,53326,0,E
17833,53327,53328,1,W
17835,53332,53332,0,E
17836,53332,53332,0,W
17839,53338,53338,0,E
17838,53337,53338,1,W
17806,53281,53340,59,N
17808,53284,53340,56,S
17814,53294,53342,48,N
17812,53292,53342,50,S
17820,53307,53344,37,N
17817,53300,53344,44,S
17828,53320,53346,26,N
17822,53308,53346,38,S
17837,53333,53348,15,N
17826,53316,53348,32,S
17843,53346,53350,4,N
17831,53324,53350,26,S
17834,53332,53352,20,S
17840,53340,53354,14,S
17845,53348,53356,8,S
17848,53356,53358,2,S
17851,53359,53360,1,N
17854,53364,53364,0,S
17857,53372,53372,0,N
17858,53372,53372,0,S
17862,53380,53380,0,S
17865,53385,53386,1,N
17868,53388,53388,0,S
17871,53396,53396,0,S
17873,53398,53398,0,N
17842,53344,53400,56,E
17841,53342,53400,58,W
17846,53350,53400,50,E
17844,53347,53400,53,W
17849,53356,53400,44,E
17847,53352,53400,48,W
17852,53362,53402,40,E
17850,53357,53402,45,W
17856,53368,53402,34,E
17853,53362,53402,40,W
17860,53374,53402,28,E
17855,53367,53402,35,W
17863,53380,53404,24,E
17859,53372,53404,32,W
17866,53386,53404,18,E
17861,53377,53404,27,W
17869,53392,53404,12,E
17864,53382,53404,22,W
17874,53398,53406,8,E
17867,53387,53406,19,W
17877,53404,53406,2,E
17870,53392,53406,14,W
17872,53397,53406,9,W
17875,53402,53408,6,W
17878,53407,53408,1,W
17879,53410,53410,0,E
17882,53412,53412,0,W
17883,53416,53416,0,E
17884,53417,53418,1,W
17886,53422,53422,0,E
17887,53422,53422,0,W
17891,53428,53428,0,E
17889,53427,53428,1,W
17892,53432,53432,0,W
17893,53434,53434,0,E
17896,53437,53438,1,W
17897,53440,53440,0,E
17898,53442,53442,0,W
17900,53446,53446,0,E
17901,53447,53448,1,W
17904,53452,53452,0,E
17905,53452,53452,0,W
17907,53458,53458,0,E
17906,53457,53458,1,W
17880,53411,53460,49,N
17876,53404,53460,56,S
17888,53424,53462,38,N
17881,53412,53462,50,S
17895,53437,53464,27,N
17885,53420,53464,44,S
17902,53450,53466,16,N
17890,53428,53466,38,S
17910,53463,53468,5,N
17894,53436,53468,32,S
17899,53444,53470,26,S
17903,53452,53472,20,S
17908,53460,53474,14,S
17916,53476,53476,0,N
17913,53468,53476,8,S
17917,53476,53478,2,S
17922,53484,53484,0,S
17925,53489,53490,1,N
17926,53492,53492,0,S
17930,53500,53500,0,S
17932,53502,53502,0,N
17936,53508,53508,0,S
17939,53515,53516,1,N
17940,53516,53516,0,S
17911,53464,53520,56,E
17909,53462,53520,58,W
17914,53470,53520,50,E
17912,53467,53520,53,W
17918,53476,53520,44,E
17915,53472,53520,48,W
17920,53482,53522,40,E
17919,53477,53522,45,W
17924,53488,53522,34,E
17921,53482,53522,40,W
17928,53494,53522,28,E
17923,53487,53522,35,W
17931,53500,53524,24,E
17927,53492,53524,32,W
17934,53506,53524,18,E
17929,53497,53524,27,W
17937,53512,53524,12,E
17933,53502,53524,22,W
17942,53518,53526,8,E
17935,53507,53526,19,W
17945,53524,53526,2,E
17938,53512,53526,14,W
17941,53517,53526,9,W
17943,53522,53528,6,W
17946,53527,53528,1,W
17948,53530,53530,0,E
17950,53532,53532,0,W
17951,53536,53536,0,E
17952,53537,53538,1,W
17955,53542,53542,0,E
17956,53542,53542,0,W
17959,53548,53548,0,E
17957,53547,53548,1,W
17960,53552,53552,0,W
17962,53554,53554,0,E
17964,53557,53558,1,W
17965,53560,53560,0,E
17966,53562,53562,0,W
17968,53566,53566,0,E
17970,53567,53568,1,W
17972,53572,53572,0,E
17973,53572,53572,0,W
17975,53578,53578,0,E
17974,53577,53578,1,W
17947,53528,53580,52,N
17944,53524,53580,56,S
17954,53541,53582,41,N
17949,53532,53582,50,S
17961,53554,53584,30,N
17953,53540,53584,44,S
17969,53567,53586,19,N
17958,53548,53586,38,S
17976,53580,53588,8,N
17963,53556,53588,32,S
17967,53564,53590,26,S
17971,53572,53592,20,S
17984,53593,53594,1,N
17977,53580,53594,14,S
17981,53588,53596,8,S
17985,53596,53598,2,S
17990,53604,53604,0,S
17991,53606,53606,0,N
17994,53612,53612,0,S
17998,53619,53620,1,N
17999,53620,53620,0,S
18004,53628,53628,0,S
18005,53632,53632,0,N
18008,53636,53636,0,S
17979,53584,53640,56,E
17978,53582,53640,58,W
17982,53590,53640,50,E
17980,53587,53640,53,W
17986,53596,53640,44,E
17983,53592,53640,48,W
17988,53602,53642,40,E
17987,53597,53642,45,W
17993,53608,53642,34,E
17989,53602,53642,40,W
17996,53614,53642,28,E
17992,53607,53642,35,W
18000,53620,53644,24,E
17995,53612,53644,32,W
18002,53626,53644,18,E
17997,53617,53644,27,W
18006,53632,53644,12,E
18001,53622,53644,22,W
18010,53638,53646,8,E
18003,53627,53646,19,W
18013,53644,53646,2,E
18007,53632,53646,14,W
18009,53637,53646,9,W
18011,53642,53648,6,W
18015,53647,53648,1,W
18016,53650,53650,0,E
18018,53652,53652,0,W
18019,53656,53656,0,E
18020,53657,53658,1,W
18023,53662,53662,0,E
18024,53662,53662,0,W
18027,53668,53668,0,E
18025,53667,53668,1,W
18029,53672,53672,0,W
18030,53674,53674,0,E
18032,53677,53678,1,W
18033,53680,53680,0,E
18034,53682,53682,0,W
18037,53686,53686,0,E
18038,53687,53688,1,W
18040,53692,53692,0,E
18041,53692,53692,0,W
18044,53698,53698,0,E
18043,53697,53698,1,W
18014,53645,53700,55,N
18012,53644,53700,56,S
18021,53658,53702,44,N
18017,53652,53702,50,S
18028,53671,53704,33,N
18022,53660,53704,44,S
18035,53684,53706,22,N
18026,53668,53706,38,S
18042,53697,53708,11,N
18031,53676,53708,32,S
18050,53710,53710,0,N
18036,53684,53710,26,S
18039,53692,53712,20,S
18045,53700,53714,14,S
18049,53708,53716,8,S
18053,53716,53718,2,S
18058,53723,53724,1,N
18059,53724,53724,0,S
18062,53732,53732,0,S
18065,53736,53736,0,N
18067,53740,53740,0,S
18072,53748,53748,0,S
18073,53749,53750,1,N
18076,53756,53756,0,S
18047,53704,53760,56,E
18046,53702,53760,58,W
18051,53710,53760,50,E
18048,53707,53760,53,W
18054,53716,53760,44,E
18052,53712,53760,48,W
18056,53722,53762,40,E
18055,53717,53762,45,W
18061,53728,53762,34,E
18057,53722,53762,40,W
18064,53734,53762,28,E
18060,53727,53762,35,W
18068,53740,53764,24,E
18063,53732,53764,32,W
18070,53746,53764,18,E
18066,53737,53764,27,W
18074,53752,53764,12,E
18069,53742,53764,22,W
18078,53758,53766,8,E
18071,53747,53766,19,W
18082,53764,53766,2,E
18075,53752,53766,14,W
18077,53757,53766,9,W
18080,53762,53768,6,W
18083,53767,53768,1,W
18084,53770,53770,0,E
18086,53772,53772,0,W
18088,53776,53776,0,E
18089,53777,53778,1,W
18091,53782,53782,0,E
18092,53782,53782,0,W
18096,53788,53788,0,E
18093,53787,53788,1,W
18097,53792,53792,0,W
18098,53794,53794,0,E
18100,53797,53798,1,W
18101,53800,53800,0,E
18103,53802,53802,0,W
18105,53806,53806,0,E
18106,53807,53808,1,W
18108,53812,53812,0,E
18109,53812,53812,0,W
18112,53818,53818,0,E
18111,53817,53818,1,W
18079,53762,53820,58,N
18081,53764,53820,56,S
18087,53775,53822,47,N
18085,53772,53822,50,S
18094,53788,53824,36,N
18090,53780,53824,44,S
18102,53801,53826,25,N
18095,53788,53826,38,S
18110,53814,53828,14,N
18099,53796,53828,32,S
18116,53827,53830,3,N
18104,53804,53830,26,S
18107,53812,53832,20,S
18113,53820,53834,14,S
18118,53828,53836,8,S
18121,53836,53838,2,S
18124,53840,53840,0,N
18127,53844,53844,0,S
18130,53852,53852,0,S
18132,53853,53854,1,N
18135,53860,53860,0,S
18138,53866,53866,0,N
18141,53868,53868,0,S
18144,53876,53876,0,S
18115,53824,53880,56,E
18114,53822,53880,58,W
18119,53830,53880,50,E
18117,53827,53880,53,W
18122,53836,53880,44,E
18120,53832,53880,48,W
18125,53842,53882,40,E
18123,53837,53882,45,W
18129,53848,53882,34,E
18126,53842,53882,40,W
18133,53854,53882,28,E
18128,53847,53882,35,W
18136,53860,53884,24,E
18131,53852,53884,32,W
18139,53866,53884,18,E
18134,53857,53884,27,W
18142,53872,53884,12,E
18137,53862,53884,22,W
18146,53878,53886,8,E
18140,53867,53886,19,W
18150,53884,53886,2,E
18143,53872,53886,14,W
18145,53877,53886,9,W
18148,53882,53888,6,W
18151,53887,53888,1,W
18152,53890,53890,0,E
18155,53892,53892,0,W
18156,53896,53896,0,E
18157,53897,53898,1,W
18159,53902,53902,0,E
18160,53902,53902,0,W
18164,53908,53908,0,E
18162,53907,53908,1,W
18165,53912,53912,0,W
18166,53914,53914,0,E
18168,53917,53918,1,W
18170,53920,53920,0,E
18171,53922,53922,0,W
18173,53926,53926,0,E
18174,53927,53928,1,W
18177,53932,53932,0,E
18178,53932,53932,0,W
18180,53938,53938,0,E
18179,53937,53938,1,W
18147,53879,53940,61,N
18149,53884,53940,56,S
18153,53892,53942,50,N
18154,53892,53942,50,S
18161,53905,53944,39,N
18158,53900,53944,44,S
18169,53918,53946,28,N
18163,53908,53946,38,S
18175,53931,53948,17,N
18167,53916,53948,32,S
18183,53944,53950,6,N
18172,53924,53950,26,S
18176,53932,53952,20,S
18181,53940,53954,14,S
18186,53948,53956,8,S
18191,53957,53958,1,N
18189,53956,53958,2,S
18195,53964,53964,0,S
18198,53970,53970,0,N
18199,53972,53972,0,S
18203,53980,53980,0,S
18206,53983,53984,1,N
18209,53988,53988,0,S
18212,53996,53996,0,N
18213,53996,53996,0,S
18184,53944,54000,56,E
18182,53942,54000,58,W
18187,53950,54000,50,E
18185,53947,54000,53,W
18190,53956,54000,44,E
18188,53952,54000,48,W
18193,53962,54002,40,E
18192,53957,54002,45,W
18197,53968,54002,34,E
18194,53962,54002,40,W
18201,53974,54002,28,E
18196,53967,54002,35,W
18204,53980,54004,24,E
18200,53972,54004,32,W
18207,53986,54004,18,E
18202,53977,54004,27,W
18210,53992,54004,12,E
18205,53982,54004,22,W
18215,53998,54006,8,E
18208,53987,54006,19,W
18218,54004,54006,2,E
18211,53992,54006,14,W
18214,53997,54006,9,W
18216,54002,54008,6,W
18219,54006,54008,2,W
18221,54009,54010,1,E
18222,54010,54010,0,W
18224,54014,54014,0,E
18225,54014,54014,0,W
18227,54018,54018,0,W
18228,54019,54020,1,E
18230,54022,54022,0,W
18231,54024,54024,0,E
18233,54026,54026,0,W
18234,54029,54030,1,E
18235,54030,54030,0,W
18238,54034,54034,0,E
18239,54034,54034,0,W
18240,54038,54038,0,W
18242,54039,54040,1,E
18244,54042,54042,0,W
18245,54044,54044,0,E
18247,54046,54046,0,W
18248,54049,54050,1,E
18249,54050,54050,0,W
18252,54054,54054,0,E
18253,54054,54054,0,W
18254,54058,54058,0,W
18220,54009,54060,51,N
18217,54004,54060,56,S
18229,54020,54062,42,N
18223,54011,54062,51,S
18236,54031,54064,33,N
18226,54018,54064,46,S
18243,54042,54066,24,N
18232,54025,54066,41,S
18250,54053,54068,15,N
18237,54032,54068,36,S
18258,54064,54070,6,N
18241,54039,54070,31,S
18246,54046,54072,26,S
18251,54053,54074,21,S
18267,54075,54076,1,N
18256,54060,54076,16,S
18261,54067,54078,11,S
18264,54074,54080,6,S
18270,54081,54082,1,S
18273,54086,54086,0,N
18275,54088,54088,0,S
18280,54095,54096,1,S
18281,54097,54098,1,N
18284,54102,54102,0,S
18288,54108,54108,0,N
18289,54109,54110,1,S
18294,54116,54116,0,S
18255,54059,54120,61,E
18257,54062,54120,58,W
18259,54064,54120,56,E
18260,54066,54120,54,W
18262,54069,54120,51,E
18263,54070,54120,50,W
18265,54074,54122,48,E
18266,54074,54122,48,W
18269,54079,54122,43,E
18268,54078,54122,44,W
18272,54084,54122,38,E
18271,54082,54122,40,W
18276,54089,54124,35,E
18274,54086,54124,38,W
18278,54094,54124,30,E
18277,54090,54124,34,W
18283,54099,54124,25,E
18279,54094,54124,30,W
18286,54104,54126,22,E
18282,54098,54126,28,W
18290,54109,54126,17,E
18285,54102,54126,24,W
18292,54114,54126,12,E
18287,54106,54126,20,W
18297,54119,54128,9,E
18291,54110,54128,18,W
18300,54124,54128,4,E
18293,54114,54128,14,W
18295,54118,54128,10,W
18302,54129,54130,1,E
18298,54122,54130,8,W
18301,54126,54130,4,W
18305,54130,54130,0,W
18306,54134,54134,0,E
18307,54134,54134,0,W
18309,54138,54138,0,W
18310,54139,54140,1,E
18312,54142,54142,0,W
18314,54144,54144,0,E
18315,54146,54146,0,W
18316,54149,54150,1,E
18317,54150,54150,0,W
18320,54154,54154,0,E
18321,54154,54154,0,W
18323,54158,54158,0,W
18324,54159,54160,1,E
18325,54162,54162,0,W
18327,54164,54164,0,E
18329,54166,54166,0,W
18330,54169,54170,1,E
18331,54170,54170,0,W
18334,54174,54174,0,E
18335,54174,54174,0,W
18336,54178,54178,0,W
18296,54119,54180,61,N
18299,54123,54180,57,S
18303,54130,54182,52,N
18304,54130,54182,52,S
18311,54141,54184,43,N
18308,54137,54184,47,S
18319,54152,54186,34,N
18313,54144,54186,42,S
18326,54163,54188,25,N
18318,54151,54188,37,S
18333,54174,54190,16,N
18322,54158,54190,32,S
18341,54185,54192,7,N
18328,54165,54192,27,S
18332,54172,54194,22,S
18349,54196,54196,0,N
18337,54179,54196,17,S
18342,54186,54198,12,S
18346,54193,54200,7,S
18352,54200,54202,2,S
18356,54207,54208,1,N
18357,54207,54208,1,S
18360,54214,54214,0,S
18363,54218,54218,0,N
18366,54221,54222,1,S
18370,54228,54228,0,S
18371,54229,54230,1,N
18376,54235,54236,1,S
18338,54179,54240,61,E
18339,54182,54240,58,W
18340,54184,54240,56,E
18343,54186,54240,54,W
18344,54189,54240,51,E
18345,54190,54240,50,W
18347,54194,54242,48,E
18348,54194,54242,48,W
18351,54199,54242,43,E
18350,54198,54242,44,W
18354,54204,54242,38,E
18353,54202,54242,40,W
18358,54209,54244,35,E
18355,54206,54244,38,W
18361,54214,54244,30,E
18359,54210,54244,34,W
18365,54219,54244,25,E
18362,54214,54244,30,W
18368,54224,54246,22,E
18364,54218,54246,28,W
18372,54229,54246,17,E
18367,54222,54246,24,W
18374,54234,54246,12,E
18369,54226,54246,20,W
18378,54239,54248,9,E
18373,54230,54248,18,W
18382,54244,54248,4,E
18375,54234,54248,14,W
18377,54238,54248,10,W
18385,54249,54250,1,E
18381,54242,54250,8,W
18383,54246,54250,4,W
18386,54250,54250,0,W
18388,54254,54254,0,E
18389,54254,54254,0,W
18391,54258,54258,0,W
18392,54259,54260,1,E
18394,54262,54262,0,W
18396,54264,54264,0,E
18397,54266,54266,0,W
18398,54269,54270,1,E
18400,54270,54270,0,W
18402,54274,54274,0,E
18403,54274,54274,0,W
18405,54278,54278,0,W
18406,54279,54280,1,E
18407,54282,54282,0,W
18410,54284,54284,0,E
18411,54286,54286,0,W
18412,54289,54290,1,E
18413,54290,54290,0,W
18415,54294,54294,0,E
18416,54294,54294,0,W
18419,54298,54298,0,W
18379,54240,54300,60,N
18380,54242,54300,58,S
18387,54251,54302,51,N
18384,54249,54302,53,S
18393,54262,54304,42,N
18390,54256,54304,48,S
18401,54273,54306,33,N
18395,54263,54306,43,S
18408,54284,54308,24,N
18399,54270,54308,38,S
18417,54295,54310,15,N
18404,54277,54310,33,S
18424,54306,54312,6,N
18409,54284,54312,28,S
18414,54291,54314,23,S
18418,54298,54316,18,S
18431,54317,54318,1,N
18423,54305,54318,13,S
18428,54312,54320,8,S
18433,54319,54322,3,S
18437,54326,54326,0,S
18439,54328,54328,0,N
18442,54333,54334,1,S
18446,54339,54340,1,N
18448,54340,54340,0,S
18452,54347,54348,1,S
18454,54350,54350,0,N
18456,54354,54354,0,S
18420,54299,54360,61,E
18421,54302,54360,58,W
18422,54304,54360,56,E
18425,54306,54360,54,W
18426,54309,54360,51,E
18427,54310,54360,50,W
18429,54314,54362,48,E
18430,54314,54362,48,W
18434,54319,54362,43,E
18432,54318,54362,44,W
18436,54324,54362,38,E
18435,54322,54362,40,W
18440,54329,54364,35,E
18438,54326,54364,38,W
18443,54334,54364,30,E
18441,54330,54364,34,W
18447,54339,54364,25,E
18444,54334,54364,30,W
18450,54344,54366,22,E
18445,54338,54366,28,W
18453,54349,54366,17,E
18449,54342,54366,24,W
18457,54354,54366,12,E
18451,54346,54366,20,W
18460,54359,54368,9,E
18455,54350,54368,18,W
18464,54364,54368,4,E
18458,54354,54368,14,W
18459,54358,54368,10,W
18467,54369,54370,1,E
18463,54362,54370,8,W
18465,54366,54370,4,W
18468,54370,54370,0,W
18470,54374,54374,0,E
18471,54374,54374,0,W
18473,54378,54378,0,W
18474,54379,54380,1,E
18476,54382,54382,0,W
18478,54384,54384,0,E
18479,54386,54386,0,W
18481,54389,54390,1,E
18482,54390,54390,0,W
18484,54394,54394,0,E
18485,54394,54394,0,W
18487,54398,54398,0,W
18488,54399,54400,1,E
18489,54402,54402,0,W
18491,54404,54404,0,E
18493,54406,54406,0,W
18494,54409,54410,1,E
18496,54410,54410,0,W
18497,54414,54414,0,E
18498,54414,54414,0,W
18501,54418,54418,0,W
18461,54361,54420,59,N
18462,54361,54420,59,S
18469,54372,54422,50,N
18466,54368,54422,54,S
18477,54383,54424,41,N
18472,54375,54424,49,S
18483,54394,54426,32,N
18475,54382,54426,44,S
18492,54405,54428,23,N
18480,54389,54428,39,S
18499,54416,54430,14,N
18486,54396,54430,34,S
18507,54427,54432,5,N
18490,54403,54432,29,S
18495,54410,54434,24,S
18500,54417,54436,19,S
18513,54438,54438,0,N
18504,54424,54438,14,S
18510,54431,54440,9,S
18514,54438,54442,4,S
18519,54445,54446,1,S
18521,54449,54450,1,N
18524,54452,54452,0,S
18530,54460,54460,0,N
18528,54459,54460,1,S
18533,54466,54466,0,S
18537,54471,54472,1,N
18538,54473,54474,1,S
18502,54419,54480,61,E
18503,54422,54480,58,W
18505,54424,54480,56,E
18506,54426,54480,54,W
18508,54429,54480,51,E
18509,54430,54480,50,W
18511,54434,54482,48,E
18512,54434,54482,48,W
18516,54439,54482,43,E
18515,54438,54482,44,W
18518,54444,54482,38,E
18517,54442,54482,40,W
18522,54449,54484,35,E
18520,54446,54484,38,W
18525,54454,54484,30,E
18523,54450,54484,34,W
18529,54459,54484,25,E
18526,54454,54484,30,W
18532,54464,54486,22,E
18527,54458,54486,28,W
18535,54469,54486,17,E
18531,54462,54486,24,W
18539,54474,54486,12,E
18534,54466,54486,20,W
18542,54479,54488,9,E
18536,54470,54488,18,W
18546,54484,54488,4,E
18540,54474,54488,14,W
18541,54478,54488,10,W
18549,54489,54490,1,E
18545,54482,54490,8,W
18547,54486,54490,4,W
18550,54490,54490,0,W
18553,54494,54494,0,E
18554,54494,54494,0,W
18555,54498,54498,0,W
18556,54499,54500,1,E
18558,54502,54502,0,W
18560,54504,54504,0,E
18561,54506,54506,0,W
18563,54509,54510,1,E
18564,54510,54510,0,W
18565,54514,54514,0,E
18566,54514,54514,0,W
18569,54518,54518,0,W
18570,54519,54520,1,E
18572,54522,54522,0,W
18573,54524,54524,0,E
18575,54526,54526,0,W
18577,54529,54530,1,E
18578,54530,54530,0,W
18579,54534,54534,0,E
18580,54534,54534,0,W
18583,54538,54538,0,W
18544,54482,54540,58,N
18543,54480,54540,60,S
18551,54493,54542,49,N
18548,54487,54542,55,S
18559,54504,54544,40,N
18552,54494,54544,50,S
18567,54515,54546,31,N
18557,54501,54546,45,S
18574,54526,54548,22,N
18562,54508,54548,40,S
18582,54537,54550,13,N
18568,54515,54550,35,S
18589,54548,54552,4,N
18571,54522,54552,30,S
18576,54529,54554,25,S
18581,54536,54556,20,S
18586,54543,54558,15,S
18597,54559,54560,1,N
18591,54550,54560,10,S
18595,54557,54562,5,S
18600,54564,54564,0,S
18604,54570,54570,0,N
18606,54571,54572,1,S
18609,54578,54578,0,S
18612,54581,54582,1,N
18615,54585,54586,1,S
18619,54592,54592,0,N
18620,54592,54592,0,S
18584,54539,54600,61,E
18585,54542,54600,58,W
18587,54544,54600,56,E
18588,54546,54600,54,W
18590,54549,54600,51,E
18592,54550,54600,50,W
18593,54554,54602,48,E
18594,54554,54602,48,W
18598,54559,54602,43,E
18596,54558,54602,44,W
18601,54564,54602,38,E
18599,54562,54602,40,W
18603,54569,54604,35,E
18602,54566,54604,38,W
18607,54574,54604,30,E
18605,54570,54604,34,W
18611,54579,54604,25,E
18608,54574,54604,30,W
18614,54584,54606,22,E
18610,54578,54606,28,W
18617,54589,54606,17,E
18613,54582,54606,24,W
18621,54594,54606,12,E
18616,54586,54606,20,W
18625,54599,54608,9,E
18618,54590,54608,18,W
18628,54604,54608,4,E
18622,54594,54608,14,W
18623,54598,54608,10,W
18631,54609,54610,1,E
18626,54602,54610,8,W
18630,54606,54610,4,W
18632,54610,54610,0,W
18635,54614,54614,0,E
18636,54614,54614,0,W
18637,54618,54618,0,W
18638,54619,54620,1,E
18640,54622,54622,0,W
18641,54624,54624,0,E
18643,54626,54626,0,W
18645,54629,54630,1,E
18646,54630,54630,0,W
18648,54634,54634,0,E
18649,54634,54634,0,W
18651,54638,54638,0,W
18652,54639,54640,1,E
18654,54642,54642,0,W
18655,54644,54644,0,E
18656,54646,54646,0,W
18659,54649,54650,1,E
18660,54650,54650,0,W
18661,54654,54654,0,E
18662,54654,54654,0,W
18665,54658,54658,0,W
18627,54603,54660,57,N
18624,54599,54660,61,S
18634,54614,54662,48,N
18629,54606,54662,56,S
18642,54625,54664,39,N
18633,54613,54664,51,S
18650,54636,54666,30,N
18639,54620,54666,46,S
18657,54647,54668,21,N
18644,54627,54668,41,S
18664,54658,54670,12,N
18647,54634,54670,36,S
18671,54669,54672,3,N
18653,54641,54672,31,S
18658,54648,54674,26,S
18663,54655,54676,21,S
18667,54662,54678,16,S
18680,54680,54680,0,N
18672,54669,54680,11,S
18677,54676,54682,6,S
18682,54683,54684,1,S
18686,54690,54690,0,S
18688,54691,54692,1,N
18691,54697,54698,1,S
18694,54702,54702,0,N
18696,54704,54704,0,S
18701,54711,54712,1,S
18702,54713,54714,1,N
18705,54718,54718,0,S
18666,54659,54720,61,E
18668,54662,54720,58,W
18669,54664,54720,56,E
18670,54666,54720,54,W
18673,54669,54720,51,E
18674,54670,54720,50,W
18675,54674,54722,48,E
18676,54674,54722,48,W
18679,54679,54722,43,E
18678,54678,54722,44,W
18683,54684,54722,38,E
18681,54682,54722,40,W
18685,54689,54724,35,E
18684,54686,54724,38,W
18689,54694,54724,30,E
18687,54690,54724,34,W
18693,54699,54724,25,E
18690,54694,54724,30,W
18697,54704,54726,22,E
18692,54698,54726,28,W
18699,54709,54726,17,E
18695,54702,54726,24,W
18703,54714,54726,12,E
18698,54706,54726,20,W
18707,54719,54728,9,E
18700,54710,54728,18,W
18710,54724,54728,4,E
18704,54714,54728,14,W
18706,54718,54728,10,W
18713,54729,54730,1,E
18708,54722,54730,8,W
18712,54726,54730,4,W
18714,54730,54730,0,W
18716,54734,54734,0,E
18717,54734,54734,0,W
18719,54738,54738,0,W
18721,54739,54740,1,E
18722,54742,54742,0,W
18723,54744,54744,0,E
18726,54746,54746,0,W
18727,54749,54750,1,E
18728,54750,54750,0,W
18730,54754,54754,0,E
18731,54754,54754,0,W
18733,54758,54758,0,W
18734,54759,54760,1,E
18736,54762,54762,0,W
18737,54764,54764,0,E
18738,54766,54766,0,W
18741,54769,54770,1,E
18742,54770,54770,0,W
18744,54774,54774,0,E
18745,54774,54774,0,W
18746,54778,54778,0,W
18709,54724,54780,56,N
18711,54725,54780,55,S
18718,54735,54782,47,N
18715,54732,54782,50,S
18724,54746,54784,38,N
18720,54739,54784,45,S
18732,54757,54786,29,N
18725,54746,54786,40,S
18740,54768,54788,20,N
18729,54753,54788,35,S
18747,54779,54790,11,N
18735,54760,54790,30,S
18755,54790,54792,2,N
18739,54767,54792,25,S
18743,54774,54794,20,S
18749,54781,54796,15,S
18753,54788,54798,10,S
18759,54795,54800,5,S
18762,54801,54802,1,N
18763,54802,54802,0,S
18767,54809,54810,1,S
18770,54812,54812,0,N
18773,54816,54816,0,S
18777,54823,54824,1,N
18778,54823,54824,1,S
18782,54830,54830,0,S
18784,54834,54834,0,N
18787,54837,54838,1,S
18748,54779,54840,61,E
18750,54782,54840,58,W
18751,54784,54840,56,E
18752,54786,54840,54,W
18754,54789,54840,51,E
18756,54790,54840,50,W
18757,54794,54842,48,E
18758,54794,54842,48,W
18761,54799,54842,43,E
18760,54798,54842,44,W
18765,54804,54842,38,E
18764,54802,54842,40,W
18768,54809,54844,35,E
18766,54806,54844,38,W
18771,54814,54844,30,E
18769,54810,54844,34,W
18775,54819,54844,25,E
18772,54814,54844,30,W
18779,54824,54846,22,E
18774,54818,54846,28,W
18781,54829,54846,17,E
18776,54822,54846,24,W
18785,54834,54846,12,E
18780,54826,54846,20,W
18789,54839,54848,9,E
18783,54830,54848,18,W
18792,54844,54848,4,E
18786,54834,54848,14,W
18788,54838,54848,10,W
18795,54849,54850,1,E
18790,54842,54850,8,W
18794,54846,54850,4,W
18796,54850,54850,0,W
18798,54854,54854,0,E
18799,54854,54854,0,W
18802,54858,54858,0,W
18803,54859,54860,1,E
18804,54862,54862,0,W
18805,54864,54864,0,E
18807,54866,54866,0,W
18809,54869,54870,1,E
18810,54870,54870,0,W
18812,54874,54874,0,E
18813,54874,54874,0,W
18815,54878,54878,0,W
18817,54879,54880,1,E
18818,54882,54882,0,W
18819,54884,54884,0,E
18821,54886,54886,0,W
18823,54889,54890,1,E
18824,54890,54890,0,W
18826,54894,54894,0,E
18827,54894,54894,0,W
18828,54898,54898,0,W
18793,54845,54900,55,N
18791,54844,54900,56,S
18800,54856,54902,46,N
18797,54851,54902,51,S
18808,54867,54904,37,N
18801,54858,54904,46,S
18814,54878,54906,28,N
18806,54865,54906,41,S
18822,54889,54908,19,N
18811,54872,54908,36,S
18830,54900,54910,10,N
18816,54879,54910,31,S
18838,54911,54912,1,N
18820,54886,54912,26,S
18825,54893,54914,21,S
18831,54900,54916,16,S
18835,54907,54918,11,S
18839,54914,54920,6,S
18845,54922,54922,0,N
18844,54921,54922,1,S
18849,54928,54928,0,S
18852,54933,54934,1,N
18855,54935,54936,1,S
18858,54942,54942,0,S
18860,54944,54944,0,N
18863,54949,54950,1,S
18868,54955,54956,1,N
18869,54956,54956,0,S
18829,54899,54960,61,E
18832,54902,54960,58,W
18833,54904,54960,56,E
18834,54906,54960,54,W
18836,54909,54960,51,E
18837,54910,54960,50,W
18840,54914,54962,48,E
18841,54914,54962,48,W
18843,54919,54962,43,E
18842,54918,54962,44,W
18847,54924,54962,38,E
18846,54922,54962,40,W
18850,54929,54964,35,E
18848,54926,54964,38,W
18853,54934,54964,30,E
18851,54930,54964,34,W
18857,54939,54964,25,E
18854,54934,54964,30,W
18861,54944,54966,22,E
18856,54938,54966,28,W
18864,54949,54966,17,E
18859,54942,54966,24,W
18866,54954,54966,12,E
18862,54946,54966,20,W
18871,54959,54968,9,E
18865,54950,54968,18,W
18874,54964,54968,4,E
18867,54954,54968,14,W
18870,54958,54968,10,W
18877,54969,54970,1,E
18872,54962,54970,8,W
18876,54966,54970,4,W
18879,54970,54970,0,W
18880,54974,54974,0,E
18881,54974,54974,0,W
18884,54978,54978,0,W
18885,54979,54980,1,E
18886,54982,54982,0,W
18888,54984,54984,0,E
18889,54986,54986,0,W
18891,54989,54990,1,E
18892,54990,54990,0,W
18894,54994,54994,0,E
18895,54994,54994,0,W
18897,54998,54998,0,W
18899,54999,55000,1,E
18900,55002,55002,0,W
18901,55004,55004,0,E
18903,55006,55006,0,W
18904,55009,55010,1,E
18906,55010,55010,0,W
18908,55014,55014,0,E
18909,55014,55014,0,W
18910,55018,55018,0,W
18875,54966,55020,54,N
18873,54963,55020,57,S
18882,54977,55022,45,N
18878,54970,55022,52,S
18890,54988,55024,36,N
18883,54977,55024,47,S
18898,54999,55026,27,N
18887,54984,55026,42,S
18905,55010,55028,18,N
18893,54991,55028,37,S
18913,55021,55030,9,N
18896,54998,55030,32,S
18920,55032,55032,0,N
18902,55005,55032,27,S
18907,55012,55034,22,S
18911,55019,55036,17,S
18916,55026,55038,12,S
18921,55033,55040,7,S
18926,55040,55042,2,S
18928,55043,55044,1,N
18931,55047,55048,1,S
18934,55054,55054,0,N
18935,55054,55054,0,S
18940,55061,55062,1,S
18943,55065,55066,1,N
18945,55068,55068,0,S
18951,55076,55076,0,N
18950,55075,55076,1,S
18912,55019,55080,61,E
18914,55022,55080,58,W
18915,55024,55080,56,E
18917,55026,55080,54,W
18918,55029,55080,51,E
18919,55030,55080,50,W
18922,55034,55082,48,E
18923,55034,55082,48,W
18925,55039,55082,43,E
18924,55038,55082,44,W
18929,55044,55082,38,E
18927,55042,55082,40,W
18932,55049,55084,35,E
18930,55046,55084,38,W
18936,55054,55084,30,E
18933,55050,55084,34,W
18939,55059,55084,25,E
18937,55054,55084,30,W
18942,55064,55086,22,E
18938,55058,55086,28,W
18946,55069,55086,17,E
18941,55062,55086,24,W
18948,55074,55086,12,E
18944,55066,55086,20,W
18953,55079,55088,9,E
18947,55070,55088,18,W
18956,55084,55088,4,E
18949,55074,55088,14,W
18952,55078,55088,10,W
18960,55089,55090,1,E
18955,55082,55090,8,W
18957,55086,55090,4,W
18961,55090,55090,0,W
18962,55094,55094,0,E
18963,55094,55094,0,W
18966,55098,55098,0,W
18967,55099,55100,1,E
18968,55102,55102,0,W
18970,55104,55104,0,E
18971,55106,55106,0,W
18973,55109,55110,1,E
18975,55110,55110,0,W
18976,55114,55114,0,E
18977,55114,55114,0,W
18979,55118,55118,0,W
18980,55119,55120,1,E
18982,55122,55122,0,W
18984,55124,55124,0,E
18985,55126,55126,0,W
18986,55129,55130,1,E
18987,55130,55130,0,W
18990,55134,55134,0,E
18991,55134,55134,0,W
18993,55138,55138,0,W
18958,55087,55140,53,N
18954,55082,55140,58,S
18965,55098,55142,44,N
18959,55089,55142,53,S
18972,55109,55144,35,N
18964,55096,55144,48,S
18981,55120,55146,26,N
18969,55103,55146,43,S
18988,55131,55148,17,N
18974,55110,55148,38,S
18995,55142,55150,8,N
18978,55117,55150,33,S
18983,55124,55152,28,S
19003,55153,55154,1,N
18989,55131,55154,23,S
18992,55138,55156,18,S
18998,55145,55158,13,S
19002,55152,55160,8,S
19007,55159,55162,3,S
19010,55164,55164,0,N
19012,55166,55166,0,S
19016,55173,55174,1,S
19019,55175,55176,1,N
19022,55180,55180,0,S
19025,55186,55186,0,N
19027,55187,55188,1,S
19030,55194,55194,0,S
19033,55197,55198,1,N
18994,55139,55200,61,E
18996,55142,55200,58,W
18997,55144,55200,56,E
18999,55146,55200,54,W
19000,55149,55200,51,E
19001,55150,55200,50,W
19004,55154,55202,48,E
19005,55154,55202,48,W
19008,55159,55202,43,E
19006,55158,55202,44,W
19011,55164,55202,38,E
19009,55162,55202,40,W
19014,55169,55204,35,E
19013,55166,55204,38,W
19017,55174,55204,30,E
19015,55170,55204,34,W
19021,55179,55204,25,E
19018,55174,55204,30,W
19024,55184,55206,22,E
19020,55178,55206,28,W
19028,55189,55206,17,E
19023,55182,55206,24,W
19031,55194,55206,12,E
19026,55186,55206,20,W
19035,55199,55208,9,E
19029,55190,55208,18,W
19038,55204,55208,4,E
19032,55194,55208,14,W
19034,55198,55208,10,W
19042,55209,55210,1,E
19037,55202,55210,8,W
19039,55206,55210,4,W
19043,55210,55210,0,W
19044,55214,55214,0,E
19045,55214,55214,0,W
19047,55218,55218,0,W
19049,55219,55220,1,E
19051,55222,55222,0,W
19052,55224,55224,0,E
19053,55226,55226,0,W
19055,55229,55230,1,E
19057,55230,55230,0,W
19058,55234,55234,0,E
19059,55234,55234,0,W
19061,55238,55238,0,W
19062,55239,55240,1,E
19064,55242,55242,0,W
19066,55244,55244,0,E
19067,55246,55246,0,W
19068,55249,55250,1,E
19070,55250,55250,0,W
19072,55254,55254,0,E
19073,55254,55254,0,W
19075,55258,55258,0,W
19040,55208,55260,52,N
19036,55201,55260,59,S
19048,55219,55262,43,N
19041,55208,55262,54,S
19056,55230,55264,34,N
19046,55215,55264,49,S
19063,55241,55266,25,N
19050,55222,55266,44,S
19071,55252,55268,16,N
19054,55229,55268,39,S
19078,55263,55270,7,N
19060,55236,55270,34,S
19065,55243,55272,29,S
19085,55274,55274,0,N
19069,55250,55274,24,S
19074,55257,55276,19,S
19079,55264,55278,14,S
19084,55271,55280,9,S
19088,55278,55282,4,S
19093,55285,55286,1,N
19094,55285,55286,1,S
19098,55292,55292,0,S
19101,55296,55296,0,N
19103,55299,55300,1,S
19107,55306,55306,0,S
19109,55307,55308,1,N
19112,55313,55314,1,S
19115,55318,55318,0,N
19076,55259,55320,61,E
19077,55262,55320,58,W
19080,55264,55320,56,E
19081,55266,55320,54,W
19082,55269,55320,51,E
19083,55270,55320,50,W
19086,55274,55322,48,E
19087,55274,55322,48,W
19090,55279,55322,43,E
19089,55278,55322,44,W
19092,55284,55322,38,E
19091,55282,55322,40,W
19096,55289,55324,35,E
19095,55286,55324,38,W
19099,55294,55324,30,E
19097,55290,55324,34,W
19104,55299,55324,25,E
19100,55294,55324,30,W
19106,55304,55326,22,E
19102,55298,55326,28,W
19110,55309,55326,17,E
19105,55302,55326,24,W
19113,55314,55326,12,E
19108,55306,55326,20,W
19117,55319,55328,9,E
19111,55310,55328,18,W
19120,55324,55328,4,E
19114,55314,55328,14,W
19116,55318,55328,10,W
19124,55329,55330,1,E
19119,55322,55330,8,W
19121,55326,55330,4,W
19125,55330,55330,0,W
19127,55334,55334,0,E
19128,55334,55334,0,W
19129,55338,55338,0,W
19130,55339,55340,1,E
19133,55342,55342,0,W
19134,55344,55344,0,E
19135,55346,55346,0,W
19137,55349,55350,1,E
19138,55350,55350,0,W
19140,55354,55354,0,E
19141,55354,55354,0,W
19143,55358,55358,0,W
19144,55359,55360,1,E
19147,55362,55362,0,W
19148,55364,55364,0,E
19149,55366,55366,0,W
19151,55369,55370,1,E
19152,55370,55370,0,W
19154,55374,55374,0,E
19155,55374,55374,0,W
19157,55378,55378,0,W
19123,55329,55380,51,N
19118,55320,55380,60,S
19131,55340,55382,42,N
19122,55327,55382,55,S
19139,55351,55384,33,N
19126,55334,55384,50,S
19145,55362,55386,24,N
19132,55341,55386,45,S
19153,55373,55388,15,N
19136,55348,55388,40,S
19161,55384,55390,6,N
19142,55355,55390,35,S
19146,55362,55392,30,S
19150,55369,55394,25,S
19169,55395,55396,1,N
19156,55376,55396,20,S
19160,55383,55398,15,S
19165,55390,55400,10,S
19170,55397,55402,5,S
19174,55404,55404,0,S
19176,55406,55406,0,N
19180,55411,55412,1,S
19183,55417,55418,1,N
19184,55418,55418,0,S
19189,55425,55426,1,S
19191,55428,55428,0,N
19194,55432,55432,0,S
19158,55379,55440,61,E
19159,55382,55440,58,W
19162,55384,55440,56,E
19163,55386,55440,54,W
19164,55389,55440,51,E
19166,55390,55440,50,W
19167,55394,55442,48,E
19168,55394,55442,48,W
19172,55399,55442,43,E
19171,55398,55442,44,W
19175,55404,55442,38,E
19173,55402,55442,40,W
19178,55409,55444,35,E
19177,55406,55444,38,W
19181,55414,55444,30,E
19179,55410,55444,34,W
19186,55419,55444,25,E
19182,55414,55444,30,W
19188,55424,55446,22,E
19185,55418,55446,28,W
19192,55429,55446,17,E
19187,55422,55446,24,W
19195,55434,55446,12,E
19190,55426,55446,20,W
19200,55439,55448,9,E
19193,55430,55448,18,W
19202,55444,55448,4,E
19196,55434,55448,14,W
19197,55438,55448,10,W
19205,55449,55450,1,E
19201,55442,55450,8,W
19204,55446,55450,4,W
19207,55450,55450,0,W
19209,55454,55454,0,E
19210,55454,55454,0,W
19211,55458,55458,0,W
19212,55459,55460,1,E
19215,55462,55462,0,W
19216,55464,55464,0,E
19217,55466,55466,0,W
19219,55469,55470,1,E
19220,55470,55470,0,W
19223,55474,55474,0,E
19224,55474,55474,0,W
19225,55478,55478,0,W
19226,55479,55480,1,E
19228,55482,55482,0,W
19230,55484,55484,0,E
19231,55486,55486,0,W
19233,55489,55490,1,E
19234,55490,55490,0,W
19236,55494,55494,0,E
19237,55494,55494,0,W
19239,55498,55498,0,W
19198,55439,55500,61,N
19199,55439,55500,61,S
19206,55450,55502,52,N
19203,55446,55502,56,S
19214,55461,55504,43,N
19208,55453,55504,51,S
19221,55472,55506,34,N
19213,55460,55506,46,S
19229,55483,55508,25,N
19218,55467,55508,41,S
19235,55494,55510,16,N
19222,55474,55510,36,S
19244,55505,55512,7,N
19227,55481,55512,31,S
19232,55488,55514,26,S
19251,55516,55516,0,N
19238,55495,55516,21,S
19241,55502,55518,16,S
19246,55509,55520,11,S
19252,55516,55522,6,S
19256,55523,55524,1,S
19259,55527,55528,1,N
19261,55530,55530,0,S
19266,55538,55538,0,N
19265,55537,55538,1,S
19270,55544,55544,0,S
19273,55549,55550,1,N
19276,55551,55552,1,S
19279,55558,55558,0,S
19240,55499,55560,61,E
19242,55502,55560,58,W
19243,55504,55560,56,E
19245,55506,55560,54,W
19247,55509,55560,51,E
19248,55510,55560,50,W
19249,55514,55562,48,E
19250,55514,55562,48,W
19254,55519,55562,43,E
19253,55518,55562,44,W
19257,55524,55562,38,E
19255,55522,55562,40,W
19260,55529,55564,35,E
19258,55526,55564,38,W
19263,55534,55564,30,E
19262,55530,55564,34,W
19268,55539,55564,25,E
19264,55534,55564,30,W
19271,55544,55566,22,E
19267,55538,55566,28,W
19274,55549,55566,17,E
19269,55542,55566,24,W
19277,55554,55566,12,E
19272,55546,55566,20,W
19281,55559,55568,9,E
19275,55550,55568,18,W
19284,55564,55568,4,E
19278,55554,55568,14,W
19280,55558,55568,10,W
19287,55569,55570,1,E
19283,55562,55570,8,W
19286,55566,55570,4,W
19288,55570,55570,0,W
19291,55574,55574,0,E
19292,55574,55574,0,W
19293,55578,55578,0,W
19295,55579,55580,1,E
19297,55582,55582,0,W
19298,55584,55584,0,E
19300,55586,55586,0,W
19301,55589,55590,1,E
19302,55590,55590,0,W
19305,55594,55594,0,E
19306,55594,55594,0,W
19307,55598,55598,0,W
19308,55599,55600,1,E
19310,55602,55602,0,W
19312,55604,55604,0,E
19313,55606,55606,0,W
19315,55609,55610,1,E
19316,55610,55610,0,W
19318,55614,55614,0,E
19319,55614,55614,0,W
19321,55618,55618,0,W
19282,55560,55620,60,N
19285,55565,55620,55,S
19289,55571,55622,51,N
19290,55572,55622,50,S
19296,55582,55624,42,N
19294,55579,55624,45,S
19303,55593,55626,33,N
19299,55586,55626,40,S
19311,55604,55628,24,N
19304,55593,55628,35,S
19320,55615,55630,15,N
19309,55600,55630,30,S
19326,55626,55632,6,N
19314,55607,55632,25,S
19317,55614,55634,20,S
19323,55621,55636,15,S
19334,55637,55638,1,N
19328,55628,55638,10,S
19333,55635,55640,5,S
19337,55642,55642,0,S
19341,55648,55648,0,N
19342,55649,55650,1,S
19347,55656,55656,0,S
19349,55659,55660,1,N
19352,55663,55664,1,S
19356,55670,55670,0,N
19357,55670,55670,0,S
19361,55677,55678,1,S
19322,55619,55680,61,E
19324,55622,55680,58,W
19325,55624,55680,56,E
19327,55626,55680,54,W
19329,55629,55680,51,E
19330,55630,55680,50,W
19331,55634,55682,48,E
19332,55634,55682,48,W
19336,55639,55682,43,E
19335,55638,55682,44,W
19339,55644,55682,38,E
19338,55642,55682,40,W
19343,55649,55684,35,E
19340,55646,55684,38,W
19345,55654,55684,30,E
19344,55650,55684,34,W
19350,55659,55684,25,E
19346,55654,55684,30,W
19353,55664,55686,22,E
19348,55658,55686,28,W
19355,55669,55686,17,E
19351,55662,55686,24,W
19359,55674,55686,12,E
19354,55666,55686,20,W
19363,55679,55688,9,E
19358,55670,55688,18,W
19367,55684,55688,4,E
19360,55674,55688,14,W
19362,55678,55688,10,W
19369,55689,55690,1,E
19365,55682,55690,8,W
19368,55686,55690,4,W
19370,55690,55690,0,W
19373,55694,55694,0,E
19374,55694,55694,0,W
19376,55698,55698,0,W
19377,55699,55700,1,E
19378,55702,55702,0,W
19380,55704,55704,0,E
19382,55706,55706,0,W
19383,55709,55710,1,E
19384,55710,55710,0,W
19387,55714,55714,0,E
19388,55714,55714,0,W
19389,55718,55718,0,W
19391,55719,55720,1,E
19392,55722,55722,0,W
19393,55724,55724,0,E
19396,55726,55726,0,W
19397,55729,55730,1,E
19398,55730,55730,0,W
19400,55734,55734,0,E
19401,55734,55734,0,W
19403,55738,55738,0,W
19364,55681,55740,59,N
19366,55684,55740,56,S
19372,55692,55742,50,N
19371,55691,55742,51,S
19379,55703,55744,41,N
19375,55698,55744,46,S
19386,55714,55746,32,N
19381,55705,55746,41,S
19394,55725,55748,23,N
19385,55712,55748,36,S
19402,55736,55750,14,N
19390,55719,55750,31,S
19409,55747,55752,5,N
19395,55726,55752,26,S
19399,55733,55754,21,S
19405,55740,55756,16,S
19416,55758,55758,0,N
19410,55747,55758,11,S
19413,55754,55760,6,S
19419,55761,55762,1,S
19423,55768,55768,0,S
19424,55769,55770,1,N
19429,55775,55776,1,S
19432,55780,55780,0,N
19433,55782,55782,0,S
19437,55789,55790,1,S
19440,55791,55792,1,N
19443,55796,55796,0,S
19404,55739,55800,61,E
19406,55742,55800,58,W
19407,55744,55800,56,E
19408,55746,55800,54,W
19411,55749,55800,51,E
19412,55750,55800,50,W
19414,55754,55802,48,E
19415,55754,55802,48,W
19418,55759,55802,43,E
19417,55758,55802,44,W
19421,55764,55802,38,E
19420,55762,55802,40,W
19425,55769,55804,35,E
19422,55766,55804,38,W
19427,55774,55804,30,E
19426,55770,55804,34,W
19431,55779,55804,25,E
19428,55774,55804,30,W
19435,55784,55806,22,E
19430,55778,55806,28,W
19438,55789,55806,17,E
19434,55782,55806,24,W
19441,55794,55806,12,E
19436,55786,55806,20,W
19445,55799,55808,9,E
19439,55790,55808,18,W
19449,55804,55808,4,E
19442,55794,55808,14,W
19444,55798,55808,10,W
19451,55809,55810,1,E
19447,55802,55810,8,W
19450,55806,55810,4,W
19453,55810,55810,0,W
19455,55814,55814,0,E
19456,55814,55814,0,W
19458,55818,55818,0,W
19459,55819,55820,1,E
19460,55822,55822,0,W
19463,55824,55824,0,E
19464,55826,55826,0,W
19465,55829,55830,1,E
19466,55830,55830,0,W
19468,55834,55834,0,E
19469,55834,55834,0,W
19472,55838,55838,0,W
19473,55839,55840,1,E
19474,55842,55842,0,W
19475,55844,55844,0,E
19478,55846,55846,0,W
19479,55849,55850,1,E
19480,55850,55850,0,W
19482,55854,55854,0,E
19483,55854,55854,0,W
19485,55858,55858,0,W
19446,55802,55860,58,N
19448,55803,55860,57,S
19454,55813,55862,49,N
19452,55810,55862,52,S
19461,55824,55864,40,N
19457,55817,55864,47,S
19470,55835,55866,31,N
19462,55824,55866,42,S
19477,55846,55868,22,N
19467,55831,55868,37,S
19484,55857,55870,13,N
19471,55838,55870,32,S
19492,55868,55872,4,N
19476,55845,55872,27,S
19481,55852,55874,22,S
19486,55859,55876,17,S
19490,55866,55878,12,S
19499,55879,55880,1,N
19495,55873,55880,7,S
19501,55880,55882,2,S
19505,55887,55888,1,S
19507,55890,55890,0,N
19509,55894,55894,0,S
19514,55901,55902,1,N
19515,55901,55902,1,S
19519,55908,55908,0,S
19522,55912,55912,0,N
19525,55915,55916,1,S
19487,55859,55920,61,E
19488,55862,55920,58,W
19489,55864,55920,56,E
19491,55866,55920,54,W
19493,55869,55920,51,E
19494,55870,55920,50,W
19496,55874,55922,48,E
19497,55874,55922,48,W
19500,55879,55922,43,E
19498,55878,55922,44,W
19503,55884,55922,38,E
19502,55882,55922,40,W
19506,55889,55924,35,E
19504,55886,55924,38,W
19510,55894,55924,30,E
19508,55890,55924,34,W
19513,55899,55924,25,E
19511,55894,55924,30,W
19517,55904,55926,22,E
19512,55898,55926,28,W
19520,55909,55926,17,E
19516,55902,55926,24,W
19523,55914,55926,12,E
19518,55906,55926,20,W
19527,55919,55928,9,E
19521,55910,55928,18,W
19531,55924,55928,4,E
19524,55914,55928,14,W
19526,55918,55928,10,W
19534,55929,55930,1,E
19529,55922,55930,8,W
19532,55926,55930,4,W
19535,55930,55930,0,W
19537,55934,55934,0,E
19538,55934,55934,0,W
19540,55938,55938,0,W
19541,55939,55940,1,E
19542,55942,55942,0,W
19544,55944,55944,0,E
19546,55946,55946,0,W
19547,55949,55950,1,E
19549,55950,55950,0,W
19550,55954,55954,0,E
19551,55954,55954,0,W
19554,55958,55958,0,W
19555,55959,55960,1,E
19556,55962,55962,0,W
19558,55964,55964,0,E
19559,55966,55966,0,W
19561,55969,55970,1,E
19562,55970,55970,0,W
19564,55974,55974,0,E
19565,55974,55974,0,W
19568,55978,55978,0,W
19530,55923,55980,57,N
19528,55922,55980,58,S
19536,55934,55982,48,N
19533,55929,55982,53,S
19545,55945,55984,39,N
19539,55936,55984,48,S
19552,55956,55986,30,N
19543,55943,55986,43,S
19560,55967,55988,21,N
19548,55950,55988,38,S
19566,55978,55990,12,N
19553,55957,55990,33,S
19574,55989,55992,3,N
19557,55964,55992,28,S
19563,55971,55994,23,S
19567,55978,55996,18,S
19572,55985,55998,13,S
19583,56000,56000,0,N
19577,55992,56000,8,S
19581,55999,56002,3,S
19586,56006,56006,0,S
19590,56011,56012,1,N
19591,56013,56014,1,S
19596,56020,56020,0,S
19597,56022,56022,0,N
19601,56027,56028,1,S
19604,56033,56034,1,N
19605,56034,56034,0,S
19569,55979,56040,61,E
19570,55982,56040,58,W
19571,55984,56040,56,E
19573,55986,56040,54,W
19575,55989,56040,51,E
19576,55990,56040,50,W
19578,55994,56042,48,E
19579,55994,56042,48,W
19582,55999,56042,43,E
19580,55998,56042,44,W
19585,56004,56042,38,E
19584,56002,56042,40,W
19588,56009,56044,35,E
19587,56006,56044,38,W
19592,56014,56044,30,E
19589,56010,56044,34,W
19595,56019,56044,25,E
19593,56014,56044,30,W
19599,56024,56046,22,E
19594,56018,56046,28,W
19602,56029,56046,17,E
19598,56022,56046,24,W
19606,56034,56046,12,E
19600,56026,56046,20,W
19609,56039,56048,9,E
19603,56030,56048,18,W
19613,56044,56048,4,E
19607,56034,56048,14,W
19608,56038,56048,10,W
19616,56049,56050,1,E
19611,56042,56050,8,W
19614,56046,56050,4,W
19617,56050,56050,0,W
19618,56054,56054,0,E
19619,56054,56054,0,W
19622,56058,56058,0,W
19623,56059,56060,1,E
19625,56062,56062,0,W
19626,56064,56064,0,E
19628,56066,56066,0,W
19630,56069,56070,1,E
19631,56070,56070,0,W
19632,56074,56074,0,E
19633,56074,56074,0,W
19636,56078,56078,0,W
19637,56079,56080,1,E
19638,56082,56082,0,W
19640,56084,56084,0,E
19641,56086,56086,0,W
19643,56089,56090,1,E
19645,56090,56090,0,W
19646,56094,56094,0,E
19647,56094,56094,0,W
19649,56098,56098,0,W
19612,56044,56100,56,N
19610,56041,56100,59,S
19620,56055,56102,47,N
19615,56048,56102,54,S
19627,56066,56104,38,N
19621,56055,56104,49,S
19635,56077,56106,29,N
19624,56062,56106,44,S
19642,56088,56108,20,N
19629,56069,56108,39,S
19650,56099,56110,11,N
19634,56076,56110,34,S
19657,56110,56112,2,N
19639,56083,56112,29,S
19644,56090,56114,24,S
19648,56097,56116,19,S
19653,56104,56118,14,S
19659,56111,56120,9,S
19665,56121,56122,1,N
19662,56118,56122,4,S
19668,56125,56126,1,S
19672,56132,56132,0,N
19673,56132,56132,0,S
19677,56139,56140,1,S
19680,56143,56144,1,N
19682,56146,56146,0,S
19687,56154,56154,0,N
19686,56153,56154,1,S
19651,56099,56160,61,E
19652,56102,56160,58,W
19654,56104,56160,56,E
19655,56106,56160,54,W
19656,56109,56160,51,E
19658,56110,56160,50,W
19660,56114,56162,48,E
19661,56114,56162,48,W
19664,56119,56162,43,E
19663,56118,56162,44,W
19667,56124,56162,38,E
19666,56122,56162,40,W
19670,56129,56164,35,E
19669,56126,56164,38,W
19674,56134,56164,30,E
19671,56130,56164,34,W
19678,56139,56164,25,E
19675,56134,56164,30,W
19681,56144,56166,22,E
19676,56138,56166,28,W
19684,56149,56166,17,E
19679,56142,56166,24,W
19688,56154,56166,12,E
19683,56146,56166,20,W
19691,56159,56168,9,E
19685,56150,56168,18,W
19694,56164,56168,4,E
19689,56154,56168,14,W
19690,56158,56168,10,W
19698,56169,56170,1,E
19693,56162,56170,8,W
19696,56166,56170,4,W
19699,56170,56170,0,W
19701,56174,56174,0,E
19702,56174,56174,0,W
19704,56178,56178,0,W
19705,56179,56180,1,E
19707,56182,56182,0,W
19708,56184,56184,0,E
19709,56186,56186,0,W
19712,56189,56190,1,E
19713,56190,56190,0,W
19714,56194,56194,0,E
19715,56194,56194,0,W
19718,56198,56198,0,W
19719,56199,56200,1,E
19721,56202,56202,0,W
19722,56204,56204,0,E
19723,56206,56206,0,W
19726,56209,56210,1,E
19727,56210,56210,0,W
19728,56214,56214,0,E
19729,56214,56214,0,W
19731,56218,56218,0,W
19695,56165,56220,55,N
19692,56160,56220,60,S
19703,56176,56222,46,N
19697,56167,56222,55,S
19710,56187,56224,37,N
19700,56174,56224,50,S
19717,56198,56226,28,N
19706,56181,56226,45,S
19724,56209,56228,19,N
19711,56188,56228,40,S
19733,56220,56230,10,N
19716,56195,56230,35,S
19741,56231,56232,1,N
19720,56202,56232,30,S
19725,56209,56234,25,S
19730,56216,56236,20,S
19735,56223,56238,15,S
19739,56230,56240,10,S
19747,56242,56242,0,N
19744,56237,56242,5,S
19749,56244,56244,0,S
19754,56251,56252,1,S
19755,56253,56254,1,N
19758,56258,56258,0,S
19762,56264,56264,0,N
19764,56265,56266,1,S
19768,56272,56272,0,S
19771,56275,56276,1,N
19732,56219,56280,61,E
19734,56222,56280,58,W
19736,56224,56280,56,E
19737,56226,56280,54,W
19738,56229,56280,51,E
19740,56230,56280,50,W
19742,56234,56282,48,E
19743,56234,56282,48,W
19746,56239,56282,43,E
19745,56238,56282,44,W
19750,56244,56282,38,E
19748,56242,56282,40,W
19752,56249,56284,35,E
19751,56246,56284,38,W
19756,56254,56284,30,E
19753,56250,56284,34,W
19760,56259,56284,25,E
19757,56254,56284,30,W
19763,56264,56286,22,E
19759,56258,56286,28,W
19766,56269,56286,17,E
19761,56262,56286,24,W
19769,56274,56286,12,E
19765,56266,56286,20,W
19774,56279,56288,9,E
19767,56270,56288,18,W
19776,56284,56288,4,E
19770,56274,56288,14,W
19772,56278,56288,10,W
19780,56289,56290,1,E
19775,56282,56290,8,W
19779,56286,56290,4,W
19781,56290,56290,0,W
19783,56294,56294,0,E
19784,56294,56294,0,W
19786,56298,56298,0,W
19787,56299,56300,1,E
19789,56302,56302,0,W
19790,56304,56304,0,E
19791,56306,56306,0,W
19794,56309,56310,1,E
19795,56310,56310,0,W
19797,56314,56314,0,E
19798,56314,56314,0,W
19799,56318,56318,0,W
19801,56319,56320,1,E
19803,56322,56322,0,W
19804,56324,56324,0,E
19805,56326,56326,0,W
19807,56329,56330,1,E
19809,56330,56330,0,W
19810,56334,56334,0,E
19811,56334,56334,0,W
19813,56338,56338,0,W
19777,56286,56340,54,N
19773,56279,56340,61,S
19785,56297,56342,45,N
19778,56286,56342,56,S
19793,56308,56344,36,N
19782,56293,56344,51,S
19800,56319,56346,27,N
19788,56300,56346,46,S
19808,56330,56348,18,N
19792,56307,56348,41,S
19815,56341,56350,9,N
19796,56314,56350,36,S
19823,56352,56352,0,N
19802,56321,56352,31,S
19806,56328,56354,26,S
19812,56335,56356,21,S
19816,56342,56358,16,S
19820,56349,56360,11,S
19826,56356,56362,6,S
19830,56363,56364,1,N
19831,56363,56364,1,S
19835,56370,56370,0,S
19837,56374,56374,0,N
19840,56377,56378,1,S
19844,56384,56384,0,S
19846,56385,56386,1,N
19850,56391,56392,1,S
19853,56396,56396,0,N
19854,56398,56398,0,S
19814,56339,56400,61,E
19817,56342,56400,58,W
19818,56344,56400,56,E
19819,56346,56400,54,W
19821,56349,56400,51,E
19822,56350,56400,50,W
19824,56354,56402,48,E
19825,56354,56402,48,W
19828,56359,56402,43,E
19827,56358,56402,44,W
19832,56364,56402,38,E
19829,56362,56402,40,W
19834,56369,56404,35,E
19833,56366,56404,38,W
19838,56374,56404,30,E
19836,56370,56404,34,W
19842,56379,56404,25,E
19839,56374,56404,30,W
19845,56384,56406,22,E
19841,56378,56406,28,W
19848,56389,56406,17,E
19843,56382,56406,24,W
19851,56394,56406,12,E
19847,56386,56406,20,W
19856,56399,56408,9,E
19849,56390,56408,18,W
19858,56404,56408,4,E
19852,56394,56408,14,W
19855,56398,56408,10,W
19862,56409,56410,1,E
19857,56402,56410,8,W
19860,56406,56410,4,W
19863,56410,56410,0,W
19865,56414,56414,0,E
19866,56414,56414,0,W
19868,56418,56418,0,W
19870,56419,56420,1,E
19871,56422,56422,0,W
19872,56424,56424,0,E
19874,56426,56426,0,W
19876,56429,56430,1,E
19877,56430,56430,0,W
19879,56434,56434,0,E
19880,56434,56434,0,W
19881,56438,56438,0,W
19882,56439,56440,1,E
19885,56442,56442,0,W
19886,56444,56444,0,E
19887,56446,56446,0,W
19889,56449,56450,1,E
19890,56450,56450,0,W
19893,56454,56454,0,E
19894,56454,56454,0,W
19895,56458,56458,0,W
19861,56407,56460,53,N
19859,56405,56460,55,S
19867,56418,56462,44,N
19864,56412,56462,50,S
19875,56429,56464,35,N
19869,56419,56464,45,S
19883,56440,56466,26,N
19873,56426,56466,40,S
19891,56451,56468,17,N
19878,56433,56468,35,S
19898,56462,56470,8,N
19884,56440,56470,30,S
19888,56447,56472,25,S
19905,56473,56474,1,N
19892,56454,56474,20,S
19897,56461,56476,15,S
19902,56468,56478,10,S
19908,56475,56480,5,S
19911,56482,56482,0,S
19913,56484,56484,0,N
19916,56489,56490,1,S
19921,56495,56496,1,N
19922,56496,56496,0,S
19926,56503,56504,1,S
19928,56506,56506,0,N
19931,56510,56510,0,S
19935,56517,56518,1,N
19936,56517,56518,1,S
19896,56459,56520,61,E
19899,56462,56520,58,W
19900,56464,56520,56,E
19901,56466,56520,54,W
19903,56469,56520,51,E
19904,56470,56520,50,W
19906,56474,56522,48,E
19907,56474,56522,48,W
19910,56479,56522,43,E
19909,56478,56522,44,W
19914,56484,56522,38,E
19912,56482,56522,40,W
19917,56489,56524,35,E
19915,56486,56524,38,W
19919,56494,56524,30,E
19918,56490,56524,34,W
19924,56499,56524,25,E
19920,56494,56524,30,W
19927,56504,56526,22,E
19923,56498,56526,28,W
19930,56509,56526,17,E
19925,56502,56526,24,W
19933,56514,56526,12,E
19929,56506,56526,20,W
19938,56519,56528,9,E
19932,56510,56528,18,W
19941,56524,56528,4,E
19934,56514,56528,14,W
19937,56518,56528,10,W
19944,56529,56530,1,E
19939,56522,56530,8,W
19942,56526,56530,4,W
19945,56530,56530,0,W
19947,56534,56534,0,E
19948,56534,56534,0,W
19950,56538,56538,0,W
19952,56539,56540,1,E
19953,56542,56542,0,W
19954,56544,56544,0,E
19956,56546,56546,0,W
19957,56549,56550,1,E
19959,56550,56550,0,W
19961,56554,56554,0,E
19962,56554,56554,0,W
19963,56558,56558,0,W
19965,56559,56560,1,E
19967,56562,56562,0,W
19968,56564,56564,0,E
19970,56566,56566,0,W
19971,56569,56570,1,E
19972,56570,56570,0,W
19975,56574,56574,0,E
19976,56574,56574,0,W
19977,56578,56578,0,W
19943,56528,56580,52,N
19940,56524,56580,56,S
19951,56539,56582,43,N
19946,56531,56582,51,S
19958,56550,56584,34,N
19949,56538,56584,46,S
19966,56561,56586,25,N
19955,56545,56586,41,S
19973,56572,56588,16,N
19960,56552,56588,36,S
19981,56583,56590,7,N
19964,56559,56590,31,S
19969,56566,56592,26,S
19987,56594,56594,0,N
19974,56573,56594,21,S
19979,56580,56596,16,S
19984,56587,56598,11,S
19988,56594,56600,6,S
19993,56601,56602,1,S
19996,56605,56606,1,N
19998,56608,56608,0,S
20004,56616,56616,0,N
20003,56615,56616,1,S
20007,56622,56622,0,S
20011,56627,56628,1,N
20012,56629,56630,1,S
20017,56636,56636,0,S
20018,56638,56638,0,N
19978,56579,56640,61,E
19980,56582,56640,58,W
19982,56584,56640,56,E
19983,56586,56640,54,W
19985,56589,56640,51,E
19986,56590,56640,50,W
19989,56594,56642,48,E
19990,56594,56642,48,W
19992,56599,56642,43,E
19991,56598,56642,44,W
19995,56604,56642,38,E
19994,56602,56642,40,W
19999,56609,56644,35,E
19997,56606,56644,38,W
20001,56614,56644,30,E
20000,56610,56644,34,W
20006,56619,56644,25,E
20002,56614,56644,30,W
20009,56624,56646,22,E
20005,56618,56646,28,W
20013,56629,56646,17,E
20008,56622,56646,24,W
20015,56634,56646,12,E
20010,56626,56646,20,W
20020,56639,56648,9,E
20014,56630,56648,18,W
20023,56644,56648,4,E
20016,56634,56648,14,W
20019,56638,56648,10,W
20026,56649,56650,1,E
20021,56642,56650,8,W
20024,56646,56650,4,W
20028,56650,56650,0,W
20029,56654,56654,0,E
20030,56654,56654,0,W
20032,56658,56658,0,W
20033,56659,56660,1,E
20035,56662,56662,0,W
20037,56664,56664,0,E
20038,56666,56666,0,W
20039,56669,56670,1,E
20040,56670,56670,0,W
20043,56674,56674,0,E
20044,56674,56674,0,W
20046,56678,56678,0,W
20047,56679,56680,1,E
20049,56682,56682,0,W
20050,56684,56684,0,E
20052,56686,56686,0,W
20053,56689,56690,1,E
20054,56690,56690,0,W
20057,56694,56694,0,E
20058,56694,56694,0,W
20059,56698,56698,0,W
20025,56649,56700,51,N
20022,56643,56700,57,S
20034,56660,56702,42,N
20027,56650,56702,52,S
20041,56671,56704,33,N
20031,56657,56704,47,S
20048,56682,56706,24,N
20036,56664,56706,42,S
20056,56693,56708,15,N
20042,56671,56708,37,S
20063,56704,56710,6,N
20045,56678,56710,32,S
20051,56685,56712,27,S
20055,56692,56714,22,S
20072,56715,56716,1,N
20060,56699,56716,17,S
20065,56706,56718,12,S
20069,56713,56720,7,S
20075,56720,56722,2,S
20078,56726,56726,0,N
20080,56727,56728,1,S
20083,56734,56734,0,S
20086,56737,56738,1,N
20089,56741,56742,1,S
20093,56748,56748,0,N
20094,56748,56748,0,S
20099,56755,56756,1,S
20061,56699,56760,61,E
20062,56702,56760,58,W
20064,56704,56760,56,E
20066,56706,56760,54,W
20067,56709,56760,51,E
20068,56710,56760,50,W
20070,56714,56762,48,E
20071,56714,56762,48,W
20074,56719,56762,43,E
20073,56718,56762,44,W
20077,56724,56762,38,E
20076,56722,56762,40,W
20081,56729,56764,35,E
20079,56726,56764,38,W
20084,56734,56764,30,E
20082,56730,56764,34,W
20088,56739,56764,25,E
20085,56734,56764,30,W
20091,56744,56766,22,E
20087,56738,56766,28,W
20095,56749,56766,17,E
20090,56742,56766,24,W
20097,56754,56766,12,E
20092,56746,56766,20,W
20102,56759,56768,9,E
20096,56750,56768,18,W
20105,56764,56768,4,E
20098,56754,56768,14,W
20100,56758,56768,10,W
20108,56769,56770,1,E
20104,56762,56770,8,W
20106,56766,56770,4,W
20110,56770,56770,0,W
20111,56774,56774,0,E
20112,56774,56774,0,W
20114,56778,56778,0,W
20115,56779,56780,1,E
20117,56782,56782,0,W
20119,56784,56784,0,E
20120,56786,56786,0,W
20121,56789,56790,1,E
20123,56790,56790,0,W
20125,56794,56794,0,E
20126,56794,56794,0,W
20128,56798,56798,0,W
20129,56799,56800,1,E
20130,56802,56802,0,W
20133,56804,56804,0,E
20134,56806,56806,0,W
20135,56809,56810,1,E
20136,56810,56810,0,W
20139,56814,56814,0,E
20140,56814,56814,0,W
20142,56818,56818,0,W
20101,56759,56820,61,N
20103,56762,56820,58,S
20109,56770,56822,52,N
20107,56769,56822,53,S
20116,56781,56824,43,N
20113,56776,56824,48,S
20124,56792,56826,34,N
20118,56783,56826,43,S
20131,56803,56828,25,N
20122,56790,56828,38,S
20138,56814,56830,16,N
20127,56797,56830,33,S
20146,56825,56832,7,N
20132,56804,56832,28,S
20137,56811,56834,23,S
20154,56836,56836,0,N
20141,56818,56836,18,S
20147,56825,56838,13,S
20151,56832,56840,8,S
20156,56839,56842,3,S
20160,56846,56846,0,S
20162,56847,56848,1,N
20165,56853,56854,1,S
20168,56858,56858,0,N
20171,56860,56860,0,S
20175,56867,56868,1,S
20176,56869,56870,1,N
20179,56874,56874,0,S
20143,56819,56880,61,E
20144,56822,56880,58,W
20145,56824,56880,56,E
20148,56826,56880,54,W
20149,56829,56880,51,E
20150,56830,56880,50,W
20152,56834,56882,48,E
20153,56834,56882,48,W
20157,56839,56882,43,E
20155,56838,56882,44,W
20159,56844,56882,38,E
20158,56842,56882,40,W
20163,56849,56884,35,E
20161,56846,56884,38,W
20166,56854,56884,30,E
20164,56850,56884,34,W
20170,56859,56884,25,E
20167,56854,56884,30,W
20173,56864,56886,22,E
20169,56858,56886,28,W
20177,56869,56886,17,E
20172,56862,56886,24,W
20180,56874,56886,12,E
20174,56866,56886,20,W
20183,56879,56888,9,E
20178,56870,56888,18,W
20187,56884,56888,4,E
20181,56874,56888,14,W
20182,56878,56888,10,W
20190,56889,56890,1,E
20186,56882,56890,8,W
20188,56886,56890,4,W
20191,56890,56890,0,W
20193,56894,56894,0,E
20194,56894,56894,0,W
20196,56898,56898,0,W
20197,56899,56900,1,E
20200,56902,56902,0,W
20201,56904,56904,0,E
20202,56906,56906,0,W
20204,56909,56910,1,E
20205,56910,56910,0,W
20207,56914,56914,0,E
20208,56914,56914,0,W
20210,56918,56918,0,W
20211,56919,56920,1,E
20212,56922,56922,0,W
20215,56924,56924,0,E
20216,56926,56926,0,W
20217,56929,56930,1,E
20219,56930,56930,0,W
20220,56934,56934,0,E
20221,56934,56934,0,W
20224,56938,56938,0,W
20184,56880,56940,60,N
20185,56881,56940,59,S
20192,56891,56942,51,N
20189,56888,56942,54,S
20198,56902,56944,42,N
20195,56895,56944,49,S
20206,56913,56946,33,N
20199,56902,56946,44,S
20214,56924,56948,24,N
20203,56909,56948,39,S
20222,56935,56950,15,N
20209,56916,56950,34,S
20229,56946,56952,6,N
20213,56923,56952,29,S
20218,56930,56954,24,S
20223,56937,56956,19,S
20236,56957,56958,1,N
20227,56944,56958,14,S
20233,56951,56960,9,S
20237,56958,56962,4,S
20242,56965,56966,1,S
20244,56968,56968,0,N
20247,56972,56972,0,S
20251,56979,56980,1,N
20252,56979,56980,1,S
20256,56986,56986,0,S
20259,56990,56990,0,N
20261,56993,56994,1,S
20225,56939,57000,61,E
20226,56942,57000,58,W
20228,56944,57000,56,E
20230,56946,57000,54,W
20231,56949,57000,51,E
20232,56950,57000,50,W
20234,56954,57002,48,E
20235,56954,57002,48,W
20239,56959,57002,43,E
20238,56958,57002,44,W
20241,56964,57002,38,E
20240,56962,57002,40,W
20245,56969,57004,35,E
20243,56966,57004,38,W
20248,56974,57004,30,E
20246,56970,57004,34,W
20253,56979,57004,25,E
20249,56974,57004,30,W
20255,56984,57006,22,E
20250,56978,57006,28,W
20258,56989,57006,17,E
20254,56982,57006,24,W
20262,56994,57006,12,E
20257,56986,57006,20,W
20265,56999,57008,9,E
20260,56990,57008,18,W
20269,57004,57008,4,E
20263,56994,57008,14,W
20264,56998,57008,10,W
20272,57009,57010,1,E
20268,57002,57010,8,W
20270,57006,57010,4,W
20273,57010,57010,0,W
20276,57014,57014,0,E
20277,57014,57014,0,W
20278,57018,57018,0,W
20279,57019,57020,1,E
20281,57022,57022,0,W
20283,57024,57024,0,E
20284,57026,57026,0,W
20286,57029,57030,1,E
20287,57030,57030,0,W
20289,57034,57034,0,E
20290,57034,57034,0,W
20292,57038,57038,0,W
20293,57039,57040,1,E
20295,57042,57042,0,W
20296,57044,57044,0,E
20298,57046,57046,0,W
20300,57049,57050,1,E
20301,57050,57050,0,W
20302,57054,57054,0,E
20303,57054,57054,0,W
20306,57058,57058,0,W
20267,57001,57060,59,N
20266,57000,57060,60,S
20274,57012,57062,50,N
20271,57007,57062,55,S
20282,57023,57064,41,N
20275,57014,57064,50,S
20288,57034,57066,32,N
20280,57021,57066,45,S
20297,57045,57068,23,N
20285,57028,57068,40,S
20304,57056,57070,14,N
20291,57035,57070,35,S
20312,57067,57072,5,N
20294,57042,57072,30,S
20299,57049,57074,25,S
20305,57056,57076,20,S
20319,57078,57078,0,N
20309,57063,57078,15,S
20314,57070,57080,10,S
20318,57077,57082,5,S
20323,57084,57084,0,S
20326,57089,57090,1,N
20329,57091,57092,1,S
20332,57098,57098,0,S
20335,57100,57100,0,N
20338,57105,57106,1,S
20342,57111,57112,1,N
20343,57112,57112,0,S
20307,57059,57120,61,E
20308,57062,57120,58,W
20310,57064,57120,56,E
20311,57066,57120,54,W
20313,57069,57120,51,E
20315,57070,57120,50,W
20316,57074,57122,48,E
20317,57074,57122,48,W
20321,57079,57122,43,E
20320,57078,57122,44,W
20324,57084,57122,38,E
20322,57082,57122,40,W
20327,57089,57124,35,E
20325,57086,57124,38,W
20330,57094,57124,30,E
20328,57090,57124,34,W
20334,57099,57124,25,E
20331,57094,57124,30,W
20337,57104,57126,22,E
20333,57098,57126,28,W
20340,57109,57126,17,E
20336,57102,57126,24,W
20344,57114,57126,12,E
20339,57106,57126,20,W
20348,57119,57128,9,E
20341,57110,57128,18,W
20351,57124,57128,4,E
20345,57114,57128,14,W
20346,57118,57128,10,W
20354,57129,57130,1,E
20350,57122,57130,8,W
20353,57126,57130,4,W
20355,57130,57130,0,W
20358,57134,57134,0,E
20359,57134,57134,0,W
20360,57138,57138,0,W
20361,57139,57140,1,E
20363,57142,57142,0,W
20365,57144,57144,0,E
20366,57146,57146,0,W
20368,57149,57150,1,E
20369,57150,57150,0,W
20371,57154,57154,0,E
20372,57154,57154,0,W
20374,57158,57158,0,W
20375,57159,57160,1,E
20377,57162,57162,0,W
20378,57164,57164,0,E
20380,57166,57166,0,W
20382,57169,57170,1,E
20383,57170,57170,0,W
20384,57174,57174,0,E
20385,57174,57174,0,W
20388,57178,57178,0,W
20349,57122,57180,58,N
20347,57119,57180,61,S
20356,57133,57182,49,N
20352,57126,57182,56,S
20364,57144,57184,40,N
20357,57133,57184,51,S
20373,57155,57186,31,N
20362,57140,57186,46,S
20379,57166,57188,22,N
20367,57147,57188,41,S
20387,57177,57190,13,N
20370,57154,57190,36,S
20394,57188,57192,4,N
20376,57161,57192,31,S
20381,57168,57194,26,S
20386,57175,57196,21,S
20390,57182,57198,16,S
20402,57199,57200,1,N
20395,57189,57200,11,S
20400,57196,57202,6,S
20405,57203,57204,1,S
20409,57210,57210,0,N
20410,57210,57210,0,S
20414,57217,57218,1,S
20417,57221,57222,1,N
20419,57224,57224,0,S
20425,57232,57232,0,N
20424,57231,57232,1,S
20428,57238,57238,0,S
20389,57179,57240,61,E
20391,57182,57240,58,W
20392,57184,57240,56,E
20393,57186,57240,54,W
20396,57189,57240,51,E
20397,57190,57240,50,W
20398,57194,57242,48,E
20399,57194,57242,48,W
20403,57199,57242,43,E
20401,57198,57242,44,W
20406,57204,57242,38,E
20404,57202,57242,40,W
20408,57209,57244,35,E
20407,57206,57244,38,W
20412,57214,57244,30,E
20411,57210,57244,34,W
20416,57219,57244,25,E
20413,57214,57244,30,W
20420,57224,57246,22,E
20415,57218,57246,28,W
20422,57229,57246,17,E
20418,57222,57246,24,W
20426,57234,57246,12,E
20421,57226,57246,20,W
20430,57239,57248,9,E
20423,57230,57248,18,W
20433,57244,57248,4,E
20427,57234,57248,14,W
20429,57238,57248,10,W
20436,57249,57250,1,E
20431,57242,57250,8,W
20435,57246,57250,4,W
20437,57250,57250,0,W
20440,57254,57254,0,E
20441,57254,57254,0,W
20442,57258,57258,0,W
20444,57259,57260,1,E
20445,57262,57262,0,W
20446,57264,57264,0,E
20449,57266,57266,0,W
20450,57269,57270,1,E
20451,57270,57270,0,W
20453,57274,57274,0,E
20454,57274,57274,0,W
20456,57278,57278,0,W
20457,57279,57280,1,E
20459,57282,57282,0,W
20460,57284,57284,0,E
20461,57286,57286,0,W
20464,57289,57290,1,E
20465,57290,57290,0,W
20467,57294,57294,0,E
20468,57294,57294,0,W
20470,57298,57298,0,W
20432,57243,57300,57,N
20434,57245,57300,55,S
20439,57254,57302,48,N
20438,57252,57302,50,S
20447,57265,57304,39,N
20443,57259,57304,45,S
20455,57276,57306,30,N
20448,57266,57306,40,S
20462,57287,57308,21,N
20452,57273,57308,35,S
20469,57298,57310,12,N
20458,57280,57310,30,S
20477,57309,57312,3,N
20463,57287,57312,25,S
20466,57294,57314,20,S
20472,57301,57316,15,S
20476,57308,57318,10,S
20485,57320,57320,0,N
20482,57315,57320,5,S
20486,57322,57322,0,S
20490,57329,57330,1,S
20493,57331,57332,1,N
20496,57336,57336,0,S
20499,57342,57342,0,N
20501,57343,57344,1,S
20505,57350,57350,0,S
20507,57353,57354,1,N
20510,57357,57358,1,S
20471,57299,57360,61,E
20473,57302,57360,58,W
20474,57304,57360,56,E
20475,57306,57360,54,W
20478,57309,57360,51,E
20479,57310,57360,50,W
20480,57314,57362,48,E
20481,57314,57362,48,W
20484,57319,57362,43,E
20483,57318,57362,44,W
20488,57324,57362,38,E
20487,57322,57362,40,W
20491,57329,57364,35,E
20489,57326,57364,38,W
20494,57334,57364,30,E
20492,57330,57364,34,W
20498,57339,57364,25,E
20495,57334,57364,30,W
20502,57344,57366,22,E
20497,57338,57366,28,W
20504,57349,57366,17,E
20500,57342,57366,24,W
20508,57354,57366,12,E
20503,57346,57366,20,W
20512,57359,57368,9,E
20506,57350,57368,18,W
20516,57364,57368,4,E
20509,57354,57368,14,W
20511,57358,57368,10,W
20518,57369,57370,1,E
20513,57362,57370,8,W
20517,57366,57370,4,W
20519,57370,57370,0,W
20521,57374,57374,0,E
20522,57374,57374,0,W
20525,57378,57378,0,W
20526,57379,57380,1,E
20527,57382,57382,0,W
20528,57384,57384,0,E
20531,57386,57386,0,W
20532,57389,57390,1,E
20533,57390,57390,0,W
20535,57394,57394,0,E
20536,57394,57394,0,W
20538,57398,57398,0,W
20540,57399,57400,1,E
20541,57402,57402,0,W
20542,57404,57404,0,E
20544,57406,57406,0,W
20546,57409,57410,1,E
20547,57410,57410,0,W
20549,57414,57414,0,E
20550,57414,57414,0,W
20551,57418,57418,0,W
20514,57364,57420,56,N
20515,57364,57420,56,S
20523,57375,57422,47,N
20520,57371,57422,51,S
20530,57386,57424,38,N
20524,57378,57424,46,S
20537,57397,57426,29,N
20529,57385,57426,41,S
20545,57408,57428,20,N
20534,57392,57428,36,S
20552,57419,57430,11,N
20539,57399,57430,31,S
20560,57430,57432,2,N
20543,57406,57432,26,S
20548,57413,57434,21,S
20554,57420,57436,16,S
20558,57427,57438,11,S
20562,57434,57440,6,S
20567,57441,57442,1,N
20568,57441,57442,1,S
20572,57448,57448,0,S
20575,57452,57452,0,N
20578,57455,57456,1,S
20581,57462,57462,0,S
20583,57463,57464,1,N
20586,57469,57470,1,S
20589,57474,57474,0,N
20592,57476,57476,0,S
20553,57419,57480,61,E
20555,57422,57480,58,W
20556,57424,57480,56,E
20557,57426,57480,54,W
20559,57429,57480,51,E
20561,57430,57480,50,W
20563,57434,57482,48,E
20564,57434,57482,48,W
20566,57439,57482,43,E
20565,57438,57482,44,W
20570,57444,57482,38,E
20569,57442,57482,40,W
20573,57449,57484,35,E
20571,57446,57484,38,W
20576,57454,57484,30,E
20574,57450,57484,34,W
20580,57459,57484,25,E
20577,57454,57484,30,W
20584,57464,57486,22,E
20579,57458,57486,28,W
20587,57469,57486,17,E
20582,57462,57486,24,W
20590,57474,57486,12,E
20585,57466,57486,20,W
20594,57479,57488,9,E
20588,57470,57488,18,W
20597,57484,57488,4,E
20591,57474,57488,14,W
20593,57478,57488,10,W
20600,57489,57490,1,E
20595,57482,57490,8,W
20599,57486,57490,4,W
20602,57490,57490,0,W
20603,57494,57494,0,E
20604,57494,57494,0,W
20607,57498,57498,0,W
20608,57499,57500,1,E
20609,57502,57502,0,W
20611,57504,57504,0,E
20612,57506,57506,0,W
20614,57509,57510,1,E
20615,57510,57510,0,W
20617,57514,57514,0,E
20618,57514,57514,0,W
20621,57518,57518,0,W
20622,57519,57520,1,E
20623,57522,57522,0,W
20624,57524,57524,0,E
20626,57526,57526,0,W
20628,57529,57530,1,E
20629,57530,57530,0,W
20631,57534,57534,0,E
20632,57534,57534,0,W
20633,57538,57538,0,W
20598,57485,57540,55,N
20596,57483,57540,57,S
20605,57496,57542,46,N
20601,57490,57542,52,S
20613,57507,57544,37,N
20606,57497,57544,47,S
20619,57518,57546,28,N
20610,57504,57546,42,S
20627,57529,57548,19,N
20616,57511,57548,37,S
20636,57540,57550,10,N
20620,57518,57550,32,S
20643,57551,57552,1,N
20625,57525,57552,27,S
20630,57532,57554,22,S
20634,57539,57556,17,S
20639,57546,57558,12,S
20644,57553,57560,7,S
20650,57562,57562,0,N
20649,57560,57562,2,S
20654,57567,57568,1,S
20657,57573,57574,1,N
20658,57574,57574,0,S
20663,57581,57582,1,S
20665,57584,57584,0,N
20668,57588,57588,0,S
20673,57595,57596,1,N
20674,57595,57596,1,S
20635,57539,57600,61,E
20637,57542,57600,58,W
20638,57544,57600,56,E
20640,57546,57600,54,W
20641,57549,57600,51,E
20642,57550,57600,50,W
20645,57554,57602,48,E
20646,57554,57602,48,W
20648,57559,57602,43,E
20647,57558,57602,44,W
20652,57564,57602,38,E
20651,57562,57602,40,W
20655,57569,57604,35,E
20653,57566,57604,38,W
20659,57574,57604,30,E
20656,57570,57604,34,W
20662,57579,57604,25,E
20660,57574,57604,30,W
20666,57584,57606,22,E
20661,57578,57606,28,W
20669,57589,57606,17,E
20664,57582,57606,24,W
20671,57594,57606,12,E
20667,57586,57606,20,W
20676,57599,57608,9,E
20670,57590,57608,18,W
20679,57604,57608,4,E
20672,57594,57608,14,W
20675,57598,57608,10,W
20683,57609,57610,1,E
20678,57602,57610,8,W
20681,57606,57610,4,W
20684,57610,57610,0,W
20685,57614,57614,0,E
20686,57614,57614,0,W
20689,57618,57618,0,W
20690,57619,57620,1,E
20691,57622,57622,0,W
20693,57624,57624,0,E
20695,57626,57626,0,W
20696,57629,57630,1,E
20698,57630,57630,0,W
20699,57634,57634,0,E
20700,57634,57634,0,W
20703,57638,57638,0,W
20704,57639,57640,1,E
20705,57642,57642,0,W
20707,57644,57644,0,E
20709,57646,57646,0,W
20710,57649,57650,1,E
20711,57650,57650,0,W
20713,57654,57654,0,E
20714,57654,57654,0,W
20717,57658,57658,0,W
20680,57606,57660,54,N
20677,57602,57660,58,S
20687,57616,57662,46,N
20682,57609,57662,53,S
20694,57626,57664,38,N
20688,57616,57664,48,S
20701,57636,57666,30,N
20692,57623,57666,43,S
20708,57646,57668,22,N
20697,57630,57668,38,S
20715,57656,57670,14,N
20702,57637,57670,33,S
20722,57666,57672,6,N
20706,57644,57672,28,S
20712,57651,57674,23,S
20729,57676,57676,0,N
20716,57658,57676,18,S
20721,57665,57678,13,S
20726,57672,57680,8,S
20731,57679,57682,3,S
20735,57686,57686,0,N
20736,57686,57686,0,S
20740,57693,57694,1,S
20743,57696,57696,0,N
20746,57700,57700,0,S
20749,57706,57706,0,N
20751,57707,57708,1,S
20754,57714,57714,0,S
20757,57716,57716,0,N
20718,57659,57720,61,E
20719,57662,57720,58,W
20720,57664,57720,56,E
20723,57666,57720,54,W
20724,57669,57720,51,E
20725,57670,57720,50,W
20727,57674,57722,48,E
20728,57674,57722,48,W
20732,57679,57722,43,E
20730,57678,57722,44,W
20734,57684,57722,38,E
20733,57682,57722,40,W
20738,57689,57724,35,E
20737,57686,57724,38,W
20741,57694,57724,30,E
20739,57690,57724,34,W
20745,57699,57724,25,E
20742,57694,57724,30,W
20748,57704,57726,22,E
20744,57698,57726,28,W
20752,57709,57726,17,E
20747,57702,57726,24,W
20755,57714,57726,12,E
20750,57706,57726,20,W
20759,57719,57728,9,E
20753,57710,57728,18,W
20762,57724,57728,4,E
20756,57714,57728,14,W
20758,57718,57728,10,W
20766,57729,57730,1,E
20761,57722,57730,8,W
20764,57726,57730,4,W
20767,57730,57730,0,W
20768,57734,57734,0,E
20769,57734,57734,0,W
20772,57738,57738,0,W
20773,57739,57740,1,E
20775,57742,57742,0,W
20776,57744,57744,0,E
20778,57746,57746,0,W
20780,57749,57750,1,E
20781,57750,57750,0,W
20782,57754,57754,0,E
20783,57754,57754,0,W
20786,57758,57758,0,W
20787,57759,57760,1,E
20788,57762,57762,0,W
20790,57764,57764,0,E
20792,57766,57766,0,W
20793,57769,57770,1,E
20795,57770,57770,0,W
20796,57774,57774,0,E
20797,57774,57774,0,W
20800,57778,57778,0,W
20763,57726,57780,54,N
20760,57721,57780,59,S
20771,57736,57782,46,N
20765,57728,57782,54,S
20777,57746,57784,38,N
20770,57735,57784,49,S
20784,57756,57786,30,N
20774,57742,57786,44,S
20791,57766,57788,22,N
20779,57749,57788,39,S
20798,57776,57790,14,N
20785,57756,57790,34,S
20805,57786,57792,6,N
20789,57763,57792,29,S
20794,57770,57794,24,S
20812,57796,57796,0,N
20799,57777,57796,19,S
20803,57784,57798,14,S
20809,57791,57800,9,S
20813,57798,57802,4,S
20819,57806,57806,0,N
20818,57805,57806,1,S
20823,57812,57812,0,S
20826,57816,57816,0,N
20828,57819,57820,1,S
20832,57826,57826,0,N
20833,57826,57826,0,S
20837,57833,57834,1,S
20840,57836,57836,0,N
20801,57779,57840,61,E
20802,57782,57840,58,W
20804,57784,57840,56,E
20806,57786,57840,54,W
20807,57789,57840,51,E
20808,57790,57840,50,W
20810,57794,57842,48,E
20811,57794,57842,48,W
20815,57799,57842,43,E
20814,57798,57842,44,W
20817,57804,57842,38,E
20816,57802,57842,40,W
20821,57809,57844,35,E
20820,57806,57844,38,W
20824,57814,57844,30,E
20822,57810,57844,34,W
20829,57819,57844,25,E
20825,57814,57844,30,W
20831,57824,57846,22,E
20827,57818,57846,28,W
20835,57829,57846,17,E
20830,57822,57846,24,W
20838,57834,57846,12,E
20834,57826,57846,20,W
20842,57839,57848,9,E
20836,57830,57848,18,W
20845,57844,57848,4,E
20839,57834,57848,14,W
20841,57838,57848,10,W
20849,57849,57850,1,E
20844,57842,57850,8,W
20847,57846,57850,4,W
20850,57850,57850,0,W
20852,57854,57854,0,E
20853,57854,57854,0,W
20855,57858,57858,0,W
20856,57859,57860,1,E
20858,57862,57862,0,W
20859,57864,57864,0,E
20861,57866,57866,0,W
20863,57869,57870,1,E
20864,57870,57870,0,W
20865,57874,57874,0,E
20866,57874,57874,0,W
20869,57878,57878,0,W
20870,57879,57880,1,E
20872,57882,57882,0,W
20873,57884,57884,0,E
20875,57886,57886,0,W
20877,57889,57890,1,E
20878,57890,57890,0,W
20879,57894,57894,0,E
20880,57894,57894,0,W
20883,57898,57898,0,W
20846,57846,57900,54,N
20843,57840,57900,60,S
20854,57856,57902,46,N
20848,57847,57902,55,S
20860,57866,57904,38,N
20851,57854,57904,50,S
20868,57876,57906,30,N
20857,57861,57906,45,S
20874,57886,57908,22,N
20862,57868,57908,40,S
20881,57896,57910,14,N
20867,57875,57910,35,S
20888,57906,57912,6,N
20871,57882,57912,30,S
20876,57889,57914,25,S
20895,57916,57916,0,N
20882,57896,57916,20,S
20886,57903,57918,15,S
20891,57910,57920,10,S
20896,57917,57922,5,S
20900,57924,57924,0,S
20902,57926,57926,0,N
20906,57931,57932,1,S
20909,57936,57936,0,N
20910,57938,57938,0,S
20916,57946,57946,0,N
20915,57945,57946,1,S
20920,57952,57952,0,S
20923,57956,57956,0,N
20884,57899,57960,61,E
20885,57902,57960,58,W
20887,57904,57960,56,E
20889,57906,57960,54,W
20890,57909,57960,51,E
20892,57910,57960,50,W
20893,57914,57962,48,E
20894,57914,57962,48,W
20898,57919,57962,43,E
20897,57918,57962,44,W
20901,57924,57962,38,E
20899,57922,57962,40,W
20904,57929,57964,35,E
20903,57926,57964,38,W
20907,57934,57964,30,E
20905,57930,57964,34,W
20912,57939,57964,25,E
20908,57934,57964,30,W
20914,57944,57966,22,E
20911,57938,57966,28,W
20918,57949,57966,17,E
20913,57942,57966,24,W
20921,57954,57966,12,E
20917,57946,57966,20,W
20926,57959,57968,9,E
20919,57950,57968,18,W
20928,57964,57968,4,E
20922,57954,57968,14,W
20924,57958,57968,10,W
20932,57969,57970,1,E
20927,57962,57970,8,W
20931,57966,57970,4,W
20933,57970,57970,0,W
20935,57974,57974,0,E
20936,57974,57974,0,W
20938,57978,57978,0,W
20939,57979,57980,1,E
20941,57982,57982,0,W
20942,57984,57984,0,E
20944,57986,57986,0,W
20946,57989,57990,1,E
20947,57990,57990,0,W
20949,57994,57994,0,E
20950,57994,57994,0,W
20952,57998,57998,0,W
20953,57999,58000,1,E
20955,58002,58002,0,W
20956,58004,58004,0,E
20958,58006,58006,0,W
20960,58009,58010,1,E
20961,58010,58010,0,W
20962,58014,58014,0,E
20963,58014,58014,0,W
20966,58018,58018,0,W
20929,57966,58020,54,N
20925,57959,58020,61,S
20937,57976,58022,46,N
20930,57966,58022,56,S
20943,57986,58024,38,N
20934,57973,58024,51,S
20951,57996,58026,30,N
20940,57980,58026,46,S
20957,58006,58028,22,N
20945,57987,58028,41,S
20965,58016,58030,14,N
20948,57994,58030,36,S
20971,58026,58032,6,N
20954,58001,58032,31,S
20959,58008,58034,26,S
20978,58036,58036,0,N
20964,58015,58036,21,S
20968,58022,58038,16,S
20973,58029,58040,11,S
20979,58036,58042,6,S
20983,58043,58044,1,S
20985,58046,58046,0,N
20988,58050,58050,0,S
20992,58056,58056,0,N
20993,58057,58058,1,S
20997,58064,58064,0,S
20999,58066,58066,0,N
21003,58071,58072,1,S
21006,58076,58076,0,N
21007,58078,58078,0,S
20967,58019,58080,61,E
20969,58022,58080,58,W
20970,58024,58080,56,E
20972,58026,58080,54,W
20974,58029,58080,51,E
20975,58030,58080,50,W
20976,58034,58082,48,E
20977,58034,58082,48,W
20981,58039,58082,43,E
20980,58038,58082,44,W
20984,58044,58082,38,E
20982,58042,58082,40,W
20987,58049,58084,35,E
20986,58046,58084,38,W
20990,58054,58084,30,E
20989,58050,58084,34,W
20995,58059,58084,25,E
20991,58054,58084,30,W
20998,58064,58086,22,E
20994,58058,58086,28,W
21001,58069,58086,17,E
20996,58062,58086,24,W
21004,58074,58086,12,E
21000,58066,58086,20,W
21009,58079,58088,9,E
21002,58070,58088,18,W
21011,58084,58088,4,E
21005,58074,58088,14,W
21008,58078,58088,10,W
21015,58089,58090,1,E
21010,58082,58090,8,W
21014,58086,58090,4,W
21016,58090,58090,0,W
21018,58094,58094,0,E
21019,58094,58094,0,W
21021,58098,58098,0,W
21023,58099,58100,1,E
21024,58102,58102,0,W
21025,58104,58104,0,E
21028,58106,58106,0,W
21029,58109,58110,1,E
21030,58110,58110,0,W
21032,58114,58114,0,E
21033,58114,58114,0,W
21035,58118,58118,0,W
21036,58119,58120,1,E
21038,58122,58122,0,W
21039,58124,58124,0,E
21041,58126,58126,0,W
21043,58129,58130,1,E
21044,58130,58130,0,W
21046,58134,58134,0,E
21047,58134,58134,0,W
21049,58138,58138,0,W
21013,58086,58140,54,N
21012,58085,58140,55,S
21020,58096,58142,46,N
21017,58092,58142,50,S
21026,58106,58144,38,N
21022,58099,58144,45,S
21034,58116,58146,30,N
21027,58106,58146,40,S
21040,58126,58148,22,N
21031,58113,58148,35,S
21048,58136,58150,14,N
21037,58120,58150,30,S
21054,58146,58152,6,N
21042,58127,58152,25,S
21045,58134,58154,20,S
21062,58156,58156,0,N
21051,58141,58156,15,S
21056,58148,58158,10,S
21061,58155,58160,5,S
21065,58162,58162,0,S
21068,58166,58166,0,N
21070,58169,58170,1,S
21075,58176,58176,0,N
21076,58176,58176,0,S
21080,58183,58184,1,S
21082,58186,58186,0,N
21085,58190,58190,0,S
21089,58196,58196,0,N
21090,58197,58198,1,S
21050,58139,58200,61,E
21052,58142,58200,58,W
21053,58144,58200,56,E
21055,58146,58200,54,W
21057,58149,58200,51,E
21058,58150,58200,50,W
21059,58154,58202,48,E
21060,58154,58202,48,W
21064,58159,58202,43,E
21063,58158,58202,44,W
21067,58164,58202,38,E
21066,58162,58202,40,W
21071,58169,58204,35,E
21069,58166,58204,38,W
21073,58174,58204,30,E
21072,58170,58204,34,W
21078,58179,58204,25,E
21074,58174,58204,30,W
21081,58184,58206,22,E
21077,58178,58206,28,W
21084,58189,58206,17,E
21079,58182,58206,24,W
21087,58194,58206,12,E
21083,58186,58206,20,W
21092,58199,58208,9,E
21086,58190,58208,18,W
21095,58204,58208,4,E
21088,58194,58208,14,W
21091,58198,58208,10,W
21098,58209,58210,1,E
21093,58202,58210,8,W
21097,58206,58210,4,W
21099,58210,58210,0,W
21101,58214,58214,0,E
21102,58214,58214,0,W
21105,58218,58218,0,W
21106,58219,58220,1,E
21107,58222,58222,0,W
21108,58224,58224,0,E
21111,58226,58226,0,W
21112,58229,58230,1,E
21113,58230,58230,0,W
21115,58234,58234,0,E
21116,58234,58234,0,W
21118,58238,58238,0,W
21120,58239,58240,1,E
21121,58242,58242,0,W
21122,58244,58244,0,E
21125,58246,58246,0,W
21126,58249,58250,1,E
21127,58250,58250,0,W
21129,58254,58254,0,E
21130,58254,58254,0,W
21132,58258,58258,0,W
21096,58206,58260,54,N
21094,58204,58260,56,S
21103,58216,58262,46,N
21100,58211,58262,51,S
21110,58226,58264,38,N
21104,58218,58264,46,S
21117,58236,58266,30,N
21109,58225,58266,41,S
21123,58246,58268,22,N
21114,58232,58268,36,S
21131,58256,58270,14,N
21119,58239,58270,31,S
21137,58266,58272,6,N
21124,58246,58272,26,S
21128,58253,58274,21,S
21145,58276,58276,0,N
21134,58260,58276,16,S
21139,58267,58278,11,S
21142,58274,58280,6,S
21148,58281,58282,1,S
21151,58286,58286,0,N
21153,58288,58288,0,S
21159,58296,58296,0,N
21158,58295,58296,1,S
21162,58302,58302,0,S
21165,58306,58306,0,N
21167,58309,58310,1,S
21172,58316,58316,0,N
21173,58316,58316,0,S
21133,58259,58320,61,E
21135,58262,58320,58,W
21136,58264,58320,56,E
21138,58266,58320,54,W
21140,58269,58320,51,E
21141,58270,58320,50,W
21143,58274,58322,48,E
21144,58274,58322,48,W
21147,58279,58322,43,E
21146,58278,58322,44,W
21150,58284,58322,38,E
21149,58282,58322,40,W
21154,58289,58324,35,E
21152,58286,58324,38,W
21156,58294,58324,30,E
21155,58290,58324,34,W
21161,58299,58324,25,E
21157,58294,58324,30,W
21164,58304,58326,22,E
21160,58298,58326,28,W
21168,58309,58326,17,E
21163,58302,58326,24,W
21170,58314,58326,12,E
21166,58306,58326,20,W
21175,58319,58328,9,E
21169,58310,58328,18,W
21178,58324,58328,4,E
21171,58314,58328,14,W
21174,58318,58328,10,W
21181,58329,58330,1,E
21176,58322,58330,8,W
21180,58326,58330,4,W
21183,58330,58330,0,W
21184,58334,58334,0,E
21185,58334,58334,0,W
21188,58338,58338,0,W
21189,58339,58340,1,E
21190,58342,58342,0,W
21192,58344,58344,0,E
21194,58346,58346,0,W
21195,58349,58350,1,E
21196,58350,58350,0,W
21198,58354,58354,0,E
21199,58354,58354,0,W
21202,58358,58358,0,W
21203,58359,58360,1,E
21204,58362,58362,0,W
21205,58364,58364,0,E
21208,58366,58366,0,W
21209,58369,58370,1,E
21210,58370,58370,0,W
21212,58374,58374,0,E
21213,58374,58374,0,W
21215,58378,58378,0,W
21179,58326,58380,54,N
21177,58323,58380,57,S
21186,58336,58382,46,N
21182,58330,58382,52,S
21193,58346,58384,38,N
21187,58337,58384,47,S
21200,58356,58386,30,N
21191,58344,58386,42,S
21207,58366,58388,22,N
21197,58351,58388,37,S
21214,58376,58390,14,N
21201,58358,58390,32,S
21220,58386,58392,6,N
21206,58365,58392,27,S
21211,58372,58394,22,S
21228,58396,58396,0,N
21216,58379,58396,17,S
21221,58386,58398,12,S
21225,58393,58400,7,S
21231,58400,58402,2,S
21234,58406,58406,0,N
21236,58407,58408,1,S
21239,58414,58414,0,S
21242,58416,58416,0,N
21245,58421,58422,1,S
21248,58426,58426,0,N
21250,58428,58428,0,S
21256,58436,58436,0,N
21255,58435,58436,1,S
21217,58379,58440,61,E
21218,58382,58440,58,W
21219,58384,58440,56,E
21222,58386,58440,54,W
21223,58389,58440,51,E
21224,58390,58440,50,W
21226,58394,58442,48,E
21227,58394,58442,48,W
21230,58399,58442,43,E
21229,58398,58442,44,W
21233,58404,58442,38,E
21232,58402,58442,40,W
21237,58409,58444,35,E
21235,58406,58444,38,W
21240,58414,58444,30,E
21238,58410,58444,34,W
21244,58419,58444,25,E
21241,58414,58444,30,W
21247,58424,58446,22,E
21243,58418,58446,28,W
21251,58429,58446,17,E
21246,58422,58446,24,W
21253,58434,58446,12,E
21249,58426,58446,20,W
21258,58439,58448,9,E
21252,58430,58448,18,W
21261,58444,58448,4,E
21254,58434,58448,14,W
21257,58438,58448,10,W
21265,58449,58450,1,E
21260,58442,58450,8,W
21263,58446,58450,4,W
21266,58450,58450,0,W
21267,58454,58454,0,E
21268,58454,58454,0,W
21271,58458,58458,0,W
21272,58459,58460,1,E
21273,58462,58462,0,W
21275,58464,58464,0,E
21277,58466,58466,0,W
21278,58469,58470,1,E
21280,58470,58470,0,W
21281,58474,58474,0,E
21282,58474,58474,0,W
21285,58478,58478,0,W
21286,58479,58480,1,E
21287,58482,58482,0,W
21289,58484,58484,0,E
21291,58486,58486,0,W
21292,58489,58490,1,E
21293,58490,58490,0,W
21295,58494,58494,0,E
21296,58494,58494,0,W
21299,58498,58498,0,W
21262,58446,58500,54,N
21259,58442,58500,58,S
21269,58456,58502,46,N
21264,58449,58502,53,S
21276,58466,58504,38,N
21270,58456,58504,48,S
21283,58476,58506,30,N
21274,58463,58506,43,S
21290,58486,58508,22,N
21279,58470,58508,38,S
21297,58496,58510,14,N
21284,58477,58510,33,S
21304,58506,58512,6,N
21288,58484,58512,28,S
21294,58491,58514,23,S
21311,58516,58516,0,N
21298,58498,58516,18,S
21303,58505,58518,13,S
21308,58512,58520,8,S
21313,58519,58522,3,S
21317,58526,58526,0,N
21318,58526,58526,0,S
21322,58533,58534,1,S
21325,58536,58536,0,N
21328,58540,58540,0,S
21331,58546,58546,0,N
21333,58547,58548,1,S
21336,58554,58554,0,S
21339,58556,58556,0,N
21300,58499,58560,61,E
21301,58502,58560,58,W
21302,58504,58560,56,E
21305,58506,58560,54,W
21306,58509,58560,51,E
21307,58510,58560,50,W
21309,58514,58562,48,E
21310,58514,58562,48,W
21314,58519,58562,43,E
21312,58518,58562,44,W
21316,58524,58562,38,E
21315,58522,58562,40,W
21320,58529,58564,35,E
21319,58526,58564,38,W
21323,58534,58564,30,E
21321,58530,58564,34,W
21327,58539,58564,25,E
21324,58534,58564,30,W
21330,58544,58566,22,E
21326,58538,58566,28,W
21334,58549,58566,17,E
21329,58542,58566,24,W
21337,58554,58566,12,E
21332,58546,58566,20,W
21341,58559,58568,9,E
21335,58550,58568,18,W
21344,58564,58568,4,E
21338,58554,58568,14,W
21340,58558,58568,10,W
21348,58569,58570,1,E
21343,58562,58570,8,W
21346,58566,58570,4,W
21349,58570,58570,0,W
21350,58574,58574,0,E
21351,58574,58574,0,W
21354,58578,58578,0,W
21355,58579,58580,1,E
21357,58582,58582,0,W
21358,58584,58584,0,E
21360,58586,58586,0,W
21362,58589,58590,1,E
21363,58590,58590,0,W
21364,58594,58594,0,E
21365,58594,58594,0,W
21368,58598,58598,0,W
21369,58599,58600,1,E
21370,58602,58602,0,W
21372,58604,58604,0,E
21374,58606,58606,0,W
21375,58609,58610,1,E
21377,58610,58610,0,W
21378,58614,58614,0,E
21379,58614,58614,0,W
21382,58618,58618,0,W
21345,58566,58620,54,N
21342,58561,58620,59,S
21353,58576,58622,46,N
21347,58568,58622,54,S
21359,58586,58624,38,N
21352,58575,58624,49,S
21366,58596,58626,30,N
21356,58582,58626,44,S
21373,58606,58628,22,N
21361,58589,58628,39,S
21380,58616,58630,14,N
21367,58596,58630,34,S
21387,58626,58632,6,N
21371,58603,58632,29,S
21376,58610,58634,24,S
21394,58636,58636,0,N
21381,58617,58636,19,S
21385,58624,58638,14,S
21391,58631,58640,9,S
21395,58638,58642,4,S
21401,58646,58646,0,N
21400,58645,58646,1,S
21405,58652,58652,0,S
21408,58656,58656,0,N
21410,58659,58660,1,S
21414,58666,58666,0,N
21415,58666,58666,0,S
21419,58673,58674,1,S
21422,58676,58676,0,N
21383,58619,58680,61,E
21384,58622,58680,58,W
21386,58624,58680,56,E
21388,58626,58680,54,W
21389,58629,58680,51,E
21390,58630,58680,50,W
21392,58634,58682,48,E
21393,58634,58682,48,W
21397,58639,58682,43,E
21396,58638,58682,44,W
21399,58644,58682,38,E
21398,58642,58682,40,W
21403,58649,58684,35,E
21402,58646,58684,38,W
21406,58654,58684,30,E
21404,58650,58684,34,W
21411,58659,58684,25,E
21407,58654,58684,30,W
21413,58664,58686,22,E
21409,58658,58686,28,W
21417,58669,58686,17,E
21412,58662,58686,24,W
21420,58674,58686,12,E
21416,58666,58686,20,W
21424,58679,58688,9,E
21418,58670,58688,18,W
21427,58684,58688,4,E
21421,58674,58688,14,W
21423,58678,58688,10,W
21431,58689,58690,1,E
21426,58682,58690,8,W
21429,58686,58690,4,W
21432,58690,58690,0,W
21434,58694,58694,0,E
21435,58694,58694,0,W
21437,58698,58698,0,W
21438,58699,58700,1,E
21440,58702,58702,0,W
21441,58704,58704,0,E
21443,58706,58706,0,W
21445,58709,58710,1,E
21446,58710,58710,0,W
21447,58714,58714,0,E
21448,58714,58714,0,W
21451,58718,58718,0,W
21452,58719,58720,1,E
21454,58722,58722,0,W
21455,58724,58724,0,E
21457,58726,58726,0,W
21459,58729,58730,1,E
21460,58730,58730,0,W
21461,58734,58734,0,E
21462,58734,58734,0,W
21465,58738,58738,0,W
21428,58686,58740,54,N
21425,58680,58740,60,S
21436,58696,58742,46,N
21430,58687,58742,55,S
21442,58706,58744,38,N
21433,58694,58744,50,S
21450,58716,58746,30,N
21439,58701,58746,45,S
21456,58726,58748,22,N
21444,58708,58748,40,S
21463,58736,58750,14,N
21449,58715,58750,35,S
21470,58746,58752,6,N
21453,58722,58752,30,S
21458,58729,58754,25,S
21477,58756,58756,0,N
21464,58736,58756,20,S
21468,58743,58758,15,S
21473,58750,58760,10,S
21478,58757,58762,5,S
21482,58764,58764,0,S
21484,58766,58766,0,N
21488,58771,58772,1,S
21491,58776,58776,0,N
21492,58778,58778,0,S
21498,58786,58786,0,N
21497,58785,58786,1,S
21502,58792,58792,0,S
21505,58796,58796,0,N
21466,58739,58800,61,E
21467,58742,58800,58,W
21469,58744,58800,56,E
21471,58746,58800,54,W
21472,58749,58800,51,E
21474,58750,58800,50,W
21475,58754,58802,48,E
21476,58754,58802,48,W
21480,58759,58802,43,E
21479,58758,58802,44,W
21483,58764,58802,38,E
21481,58762,58802,40,W
21486,58769,58804,35,E
21485,58766,58804,38,W
21489,58774,58804,30,E
21487,58770,58804,34,W
21494,58779,58804,25,E
21490,58774,58804,30,W
21496,58784,58806,22,E
21493,58778,58806,28,W
21500,58789,58806,17,E
21495,58782,58806,24,W
21503,58794,58806,12,E
21499,58786,58806,20,W
21508,58799,58808,9,E
21501,58790,58808,18,W
21510,58804,58808,4,E
21504,58794,58808,14,W
21506,58798,58808,10,W
21514,58809,58810,1,E
21509,58802,58810,8,W
21513,58806,58810,4,W
21515,58810,58810,0,W
21517,58814,58814,0,E
21518,58814,58814,0,W
21520,58818,58818,0,W
21521,58819,58820,1,E
21523,58822,58822,0,W
21524,58824,58824,0,E
21526,58826,58826,0,W
21528,58829,58830,1,E
21529,58830,58830,0,W
21531,58834,58834,0,E
21532,58834,58834,0,W
21534,58838,58838,0,W
21535,58839,58840,1,E
21537,58842,58842,0,W
21538,58844,58844,0,E
21540,58846,58846,0,W
21542,58849,58850,1,E
21543,58850,58850,0,W
21544,58854,58854,0,E
21545,58854,58854,0,W
21548,58858,58858,0,W
21511,58806,58860,54,N
21507,58799,58860,61,S
21519,58816,58862,46,N
21512,58806,58862,56,S
21525,58826,58864,38,N
21516,58813,58864,51,S
21533,58836,58866,30,N
21522,58820,58866,46,S
21539,58846,58868,22,N
21527,58827,58868,41,S
21547,58856,58870,14,N
21530,58834,58870,36,S
21553,58866,58872,6,N
21536,58841,58872,31,S
21541,58848,58874,26,S
21560,58876,58876,0,N
21546,58855,58876,21,S
21550,58862,58878,16,S
21555,58869,58880,11,S
21561,58876,58882,6,S
21565,58883,58884,1,S
21567,58886,58886,0,N
21570,58890,58890,0,S
21574,58896,58896,0,N
21575,58897,58898,1,S
21579,58904,58904,0,S
21581,58906,58906,0,N
21585,58911,58912,1,S
21588,58916,58916,0,N
21589,58918,58918,0,S
21549,58859,58920,61,E
21551,58862,58920,58,W
21552,58864,58920,56,E
21554,58866,58920,54,W
21556,58869,58920,51,E
21557,58870,58920,50,W
21558,58874,58922,48,E
21559,58874,58922,48,W
21563,58879,58922,43,E
21562,58878,58922,44,W
21566,58884,58922,38,E
21564,58882,58922,40,W
21569,58889,58924,35,E
21568,58886,58924,38,W
21572,58894,58924,30,E
21571,58890,58924,34,W
21577,58899,58924,25,E
21573,58894,58924,30,W
21580,58904,58926,22,E
21576,58898,58926,28,W
21583,58909,58926,17,E
21578,58902,58926,24,W
21586,58914,58926,12,E
21582,58906,58926,20,W
21591,58919,58928,9,E
21584,58910,58928,18,W
21593,58924,58928,4,E
21587,58914,58928,14,W
21590,58918,58928,10,W
21597,58929,58930,1,E
21592,58922,58930,8,W
21596,58926,58930,4,W
21598,58930,58930,0,W
21600,58934,58934,0,E
21601,58934,58934,0,W
21603,58938,58938,0,W
21605,58939,58940,1,E
21606,58942,58942,0,W
21607,58944,58944,0,E
21610,58946,58946,0,W
21611,58949,58950,1,E
21612,58950,58950,0,W
21614,58954,58954,0,E
21615,58954,58954,0,W
21617,58958,58958,0,W
21618,58959,58960,1,E
21620,58962,58962,0,W
21621,58964,58964,0,E
21623,58966,58966,0,W
21625,58969,58970,1,E
21626,58970,58970,0,W
21628,58974,58974,0,E
21629,58974,58974,0,W
21631,58978,58978,0,W
21595,58926,58980,54,N
21594,58925,58980,55,S
21602,58936,58982,46,N
21599,58932,58982,50,S
21608,58946,58984,38,N
21604,58939,58984,45,S
21616,58956,58986,30,N
21609,58946,58986,40,S
21622,58966,58988,22,N
21613,58953,58988,35,S
21630,58976,58990,14,N
21619,58960,58990,30,S
21636,58986,58992,6,N
21624,58967,58992,25,S
21627,58974,58994,20,S
21644,58996,58996,0,N
21633,58981,58996,15,S
21638,58988,58998,10,S
21643,58995,59000,5,S
21647,59002,59002,0,S
21650,59006,59006,0,N
21652,59009,59010,1,S
21657,59016,59016,0,N
21658,59016,59016,0,S
21662,59023,59024,1,S
21664,59026,59026,0,N
21667,59030,59030,0,S
21671,59036,59036,0,N
21672,59037,59038,1,S
21632,58979,59040,61,E
21634,58982,59040,58,W
21635,58984,59040,56,E
21637,58986,59040,54,W
21639,58989,59040,51,E
21640,58990,59040,50,W
21641,58994,59042,48,E
21642,58994,59042,48,W
21646,58999,59042,43,E
21645,58998,59042,44,W
21649,59004,59042,38,E
21648,59002,59042,40,W
21653,59009,59044,35,E
21651,59006,59044,38,W
21655,59014,59044,30,E
21654,59010,59044,34,W
21660,59019,59044,25,E
21656,59014,59044,30,W
21663,59024,59046,22,E
21659,59018,59046,28,W
21666,59029,59046,17,E
21661,59022,59046,24,W
21669,59034,59046,12,E
21665,59026,59046,20,W
21674,59039,59048,9,E
21668,59030,59048,18,W
21677,59044,59048,4,E
21670,59034,59048,14,W
21673,59038,59048,10,W
21680,59049,59050,1,E
21675,59042,59050,8,W
21679,59046,59050,4,W
21681,59050,59050,0,W
21683,59054,59054,0,E
21684,59054,59054,0,W
21687,59058,59058,0,W
21688,59059,59060,1,E
21689,59062,59062,0,W
21690,59064,59064,0,E
21693,59066,59066,0,W
21694,59069,59070,1,E
21695,59070,59070,0,W
21697,59074,59074,0,E
21698,59074,59074,0,W
21700,59078,59078,0,W
21702,59079,59080,1,E
21703,59082,59082,0,W
21704,59084,59084,0,E
21707,59086,59086,0,W
21708,59089,59090,1,E
21709,59090,59090,0,W
21711,59094,59094,0,E
21712,59094,59094,0,W
21714,59098,59098,0,W
21678,59046,59100,54,N
21676,59044,59100,56,S
21685,59056,59102,46,N
21682,59051,59102,51,S
21692,59066,59104,38,N
21686,59058,59104,46,S
21699,59076,59106,30,N
21691,59065,59106,41,S
21705,59086,59108,22,N
21696,59072,59108,36,S
21713,59096,59110,14,N
21701,59079,59110,31,S
21719,59106,59112,6,N
21706,59086,59112,26,S
21710,59093,59114,21,S
21727,59116,59116,0,N
21716,59100,59116,16,S
21721,59107,59118,11,S
21724,59114,59120,6,S
21730,59121,59122,1,S
21733,59126,59126,0,N
21735,59128,59128,0,S
21741,59136,59136,0,N
21740,59135,59136,1,S
21744,59142,59142,0,S
21747,59146,59146,0,N
21749,59149,59150,1,S
21754,59156,59156,0,N
21755,59156,59156,0,S
21715,59099,59160,61,E
21717,59102,59160,58,W
21718,59104,59160,56,E
21720,59106,59160,54,W
21722,59109,59160,51,E
21723,59110,59160,50,W
21725,59114,59162,48,E
21726,59114,59162,48,W
21729,59119,59162,43,E
21728,59118,59162,44,W
21732,59124,59162,38,E
21731,59122,59162,40,W
21736,59129,59164,35,E
21734,59126,59164,38,W
21738,59134,59164,30,E
21737,59130,59164,34,W
21743,59139,59164,25,E
21739,59134,59164,30,W
21746,59144,59166,22,E
21742,59138,59166,28,W
21750,59149,59166,17,E
21745,59142,59166,24,W
21752,59154,59166,12,E
21748,59146,59166,20,W
21757,59159,59168,9,E
21751,59150,59168,18,W
21760,59164,59168,4,E
21753,59154,59168,14,W
21756,59158,59168,10,W
21763,59169,59170,1,E
21758,59162,59170,8,W
21762,59166,59170,4,W
21765,59170,59170,0,W
21766,59174,59174,0,E
21767,59174,59174,0,W
21770,59178,59178,0,W
21771,59179,59180,1,E
21772,59182,59182,0,W
21774,59184,59184,0,E
21776,59186,59186,0,W
21777,59189,59190,1,E
21778,59190,59190,0,W
21780,59194,59194,0,E
21781,59194,59194,0,W
21784,59198,59198,0,W
21785,59199,59200,1,E
21786,59202,59202,0,W
21787,59204,59204,0,E
21790,59206,59206,0,W
21791,59209,59210,1,E
21792,59210,59210,0,W
21794,59214,59214,0,E
21795,59214,59214,0,W
21797,59218,59218,0,W
21761,59166,59220,54,N
21759,59163,59220,57,S
21768,59176,59222,46,N
21764,59170,59222,52,S
21775,59186,59224,38,N
21769,59177,59224,47,S
21782,59196,59226,30,N
21773,59184,59226,42,S
21789,59206,59228,22,N
21779,59191,59228,37,S
21796,59216,59230,14,N
21783,59198,59230,32,S
21802,59226,59232,6,N
21788,59205,59232,27,S
21793,59212,59234,22,S
21810,59236,59236,0,N
21798,59219,59236,17,S
21803,59226,59238,12,S
21807,59233,59240,7,S
21813,59240,59242,2,S
21816,59246,59246,0,N
21818,59247,59248,1,S
21821,59254,59254,0,S
21824,59256,59256,0,N
21827,59261,59262,1,S
21830,59266,59266,0,N
21832,59268,59268,0,S
21838,59276,59276,0,N
21837,59275,59276,1,S
21799,59219,59280,61,E
21800,59222,59280,58,W
21801,59224,59280,56,E
21804,59226,59280,54,W
21805,59229,59280,51,E
21806,59230,59280,50,W
21808,59234,59282,48,E
21809,59234,59282,48,W
21812,59239,59282,43,E
21811,59238,59282,44,W
21815,59244,59282,38,E
21814,59242,59282,40,W
21819,59249,59284,35,E
21817,59246,59284,38,W
21822,59254,59284,30,E
21820,59250,59284,34,W
21826,59259,59284,25,E
21823,59254,59284,30,W
21829,59264,59286,22,E
21825,59258,59286,28,W
21833,59269,59286,17,E
21828,59262,59286,24,W
21835,59274,59286,12,E
21831,59266,59286,20,W
21840,59279,59288,9,E
21834,59270,59288,18,W
21843,59284,59288,4,E
21836,59274,59288,14,W
21839,59278,59288,10,W
21847,59289,59290,1,E
21842,59282,59290,8,W
21845,59286,59290,4,W
21848,59290,59290,0,W
21849,59294,59294,0,E
21850,59294,59294,0,W
21853,59298,59298,0,W
21854,59299,59300,1,E
21855,59302,59302,0,W
21857,59304,59304,0,E
21859,59306,59306,0,W
21860,59309,59310,1,E
21862,59310,59310,0,W
21863,59314,59314,0,E
21864,59314,59314,0,W
21867,59318,59318,0,W
21868,59319,59320,1,E
21869,59322,59322,0,W
21871,59324,59324,0,E
21873,59326,59326,0,W
21874,59329,59330,1,E
21875,59330,59330,0,W
21877,59334,59334,0,E
21878,59334,59334,0,W
21881,59338,59338,0,W
21844,59286,59340,54,N
21841,59282,59340,58,S
21851,59296,59342,46,N
21846,59289,59342,53,S
21858,59306,59344,38,N
21852,59296,59344,48,S
21865,59316,59346,30,N
21856,59303,59346,43,S
21872,59326,59348,22,N
21861,59310,59348,38,S
21879,59336,59350,14,N
21866,59317,59350,33,S
21886,59346,59352,6,N
21870,59324,59352,28,S
21876,59331,59354,23,S
21893,59356,59356,0,N
21880,59338,59356,18,S
21885,59345,59358,13,S
21890,59352,59360,8,S
21895,59359,59362,3,S
21899,59366,59366,0,N
21900,59366,59366,0,S
21904,59373,59374,1,S
21907,59376,59376,0,N
21910,59380,59380,0,S
21913,59386,59386,0,N
21915,59387,59388,1,S
21918,59394,59394,0,S
21921,59396,59396,0,N
21882,59339,59400,61,E
21883,59342,59400,58,W
21884,59344,59400,56,E
21887,59346,59400,54,W
21888,59349,59400,51,E
21889,59350,59400,50,W
21891,59354,59402,48,E
21892,59354,59402,48,W
21896,59359,59402,43,E
21894,59358,59402,44,W
21898,59364,59402,38,E
21897,59362,59402,40,W
21902,59369,59404,35,E
21901,59366,59404,38,W
21905,59374,59404,30,E
21903,59370,59404,34,W
21909,59379,59404,25,E
21906,59374,59404,30,W
21912,59384,59406,22,E
21908,59378,59406,28,W
21916,59389,59406,17,E
21911,59382,59406,24,W
21919,59394,59406,12,E
21914,59386,59406,20,W
21923,59399,59408,9,E
21917,59390,59408,18,W
21926,59404,59408,4,E
21920,59394,59408,14,W
21922,59398,59408,10,W
21930,59409,59410,1,E
21925,59402,59410,8,W
21928,59406,59410,4,W
21931,59410,59410,0,W
21932,59414,59414,0,E
21933,59414,59414,0,W
21936,59418,59418,0,W
21937,59419,59420,1,E
21939,59422,59422,0,W
21940,59424,59424,0,E
21942,59426,59426,0,W
21944,59429,59430,1,E
21945,59430,59430,0,W
21946,59434,59434,0,E
21947,59434,59434,0,W
21950,59438,59438,0,W
21951,59439,59440,1,E
21952,59442,59442,0,W
21954,59444,59444,0,E
21956,59446,59446,0,W
21957,59449,59450,1,E
21959,59450,59450,0,W
21960,59454,59454,0,E
21961,59454,59454,0,W
21964,59458,59458,0,W
21927,59406,59460,54,N
21924,59401,59460,59,S
21935,59416,59462,46,N
21929,59408,59462,54,S
21941,59426,59464,38,N
21934,59415,59464,49,S
21948,59436,59466,30,N
21938,59422,59466,44,S
21955,59446,59468,22,N
21943,59429,59468,39,S
21962,59456,59470,14,N
21949,59436,59470,34,S
21969,59466,59472,6,N
21953,59443,59472,29,S
21958,59450,59474,24,S
21976,59476,59476,0,N
21963,59457,59476,19,S
21967,59464,59478,14,S
21973,59471,59480,9,S
21977,59478,59482,4,S
21983,59486,59486,0,N
21982,59485,59486,1,S
21987,59492,59492,0,S
21990,59496,59496,0,N
21992,59499,59500,1,S
21996,59506,59506,0,N
21997,59506,59506,0,S
22001,59513,59514,1,S
22004,59516,59516,0,N
21965,59459,59520,61,E
21966,59462,59520,58,W
21968,59464,59520,56,E
21970,59466,59520,54,W
21971,59469,59520,51,E
21972,59470,59520,50,W
21974,59474,59522,48,E
21975,59474,59522,48,W
21979,59479,59522,43,E
21978,59478,59522,44,W
21981,59484,59522,38,E
21980,59482,59522,40,W
21985,59489,59524,35,E
21984,59486,59524,38,W
21988,59494,59524,30,E
21986,59490,59524,34,W
21993,59499,59524,25,E
21989,59494,59524,30,W
21995,59504,59526,22,E
21991,59498,59526,28,W
21999,59509,59526,17,E
21994,59502,59526,24,W
22002,59514,59526,12,E
21998,59506,59526,20,W
22006,59519,59528,9,E
22000,59510,59528,18,W
22009,59524,59528,4,E
22003,59514,59528,14,W
22005,59518,59528,10,W
22013,59529,59530,1,E
22008,59522,59530,8,W
22011,59526,59530,4,W
22014,59530,59530,0,W
22016,59534,59534,0,E
22017,59534,59534,0,W
22019,59538,59538,0,W
22020,59539,59540,1,E
22022,59542,59542,0,W
22023,59544,59544,0,E
22025,59546,59546,0,W
22027,59549,59550,1,E
22028,59550,59550,0,W
22029,59554,59554,0,E
22030,59554,59554,0,W
22033,59558,59558,0,W
22034,59559,59560,1,E
22036,59562,59562,0,W
22037,59564,59564,0,E
22039,59566,59566,0,W
22041,59569,59570,1,E
22042,59570,59570,0,W
22043,59574,59574,0,E
22044,59574,59574,0,W
22047,59578,59578,0,W
22010,59526,59580,54,N
22007,59520,59580,60,S
22018,59536,59582,46,N
22012,59527,59582,55,S
22024,59546,59584,38,N
22015,59534,59584,50,S
22032,59556,59586,30,N
22021,59541,59586,45,S
22038,59566,59588,22,N
22026,59548,59588,40,S
22045,59576,59590,14,N
22031,59555,59590,35,S
22052,59586,59592,6,N
22035,59562,59592,30,S
22040,59569,59594,25,S
22059,59596,59596,0,N
22046,59576,59596,20,S
22050,59583,59598,15,S
22055,59590,59600,10,S
22060,59597,59602,5,S
22064,59604,59604,0,S
22066,59606,59606,0,N
22070,59611,59612,1,S
22073,59616,59616,0,N
22074,59618,59618,0,S
22080,59626,59626,0,N
22079,59625,59626,1,S
22084,59632,59632,0,S
22087,59636,59636,0,N
22048,59579,59640,61,E
22049,59582,59640,58,W
22051,59584,59640,56,E
22053,59586,59640,54,W
22054,59589,59640,51,E
22056,59590,59640,50,W
22057,59594,59642,48,E
22058,59594,59642,48,W
22062,59599,59642,43,E
22061,59598,59642,44,W
22065,59604,59642,38,E
22063,59602,59642,40,W
22068,59609,59644,35,E
22067,59606,59644,38,W
22071,59614,59644,30,E
22069,59610,59644,34,W
22076,59619,59644,25,E
22072,59614,59644,30,W
22078,59624,59646,22,E
22075,59618,59646,28,W
22082,59629,59646,17,E
22077,59622,59646,24,W
22085,59634,59646,12,E
22081,59626,59646,20,W
22090,59639,59648,9,E
22083,59630,59648,18,W
22092,59644,59648,4,E
22086,59634,59648,14,W
22088,59638,59648,10,W
22096,59649,59650,1,E
22091,59642,59650,8,W
22095,59646,59650,4,W
22097,59650,59650,0,W
22099,59654,59654,0,E
22100,59654,59654,0,W
22102,59658,59658,0,W
22103,59659,59660,1,E
22105,59662,59662,0,W
22106,59664,59664,0,E
22108,59666,59666,0,W
22110,59669,59670,1,E
22111,59670,59670,0,W
22113,59674,59674,0,E
22114,59674,59674,0,W
22116,59678,59678,0,W
22117,59679,59680,1,E
22119,59682,59682,0,W
22120,59684,59684,0,E
22122,59686,59686,0,W
22124,59689,59690,1,E
22125,59690,59690,0,W
22126,59694,59694,0,E
22127,59694,59694,0,W
22130,59698,59698,0,W
22093,59646,59700,54,N
22089,59639,59700,61,S
22101,59656,59702,46,N
22094,59646,59702,56,S
22107,59666,59704,38,N
22098,59653,59704,51,S
22115,59676,59706,30,N
22104,59660,59706,46,S
22121,59686,59708,22,N
22109,59667,59708,41,S
22129,59696,59710,14,N
22112,59674,59710,36,S
22135,59706,59712,6,N
22118,59681,59712,31,S
22123,59688,59714,26,S
22142,59716,59716,0,N
22128,59695,59716,21,S
22132,59702,59718,16,S
22137,59709,59720,11,S
22143,59716,59722,6,S
22147,59723,59724,1,S
22149,59726,59726,0,N
22152,59730,59730,0,S
22156,59736,59736,0,N
22157,59737,59738,1,S
22161,59744,59744,0,S
22163,59746,59746,0,N
22167,59751,59752,1,S
22170,59756,59756,0,N
22171,59758,59758,0,S
22131,59699,59760,61,E
22133,59702,59760,58,W
22134,59704,59760,56,E
22136,59706,59760,54,W
22138,59709,59760,51,E
22139,59710,59760,50,W
22140,59714,59762,48,E
22141,59714,59762,48,W
22145,59719,59762,43,E
22144,59718,59762,44,W
22148,59724,59762,38,E
22146,59722,59762,40,W
22151,59729,59764,35,E
22150,59726,59764,38,W
22154,59734,59764,30,E
22153,59730,59764,34,W
22159,59739,59764,25,E
22155,59734,59764,30,W
22162,59744,59766,22,E
22158,59738,59766,28,W
22165,59749,59766,17,E
22160,59742,59766,24,W
22168,59754,59766,12,E
22164,59746,59766,20,W
22173,59759,59768,9,E
22166,59750,59768,18,W
22175,59764,59768,4,E
22169,59754,59768,14,W
22172,59758,59768,10,W
22179,59769,59770,1,E
22174,59762,59770,8,W
22178,59766,59770,4,W
22180,59770,59770,0,W
22182,59774,59774,0,E
22183,59774,59774,0,W
22185,59778,59778,0,W
22187,59779,59780,1,E
22188,59782,59782,0,W
22189,59784,59784,0,E
22192,59786,59786,0,W
22193,59789,59790,1,E
22194,59790,59790,0,W
22196,59794,59794,0,E
22197,59794,59794,0,W
22199,59798,59798,0,W
22200,59799,59800,1,E
22202,59802,59802,0,W
22203,59804,59804,0,E
22205,59806,59806,0,W
22207,59809,59810,1,E
22208,59810,59810,0,W
22210,59814,59814,0,E
22211,59814,59814,0,W
22213,59818,59818,0,W
22177,59766,59820,54,N
22176,59765,59820,55,S
22184,59776,59822,46,N
22181,59772,59822,50,S
22190,59786,59824,38,N
22186,59779,59824,45,S
22198,59796,59826,30,N
22191,59786,59826,40,S
22204,59806,59828,22,N
22195,59793,59828,35,S
22212,59816,59830,14,N
22201,59800,59830,30,S
22218,59826,59832,6,N
22206,59807,59832,25,S
22209,59814,59834,20,S
22226,59836,59836,0,N
22215,59821,59836,15,S
22220,59828,59838,10,S
22225,59835,59840,5,S
22229,59842,59842,0,S
22232,59846,59846,0,N
22234,59849,59850,1,S
22239,59856,59856,0,N
22240,59856,59856,0,S
22244,59863,59864,1,S
22246,59866,59866,0,N
22249,59870,59870,0,S
22253,59876,59876,0,N
22254,59877,59878,1,S
22214,59819,59880,61,E
22216,59822,59880,58,W
22217,59824,59880,56,E
22219,59826,59880,54,W
22221,59829,59880,51,E
22222,59830,59880,50,W
22223,59834,59882,48,E
22224,59834,59882,48,W
22228,59839,59882,43,E
22227,59838,59882,44,W
22231,59844,59882,38,E
22230,59842,59882,40,W
22235,59849,59884,35,E
22233,59846,59884,38,W
22237,59854,59884,30,E
22236,59850,59884,34,W
22242,59859,59884,25,E
22238,59854,59884,30,W
22245,59864,59886,22,E
22241,59858,59886,28,W
22248,59869,59886,17,E
22243,59862,59886,24,W
22251,59874,59886,12,E
22247,59866,59886,20,W
22256,59879,59888,9,E
22250,59870,59888,18,W
22259,59884,59888,4,E
22252,59874,59888,14,W
22255,59878,59888,10,W
22262,59889,59890,1,E
22257,59882,59890,8,W
22261,59886,59890,4,W
22263,59890,59890,0,W
22265,59894,59894,0,E
22266,59894,59894,0,W
22269,59898,59898,0,W
22270,59899,59900,1,E
22271,59902,59902,0,W
22272,59904,59904,0,E
22275,59906,59906,0,W
22276,59909,59910,1,E
22277,59910,59910,0,W
22279,59914,59914,0,E
22280,59914,59914,0,W
22282,59918,59918,0,W
22284,59919,59920,1,E
22285,59922,59922,0,W
22286,59924,59924,0,E
22289,59926,59926,0,W
22290,59929,59930,1,E
22291,59930,59930,0,W
22293,59934,59934,0,E
22294,59934,59934,0,W
22296,59938,59938,0,W
22260,59886,59940,54,N
22258,59884,59940,56,S
22267,59896,59942,46,N
22264,59891,59942,51,S
22274,59906,59944,38,N
22268,59898,59944,46,S
22281,59916,59946,30,N
22273,59905,59946,41,S
22287,59926,59948,22,N
22278,59912,59948,36,S
22295,59936,59950,14,N
22283,59919,59950,31,S
22301,59946,59952,6,N
22288,59926,59952,26,S
22292,59933,59954,21,S
22309,59956,59956,0,N
22298,59940,59956,16,S
22303,59947,59958,11,S
22306,59954,59960,6,S
22312,59961,59962,1,S
22315,59966,59966,0,N
22317,59968,59968,0,S
22323,59976,59976,0,N
22322,59975,59976,1,S
22326,59982,59982,0,S
22329,59986,59986,0,N
22331,59989,59990,1,S
22336,59996,59996,0,N
22337,59996,59996,0,S
22297,59939,60000,61,E
22299,59942,60000,58,W
22300,59944,60000,56,E
22302,59946,60000,54,W
22304,59949,60000,51,E
22305,59950,60000,50,W
22307,59954,60002,48,E
22308,59954,60002,48,W
22311,59959,60002,43,E
22310,59958,60002,44,W
22314,59964,60002,38,E
22313,59962,60002,40,W
22318,59969,60004,35,E
22316,59966,60004,38,W
22320,59974,60004,30,E
22319,59970,60004,34,W
22325,59979,60004,25,E
22321,59974,60004,30,W
22328,59984,60006,22,E
22324,59978,60006,28,W
22332,59989,60006,17,E
22327,59982,60006,24,W
22334,59994,60006,12,E
22330,59986,60006,20,W
22339,59999,60008,9,E
22333,59990,60008,18,W
22342,60004,60008,4,E
22335,59994,60008,14,W
22338,59998,60008,10,W
22345,60009,60010,1,E
22340,60002,60010,8,W
22344,60006,60010,4,W
22347,60010,60010,0,W
22348,60014,60014,0,E
22349,60014,60014,0,W
22352,60018,60018,0,W
22353,60019,60020,1,E
22354,60022,60022,0,W
22356,60024,60024,0,E
22358,60026,60026,0,W
22359,60029,60030,1,E
22360,60030,60030,0,W
22362,60034,60034,0,E
22363,60034,60034,0,W
22366,60038,60038,0,W
22367,60039,60040,1,E
22368,60042,60042,0,W
22369,60044,60044,0,E
22372,60046,60046,0,W
22373,60049,60050,1,E
22374,60050,60050,0,W
22376,60054,60054,0,E
22377,60054,60054,0,W
22379,60058,60058,0,W
22343,60006,60060,54,N
22341,60003,60060,57,S
22350,60016,60062,46,N
22346,60010,60062,52,S
22357,60026,60064,38,N
22351,60017,60064,47,S
22364,60036,60066,30,N
22355,60024,60066,42,S
22371,60046,60068,22,N
22361,60031,60068,37,S
22378,60056,60070,14,N
22365,60038,60070,32,S
22384,60066,60072,6,N
22370,60045,60072,27,S
22375,60052,60074,22,S
22392,60076,60076,0,N
22380,60059,60076,17,S
22385,60066,60078,12,S
22389,60073,60080,7,S
22395,60080,60082,2,S
22398,60086,60086,0,N
22400,60087,60088,1,S
22403,60094,60094,0,S
22406,60096,60096,0,N
22409,60101,60102,1,S
22412,60106,60106,0,N
22414,60108,60108,0,S
22420,60116,60116,0,N
22419,60115,60116,1,S
22381,60059,60120,61,E
22382,60062,60120,58,W
22383,60064,60120,56,E
22386,60066,60120,54,W
22387,60069,60120,51,E
22388,60070,60120,50,W
22390,60074,60122,48,E
22391,60074,60122,48,W
22394,60079,60122,43,E
22393,60078,60122,44,W
22397,60084,60122,38,E
22396,60082,60122,40,W
22401,60089,60124,35,E
22399,60086,60124,38,W
22404,60094,60124,30,E
22402,60090,60124,34,W
22408,60099,60124,25,E
22405,60094,60124,30,W
22411,60104,60126,22,E
22407,60098,60126,28,W
22415,60109,60126,17,E
22410,60102,60126,24,W
22417,60114,60126,12,E
22413,60106,60126,20,W
22422,60119,60128,9,E
22416,60110,60128,18,W
22425,60124,60128,4,E
22418,60114,60128,14,W
22421,60118,60128,10,W
22429,60129,60130,1,E
22424,60122,60130,8,W
22427,60126,60130,4,W
22430,60130,60130,0,W
22431,60134,60134,0,E
22432,60134,60134,0,W
22435,60138,60138,0,W
22436,60139,60140,1,E
22437,60142,60142,0,W
22439,60144,60144,0,E
22441,60146,60146,0,W
22442,60149,60150,1,E
22444,60150,60150,0,W
22445,60154,60154,0,E
22446,60154,60154,0,W
22449,60158,60158,0,W
22450,60159,60160,1,E
22451,60162,60162,0,W
22453,60164,60164,0,E
22455,60166,60166,0,W
22456,60169,60170,1,E
22457,60170,60170,0,W
22459,60174,60174,0,E
22460,60174,60174,0,W
22463,60178,60178,0,W
22426,60126,60180,54,N
22423,60122,60180,58,S
22433,60136,60182,46,N
22428,60129,60182,53,S
22440,60146,60184,38,N
22434,60136,60184,48,S
22447,60156,60186,30,N
22438,60143,60186,43,S
22454,60166,60188,22,N
22443,60150,60188,38,S
22461,60176,60190,14,N
22448,60157,60190,33,S
22468,60186,60192,6,N
22452,60164,60192,28,S
22458,60171,60194,23,S
22475,60196,60196,0,N
22462,60178,60196,18,S
22467,60185,60198,13,S
22472,60192,60200,8,S
22477,60199,60202,3,S
22481,60206,60206,0,N
22482,60206,60206,0,S
22486,60213,60214,1,S
22489,60216,60216,0,N
22492,60220,60220,0,S
22495,60226,60226,0,N
22497,60227,60228,1,S
22500,60234,60234,0,S
22503,60236,60236,0,N
22464,60179,60240,61,E
22465,60182,60240,58,W
22466,60184,60240,56,E
22469,60186,60240,54,W
22470,60189,60240,51,E
22471,60190,60240,50,W
22473,60194,60242,48,E
22474,60194,60242,48,W
22478,60199,60242,43,E
22476,60198,60242,44,W
22480,60204,60242,38,E
22479,60202,60242,40,W
22484,60209,60244,35,E
22483,60206,60244,38,W
22487,60214,60244,30,E
22485,60210,60244,34,W
22491,60219,60244,25,E
22488,60214,60244,30,W
22494,60224,60246,22,E
22490,60218,60246,28,W
22498,60229,60246,17,E
22493,60222,60246,24,W
22501,60234,60246,12,E
22496,60226,60246,20,W
22505,60239,60248,9,E
22499,60230,60248,18,W
22508,60244,60248,4,E
22502,60234,60248,14,W
22504,60238,60248,10,W
22512,60249,60250,1,E
22507,60242,60250,8,W
22510,60246,60250,4,W
22513,60250,60250,0,W
22514,60254,60254,0,E
22515,60254,60254,0,W
22518,60258,60258,0,W
22519,60259,60260,1,E
22521,60262,60262,0,W
22522,60264,60264,0,E
22524,60266,60266,0,W
22526,60269,60270,1,E
22527,60270,60270,0,W
22528,60274,60274,0,E
22529,60274,60274,0,W
22532,60278,60278,0,W
22533,60279,60280,1,E
22534,60282,60282,0,W
22536,60284,60284,0,E
22538,60286,60286,0,W
22539,60289,60290,1,E
22541,60290,60290,0,W
22542,60294,60294,0,E
22543,60294,60294,0,W
22546,60298,60298,0,W
22509,60246,60300,54,N
22506,60241,60300,59,S
22517,60256,60302,46,N
22511,60248,60302,54,S
22523,60266,60304,38,N
22516,60255,60304,49,S
22530,60276,60306,30,N
22520,60262,60306,44,S
22537,60286,60308,22,N
22525,60269,60308,39,S
22544,60296,60310,14,N
22531,60276,60310,34,S
22551,60306,60312,6,N
22535,60283,60312,29,S
22540,60290,60314,24,S
22558,60316,60316,0,N
22545,60297,60316,19,S
22549,60304,60318,14,S
22555,60311,60320,9,S
22559,60318,60322,4,S
22565,60326,60326,0,N
22564,60325,60326,1,S
22569,60332,60332,0,S
22572,60336,60336,0,N
22574,60339,60340,1,S
22578,60346,60346,0,N
22579,60346,60346,0,S
22583,60353,60354,1,S
22586,60356,60356,0,N
22547,60299,60360,61,E
22548,60302,60360,58,W
22550,60304,60360,56,E
22552,60306,60360,54,W
22553,60309,60360,51,E
22554,60310,60360,50,W
22556,60314,60362,48,E
22557,60314,60362,48,W
22561,60319,60362,43,E
22560,60318,60362,44,W
22563,60324,60362,38,E
22562,60322,60362,40,W
22567,60329,60364,35,E
22566,60326,60364,38,W
22570,60334,60364,30,E
22568,60330,60364,34,W
22575,60339,60364,25,E
22571,60334,60364,30,W
22577,60344,60366,22,E
22573,60338,60366,28,W
22581,60349,60366,17,E
22576,60342,60366,24,W
22584,60354,60366,12,E
22580,60346,60366,20,W
22588,60359,60368,9,E
22582,60350,60368,18,W
22591,60364,60368,4,E
22585,60354,60368,14,W
22587,60358,60368,10,W
22595,60369,60370,1,E
22590,60362,60370,8,W
22593,60366,60370,4,W
22596,60370,60370,0,W
22598,60374,60374,0,E
22599,60374,60374,0,W
22601,60378,60378,0,W
22602,60379,60380,1,E
22604,60382,60382,0,W
22605,60384,60384,0,E
22607,60386,60386,0,W
22609,60389,60390,1,E
22610,60390,60390,0,W
22611,60394,60394,0,E
22612,60394,60394,0,W
22615,60398,60398,0,W
22616,60399,60400,1,E
22618,60402,60402,0,W
22619,60404,60404,0,E
22621,60406,60406,0,W
22623,60409,60410,1,E
22624,60410,60410,0,W
22625,60414,60414,0,E
22626,60414,60414,0,W
22629,60418,60418,0,W
22592,60366,60420,54,N
22589,60360,60420,60,S
22600,60376,60422,46,N
22594,60367,60422,55,S
22606,60386,60424,38,N
22597,60374,60424,50,S
22614,60396,60426,30,N
22603,60381,60426,45,S
22620,60406,60428,22,N
22608,60388,60428,40,S
22627,60416,60430,14,N
22613,60395,60430,35,S
22634,60426,60432,6,N
22617,60402,60432,30,S
22622,60409,60434,25,S
22641,60436,60436,0,N
22628,60416,60436,20,S
22632,60423,60438,15,S
22637,60430,60440,10,S
22642,60437,60442,5,S
22646,60444,60444,0,S
22648,60446,60446,0,N
22652,60451,60452,1,S
22655,60456,60456,0,N
22656,60458,60458,0,S
22662,60466,60466,0,N
22661,60465,60466,1,S
22666,60472,60472,0,S
22669,60476,60476,0,N
22630,60419,60480,61,E
22631,60422,60480,58,W
22633,60424,60480,56,E
22635,60426,60480,54,W
22636,60429,60480,51,E
22638,60430,60480,50,W
22639,60434,60482,48,E
22640,60434,60482,48,W
22644,60439,60482,43,E
22643,60438,60482,44,W
22647,60444,60482,38,E
22645,60442,60482,40,W
22650,60449,60484,35,E
22649,60446,60484,38,W
22653,60454,60484,30,E
22651,60450,60484,34,W
22658,60459,60484,25,E
22654,60454,60484,30,W
22660,60464,60486,22,E
22657,60458,60486,28,W
22664,60469,60486,17,E
22659,60462,60486,24,W
22667,60474,60486,12,E
22663,60466,60486,20,W
22672,60479,60488,9,E
22665,60470,60488,18,W
22674,60484,60488,4,E
22668,60474,60488,14,W
22670,60478,60488,10,W
22678,60489,60490,1,E
22673,60482,60490,8,W
22677,60486,60490,4,W
22679,60490,60490,0,W
22681,60494,60494,0,E
22682,60494,60494,0,W
22684,60498,60498,0,W
22685,60499,60500,1,E
22687,60502,60502,0,W
22688,60504,60504,0,E
22690,60506,60506,0,W
22692,60509,60510,1,E
22693,60510,60510,0,W
22695,60514,60514,0,E
22696,60514,60514,0,W
22698,60518,60518,0,W
22699,60519,60520,1,E
22701,60522,60522,0,W
22702,60524,60524,0,E
22704,60526,60526,0,W
22706,60529,60530,1,E
22707,60530,60530,0,W
22708,60534,60534,0,E
22709,60534,60534,0,W
22712,60538,60538,0,W
22675,60486,60540,54,N
22671,60479,60540,61,S
22683,60496,60542,46,N
22676,60486,60542,56,S
22689,60506,60544,38,N
22680,60493,60544,51,S
22697,60516,60546,30,N
22686,60500,60546,46,S
22703,60526,60548,22,N
22691,60507,60548,41,S
22711,60536,60550,14,N
22694,60514,60550,36,S
22717,60546,60552,6,N
22700,60521,60552,31,S
22705,60528,60554,26,S
22724,60556,60556,0,N
22710,60535,60556,21,S
22714,60542,60558,16,S
22719,60549,60560,11,S
22725,60556,60562,6,S
22729,60563,60564,1,S
22731,60566,60566,0,N
22734,60570,60570,0,S
22738,60576,60576,0,N
22739,60577,60578,1,S
22743,60584,60584,0,S
22745,60586,60586,0,N
22749,60591,60592,1,S
22752,60596,60596,0,N
22753,60598,60598,0,S
22713,60539,60600,61,E
22715,60542,60600,58,W
22716,60544,60600,56,E
22718,60546,60600,54,W
22720,60549,60600,51,E
22721,60550,60600,50,W
22722,60554,60602,48,E
22723,60554,60602,48,W
22727,60559,60602,43,E
22726,60558,60602,44,W
22730,60564,60602,38,E
22728,60562,60602,40,W
22733,60569,60604,35,E
22732,60566,60604,38,W
22736,60574,60604,30,E
22735,60570,60604,34,W
22741,60579,60604,25,E
22737,60574,60604,30,W
22744,60584,60606,22,E
22740,60578,60606,28,W
22747,60589,60606,17,E
22742,60582,60606,24,W
22750,60594,60606,12,E
22746,60586,60606,20,W
22755,60599,60608,9,E
22748,60590,60608,18,W
22757,60604,60608,4,E
22751,60594,60608,14,W
22754,60598,60608,10,W
22761,60609,60610,1,E
22756,60602,60610,8,W
22760,60606,60610,4,W
22762,60610,60610,0,W
22764,60614,60614,0,E
22765,60614,60614,0,W
22767,60618,60618,0,W
22769,60619,60620,1,E
22770,60622,60622,0,W
22771,60624,60624,0,E
22774,60626,60626,0,W
22775,60629,60630,1,E
22776,60630,60630,0,W
22778,60634,60634,0,E
22779,60634,60634,0,W
22781,60638,60638,0,W
22782,60639,60640,1,E
22784,60642,60642,0,W
22785,60644,60644,0,E
22787,60646,60646,0,W
22789,60649,60650,1,E
22790,60650,60650,0,W
22792,60654,60654,0,E
22793,60654,60654,0,W
22795,60658,60658,0,W
22759,60606,60660,54,N
22758,60605,60660,55,S
22766,60616,60662,46,N
22763,60612,60662,50,S
22772,60626,60664,38,N
22768,60619,60664,45,S
22780,60636,60666,30,N
22773,60626,60666,40,S
22786,60646,60668,22,N
22777,60633,60668,35,S
22794,60656,60670,14,N
22783,60640,60670,30,S
22800,60666,60672,6,N
22788,60647,60672,25,S
22791,60654,60674,20,S
22808,60676,60676,0,N
22797,60661,60676,15,S
22802,60668,60678,10,S
22807,60675,60680,5,S
22811,60682,60682,0,S
22814,60686,60686,0,N
22816,60689,60690,1,S
22821,60696,60696,0,N
22822,60696,60696,0,S
22826,60703,60704,1,S
22828,60706,60706,0,N
22831,60710,60710,0,S
22835,60716,60716,0,N
22836,60717,60718,1,S
22796,60659,60720,61,E
22798,60662,60720,58,W
22799,60664,60720,56,E
22801,60666,60720,54,W
22803,60669,60720,51,E
22804,60670,60720,50,W
22805,60674,60722,48,E
22806,60674,60722,48,W
22810,60679,60722,43,E
22809,60678,60722,44,W
22813,60684,60722,38,E
22812,60682,60722,40,W
22817,60689,60724,35,E
22815,60686,60724,38,W
22819,60694,60724,30,E
22818,60690,60724,34,W
22824,60699,60724,25,E
22820,60694,60724,30,W
22827,60704,60726,22,E
22823,60698,60726,28,W
22830,60709,60726,17,E
22825,60702,60726,24,W
22833,60714,60726,12,E
22829,60706,60726,20,W
22838,60719,60728,9,E
22832,60710,60728,18,W
22841,60724,60728,4,E
22834,60714,60728,14,W
22837,60718,60728,10,W
22844,60729,60730,1,E
22839,60722,60730,8,W
22843,60726,60730,4,W
22845,60730,60730,0,W
22847,60734,60734,0,E
22848,60734,60734,0,W
22851,60738,60738,0,W
22852,60739,60740,1,E
22853,60742,60742,0,W
22854,60744,60744,0,E
22857,60746,60746,0,W
22858,60749,60750,1,E
22859,60750,60750,0,W
22861,60754,60754,0,E
22862,60754,60754,0,W
22864,60758,60758,0,W
22866,60759,60760,1,E
22867,60762,60762,0,W
22868,60764,60764,0,E
22871,60766,60766,0,W
22872,60769,60770,1,E
22873,60770,60770,0,W
22875,60774,60774,0,E
22876,60774,60774,0,W
22878,60778,60778,0,W
22842,60726,60780,54,N
22840,60724,60780,56,S
22849,60736,60782,46,N
22846,60731,60782,51,S
22856,60746,60784,38,N
22850,60738,60784,46,S
22863,60756,60786,30,N
22855,60745,60786,41,S
22869,60766,60788,22,N
22860,60752,60788,36,S
22877,60776,60790,14,N
22865,60759,60790,31,S
22883,60786,60792,6,N
22870,60766,60792,26,S
22874,60773,60794,21,S
22891,60796,60796,0,N
22880,60780,60796,16,S
22885,60787,60798,11,S
22888,60794,60800,6,S
22894,60801,60802,1,S
22897,60806,60806,0,N
22899,60808,60808,0,S
22905,60816,60816,0,N
22904,60815,60816,1,S
22908,60822,60822,0,S
22911,60826,60826,0,N
22913,60829,60830,1,S
22918,60836,60836,0,N
22919,60836,60836,0,S
22879,60779,60840,61,E
22881,60782,60840,58,W
22882,60784,60840,56,E
22884,60786,60840,54,W
22886,60789,60840,51,E
22887,60790,60840,50,W
22889,60794,60842,48,E
22890,60794,60842,48,W
22893,60799,60842,43,E
22892,60798,60842,44,W
22896,60804,60842,38,E
22895,60802,60842,40,W
22900,60809,60844,35,E
22898,60806,60844,38,W
22902,60814,60844,30,E
22901,60810,60844,34,W
22907,60819,60844,25,E
22903,60814,60844,30,W
22910,60824,60846,22,E
22906,60818,60846,28,W
22914,60829,60846,17,E
22909,60822,60846,24,W
22916,60834,60846,12,E
22912,60826,60846,20,W
22921,60839,60848,9,E
22915,60830,60848,18,W
22924,60844,60848,4,E
22917,60834,60848,14,W
22920,60838,60848,10,W
22927,60849,60850,1,E
22922,60842,60850,8,W
22926,60846,60850,4,W
22929,60850,60850,0,W
22930,60854,60854,0,E
22931,60854,60854,0,W
22934,60858,60858,0,W
22935,60859,60860,1,E
22936,60862,60862,0,W
22938,60864,60864,0,E
22940,60866,60866,0,W
22941,60869,60870,1,E
22942,60870,60870,0,W
22944,60874,60874,0,E
22945,60874,60874,0,W
22948,60878,60878,0,W
22949,60879,60880,1,E
22950,60882,60882,0,W
22951,60884,60884,0,E
22954,60886,60886,0,W
22955,60889,60890,1,E
22956,60890,60890,0,W
22958,60894,60894,0,E
22959,60894,60894,0,W
22961,60898,60898,0,W
22925,60846,60900,54,N
22923,60843,60900,57,S
22932,60856,60902,46,N
22928,60850,60902,52,S
22939,60866,60904,38,N
22933,60857,60904,47,S
22946,60876,60906,30,N
22937,60864,60906,42,S
22953,60886,60908,22,N
22943,60871,60908,37,S
22960,60896,60910,14,N
22947,60878,60910,32,S
22966,60906,60912,6,N
22952,60885,60912,27,S
22957,60892,60914,22,S
22974,60916,60916,0,N
22962,60899,60916,17,S
22967,60906,60918,12,S
22971,60913,60920,7,S
22977,60920,60922,2,S
22980,60926,60926,0,N
22982,60927,60928,1,S
22985,60934,60934,0,S
22988,60936,60936,0,N
22991,60941,60942,1,S
22994,60946,60946,0,N
22996,60948,60948,0,S
23002,60956,60956,0,N
23001,60955,60956,1,S
22963,60899,60960,61,E
22964,60902,60960,58,W
22965,60904,60960,56,E
22968,60906,60960,54,W
22969,60909,60960,51,E
22970,60910,60960,50,W
22972,60914,60962,48,E
22973,60914,60962,48,W
22976,60919,60962,43,E
22975,60918,60962,44,W
22979,60924,60962,38,E
22978,60922,60962,40,W
22983,60929,60964,35,E
22981,60926,60964,38,W
22986,60934,60964,30,E
22984,60930,60964,34,W
22990,60939,60964,25,E
22987,60934,60964,30,W
22993,60944,60966,22,E
22989,60938,60966,28,W
22997,60949,60966,17,E
22992,60942,60966,24,W
22999,60954,60966,12,E
22995,60946,60966,20,W
23004,60959,60968,9,E
22998,60950,60968,18,W
23007,60964,60968,4,E
23000,60954,60968,14,W
23003,60958,60968,10,W
23011,60969,60970,1,E
23006,60962,60970,8,W
23009,60966,60970,4,W
23012,60970,60970,0,W
23013,60974,60974,0,E
23014,60974,60974,0,W
23017,60978,60978,0,W
23018,60979,60980,1,E
23019,60982,60982,0,W
23021,60984,60984,0,E
23023,60986,60986,0,W
23024,60989,60990,1,E
23026,60990,60990,0,W
23027,60994,60994,0,E
23028,60994,60994,0,W
23031,60998,60998,0,W
23032,60999,61000,1,E
23033,61002,61002,0,W
23035,61004,61004,0,E
23037,61006,61006,0,W
23038,61009,61010,1,E
23039,61010,61010,0,W
23041,61014,61014,0,E
23042,61014,61014,0,W
23045,61018,61018,0,W
23008,60966,61020,54,N
23005,60962,61020,58,S
23015,60976,61022,46,N
23010,60969,61022,53,S
23022,60986,61024,38,N
23016,60976,61024,48,S
23029,60996,61026,30,N
23020,60983,61026,43,S
23036,61006,61028,22,N
23025,60990,61028,38,S
23043,61016,61030,14,N
23030,60997,61030,33,S
23050,61026,61032,6,N
23034,61004,61032,28,S
23040,61011,61034,23,S
23057,61036,61036,0,N
23044,61018,61036,18,S
23049,61025,61038,13,S
23054,61032,61040,8,S
23059,61039,61042,3,S
23063,61046,61046,0,N
23064,61046,61046,0,S
23068,61053,61054,1,S
23071,61056,61056,0,N
23074,61060,61060,0,S
23077,61066,61066,0,N
23079,61067,61068,1,S
23082,61074,61074,0,S
23085,61076,61076,0,N
23046,61019,61080,61,E
23047,61022,61080,58,W
23048,61024,61080,56,E
23051,61026,61080,54,W
23052,61029,61080,51,E
23053,61030,61080,50,W
23055,61034,61082,48,E
23056,61034,61082,48,W
23060,61039,61082,43,E
23058,61038,61082,44,W
23062,61044,61082,38,E
23061,61042,61082,40,W
23066,61049,61084,35,E
23065,61046,61084,38,W
23069,61054,61084,30,E
23067,61050,61084,34,W
23073,61059,61084,25,E
23070,61054,61084,30,W
23076,61064,61086,22,E
23072,61058,61086,28,W
23080,61069,61086,17,E
23075,61062,61086,24,W
23083,61074,61086,12,E
23078,61066,61086,20,W
23087,61079,61088,9,E
23081,61070,61088,18,W
23090,61084,61088,4,E
23084,61074,61088,14,W
23086,61078,61088,10,W
23094,61089,61090,1,E
23089,61082,61090,8,W
23092,61086,61090,4,W
23095,61090,61090,0,W
23096,61094,61094,0,E
23097,61094,61094,0,W
23100,61098,61098,0,W
23101,61099,61100,1,E
23103,61102,61102,0,W
23104,61104,61104,0,E
23106,61106,61106,0,W
23108,61109,61110,1,E
23109,61110,61110,0,W
23110,61114,61114,0,E
23111,61114,61114,0,W
23114,61118,61118,0,W
23115,61119,61120,1,E
23116,61122,61122,0,W
23118,61124,61124,0,E
23120,61126,61126,0,W
23121,61129,61130,1,E
23123,61130,61130,0,W
23124,61134,61134,0,E
23125,61134,61134,0,W
23128,61138,61138,0,W
23091,61086,61140,54,N
23088,61081,61140,59,S
23099,61096,61142,46,N
23093,61088,61142,54,S
23105,61106,61144,38,N
23098,61095,61144,49,S
23112,61116,61146,30,N
23102,61102,61146,44,S
23119,61126,61148,22,N
23107,61109,61148,39,S
23126,61136,61150,14,N
23113,61116,61150,34,S
23133,61146,61152,6,N
23117,61123,61152,29,S
23122,61130,61154,24,S
23140,61156,61156,0,N
23127,61137,61156,19,S
23131,61144,61158,14,S
23137,61151,61160,9,S
23141,61158,61162,4,S
23147,61166,61166,0,N
23146,61165,61166,1,S
23151,61172,61172,0,S
23154,61176,61176,0,N
23156,61179,61180,1,S
23160,61186,61186,0,N
23161,61186,61186,0,S
23165,61193,61194,1,S
23168,61196,61196,0,N
23129,61139,61200,61,E
23130,61142,61200,58,W
23132,61144,61200,56,E
23134,61146,61200,54,W
23135,61149,61200,51,E
23136,61150,61200,50,W
23138,61154,61202,48,E
23139,61154,61202,48,W
23143,61159,61202,43,E
23142,61158,61202,44,W
23145,61164,61202,38,E
23144,61162,61202,40,W
23149,61169,61204,35,E
23148,61166,61204,38,W
23152,61174,61204,30,E
23150,61170,61204,34,W
23157,61179,61204,25,E
23153,61174,61204,30,W
23159,61184,61206,22,E
23155,61178,61206,28,W
23163,61189,61206,17,E
23158,61182,61206,24,W
23166,61194,61206,12,E
23162,61186,61206,20,W
23170,61199,61208,9,E
23164,61190,61208,18,W
23173,61204,61208,4,E
23167,61194,61208,14,W
23169,61198,61208,10,W
23177,61209,61210,1,E
23172,61202,61210,8,W
23175,61206,61210,4,W
23178,61210,61210,0,W
23180,61214,61214,0,E
23181,61214,61214,0,W
23183,61218,61218,0,W
23184,61219,61220,1,E
23186,61222,61222,0,W
23187,61224,61224,0,E
23188,61226,61226,0,W
23191,61229,61230,1,E
23192,61230,61230,0,W
23193,61234,61234,0,E
23194,61234,61234,0,W
23196,61238,61238,0,W
23198,61239,61240,1,E
23200,61242,61242,0,W
23201,61244,61244,0,E
23202,61246,61246,0,W
23204,61249,61250,1,E
23206,61250,61250,0,W
23207,61254,61254,0,E
23208,61254,61254,0,W
23210,61258,61258,0,W
23174,61206,61260,54,N
23171,61200,61260,60,S
23182,61217,61262,45,N
23176,61207,61262,55,S
23189,61228,61264,36,N
23179,61214,61264,50,S
23197,61239,61266,27,N
23185,61221,61266,45,S
23205,61250,61268,18,N
23190,61228,61268,40,S
23212,61261,61270,9,N
23195,61235,61270,35,S
23220,61272,61272,0,N
23199,61242,61272,30,S
23203,61249,61274,25,S
23209,61256,61276,20,S
23214,61263,61278,15,S
23218,61270,61280,10,S
23223,61277,61282,5,S
23227,61283,61284,1,N
23228,61284,61284,0,S
23233,61291,61292,1,S
23234,61294,61294,0,N
23237,61298,61298,0,S
23242,61305,61306,1,N
23243,61305,61306,1,S
23247,61312,61312,0,S
23250,61316,61316,0,N
23211,61259,61320,61,E
23213,61262,61320,58,W
23215,61264,61320,56,E
23216,61266,61320,54,W
23217,61269,61320,51,E
23219,61270,61320,50,W
23221,61274,61322,48,E
23222,61274,61322,48,W
23225,61279,61322,43,E
23224,61278,61322,44,W
23229,61284,61322,38,E
23226,61282,61322,40,W
23231,61289,61324,35,E
23230,61286,61324,38,W
23235,61294,61324,30,E
23232,61290,61324,34,W
23239,61299,61324,25,E
23236,61294,61324,30,W
23241,61304,61326,22,E
23238,61298,61326,28,W
23245,61309,61326,17,E
23240,61302,61326,24,W
23248,61314,61326,12,E
23244,61306,61326,20,W
23253,61319,61328,9,E
23246,61310,61328,18,W
23255,61324,61328,4,E
23249,61314,61328,14,W
23251,61318,61328,10,W
23259,61329,61330,1,E
23254,61322,61330,8,W
23257,61326,61330,4,W
23260,61330,61330,0,W
23262,61334,61334,0,E
23263,61334,61334,0,W
23265,61338,61338,0,W
23266,61339,61340,1,E
23268,61342,61342,0,W
23269,61344,61344,0,E
23270,61346,61346,0,W
23273,61349,61350,1,E
23274,61350,61350,0,W
23276,61354,61354,0,E
23277,61354,61354,0,W
23278,61358,61358,0,W
23279,61359,61360,1,E
23282,61362,61362,0,W
23283,61364,61364,0,E
23284,61366,61366,0,W
23286,61369,61370,1,E
23287,61370,61370,0,W
23289,61374,61374,0,E
23290,61374,61374,0,W
23292,61378,61378,0,W
23258,61327,61380,53,N
23252,61319,61380,61,S
23264,61338,61382,44,N
23256,61326,61382,56,S
23272,61349,61384,35,N
23261,61333,61384,51,S
23280,61360,61386,26,N
23267,61340,61386,46,S
23288,61371,61388,17,N
23271,61347,61388,41,S
23294,61382,61390,8,N
23275,61354,61390,36,S
23281,61361,61392,31,S
23302,61393,61394,1,N
23285,61368,61394,26,S
23291,61375,61396,21,S
23295,61382,61398,16,S
23299,61389,61400,11,S
23305,61396,61402,6,S
23310,61404,61404,0,N
23309,61403,61404,1,S
23314,61410,61410,0,S
23318,61415,61416,1,N
23319,61417,61418,1,S
23323,61424,61424,0,S
23325,61426,61426,0,N
23329,61431,61432,1,S
23332,61437,61438,1,N
23333,61438,61438,0,S
23293,61379,61440,61,E
23296,61382,61440,58,W
23297,61384,61440,56,E
23298,61386,61440,54,W
23300,61389,61440,51,E
23301,61390,61440,50,W
23303,61394,61442,48,E
23304,61394,61442,48,W
23307,61399,61442,43,E
23306,61398,61442,44,W
23311,61404,61442,38,E
23308,61402,61442,40,W
23313,61409,61444,35,E
23312,61406,61444,38,W
23316,61414,61444,30,E
23315,61410,61444,34,W
23321,61419,61444,25,E
23317,61414,61444,30,W
23324,61424,61446,22,E
23320,61418,61446,28,W
23327,61429,61446,17,E
23322,61422,61446,24,W
23330,61434,61446,12,E
23326,61426,61446,20,W
23335,61439,61448,9,E
23328,61430,61448,18,W
23337,61444,61448,4,E
23331,61434,61448,14,W
23334,61438,61448,10,W
23341,61449,61450,1,E
23336,61442,61450,8,W
23339,61446,61450,4,W
23342,61450,61450,0,W
23344,61454,61454,0,E
23345,61454,61454,0,W
23346,61458,61458,0,W
23349,61459,61460,1,E
23350,61462,61462,0,W
23351,61464,61464,0,E
23353,61466,61466,0,W
23354,61469,61470,1,E
23356,61470,61470,0,W
23358,61474,61474,0,E
23359,61474,61474,0,W
23360,61478,61478,0,W
23361,61479,61480,1,E
23364,61482,61482,0,W
23365,61484,61484,0,E
23366,61486,61486,0,W
23368,61489,61490,1,E
23369,61490,61490,0,W
23372,61494,61494,0,E
23373,61494,61494,0,W
23374,61498,61498,0,W
23340,61448,61500,52,N
23338,61445,61500,55,S
23347,61459,61502,43,N
23343,61452,61502,50,S
23355,61470,61504,34,N
23348,61459,61504,45,S
23363,61481,61506,25,N
23352,61466,61506,40,S
23370,61492,61508,16,N
23357,61473,61508,35,S
23378,61503,61510,7,N
23362,61480,61510,30,S
23367,61487,61512,25,S
23384,61514,61514,0,N
23371,61494,61514,20,S
23376,61501,61516,15,S
23381,61508,61518,10,S
23387,61515,61520,5,S
23390,61522,61522,0,S
23393,61525,61526,1,N
23395,61529,61530,1,S
23400,61536,61536,0,N
23401,61536,61536,0,S
23405,61543,61544,1,S
23408,61547,61548,1,N
23410,61550,61550,0,S
23415,61558,61558,0,N
23414,61557,61558,1,S
23375,61499,61560,61,E
23377,61502,61560,58,W
23379,61504,61560,56,E
23380,61506,61560,54,W
23382,61509,61560,51,E
23383,61510,61560,50,W
23385,61514,61562,48,E
23386,61514,61562,48,W
23389,61519,61562,43,E
23388,61518,61562,44,W
23392,61524,61562,38,E
23391,61522,61562,40,W
23396,61529,61564,35,E
23394,61526,61564,38,W
23398,61534,61564,30,E
23397,61530,61564,34,W
23403,61539,61564,25,E
23399,61534,61564,30,W
23406,61544,61566,22,E
23402,61538,61566,28,W
23409,61549,61566,17,E
23404,61542,61566,24,W
23412,61554,61566,12,E
23407,61546,61566,20,W
23417,61559,61568,9,E
23411,61550,61568,18,W
23420,61564,61568,4,E
23413,61554,61568,14,W
23416,61558,61568,10,W
23423,61569,61570,1,E
23418,61562,61570,8,W
23421,61566,61570,4,W
23424,61570,61570,0,W
23426,61574,61574,0,E
23427,61574,61574,0,W
23429,61578,61578,0,W
23430,61579,61580,1,E
23432,61582,61582,0,W
23433,61584,61584,0,E
23435,61586,61586,0,W
23436,61589,61590,1,E
23437,61590,61590,0,W
23440,61594,61594,0,E
23441,61594,61594,0,W
23442,61598,61598,0,W
23444,61599,61600,1,E
23446,61602,61602,0,W
23447,61604,61604,0,E
23449,61606,61606,0,W
23450,61609,61610,1,E
23451,61610,61610,0,W
23454,61614,61614,0,E
23455,61614,61614,0,W
23456,61618,61618,0,W
23422,61569,61620,51,N
23419,61564,61620,56,S
23431,61580,61622,42,N
23425,61571,61622,51,S
23438,61591,61624,33,N
23428,61578,61624,46,S
23445,61602,61626,24,N
23434,61585,61626,41,S
23452,61613,61628,15,N
23439,61592,61628,36,S
23460,61624,61630,6,N
23443,61599,61630,31,S
23448,61606,61632,26,S
23453,61613,61634,21,S
23469,61635,61636,1,N
23458,61620,61636,16,S
23463,61627,61638,11,S
23466,61634,61640,6,S
23472,61641,61642,1,S
23475,61646,61646,0,N
23477,61648,61648,0,S
23482,61655,61656,1,S
23483,61657,61658,1,N
23486,61662,61662,0,S
23490,61668,61668,0,N
23491,61669,61670,1,S
23496,61676,61676,0,S
23457,61619,61680,61,E
23459,61622,61680,58,W
23461,61624,61680,56,E
23462,61626,61680,54,W
23464,61629,61680,51,E
23465,61630,61680,50,W
23467,61634,61682,48,E
23468,61634,61682,48,W
23471,61639,61682,43,E
23470,61638,61682,44,W
23474,61644,61682,38,E
23473,61642,61682,40,W
23478,61649,61684,35,E
23476,61646,61684,38,W
23480,61654,61684,30,E
23479,61650,61684,34,W
23485,61659,61684,25,E
23481,61654,61684,30,W
23488,61664,61686,22,E
23484,61658,61686,28,W
23492,61669,61686,17,E
23487,61662,61686,24,W
23494,61674,61686,12,E
23489,61666,61686,20,W
23499,61679,61688,9,E
23493,61670,61688,18,W
23502,61684,61688,4,E
23495,61674,61688,14,W
23497,61678,61688,10,W
23504,61689,61690,1,E
23500,61682,61690,8,W
23503,61686,61690,4,W
23507,61690,61690,0,W
23508,61694,61694,0,E
23509,61694,61694,0,W
23511,61698,61698,0,W
23512,61699,61700,1,E
23514,61702,61702,0,W
23516,61704,61704,0,E
23517,61706,61706,0,W
23518,61709,61710,1,E
23519,61710,61710,0,W
23522,61714,61714,0,E
23523,61714,61714,0,W
23525,61718,61718,0,W
23526,61719,61720,1,E
23527,61722,61722,0,W
23529,61724,61724,0,E
23531,61726,61726,0,W
23532,61729,61730,1,E
23533,61730,61730,0,W
23536,61734,61734,0,E
23537,61734,61734,0,W
23538,61738,61738,0,W
23498,61679,61740,61,N
23501,61683,61740,57,S
23505,61690,61742,52,N
23506,61690,61742,52,S
23513,61701,61744,43,N
23510,61697,61744,47,S
23521,61712,61746,34,N
23515,61704,61746,42,S
23528,61723,61748,25,N
23520,61711,61748,37,S
23535,61734,61750,16,N
23524,61718,61750,32,S
23543,61745,61752,7,N
23530,61725,61752,27,S
23534,61732,61754,22,S
23551,61756,61756,0,N
23539,61739,61756,17,S
23544,61746,61758,12,S
23548,61753,61760,7,S
23554,61760,61762,2,S
23558,61767,61768,1,N
23559,61767,61768,1,S
23562,61774,61774,0,S
23565,61778,61778,0,N
23568,61781,61782,1,S
23572,61788,61788,0,S
23573,61789,61790,1,N
23578,61795,61796,1,S
23540,61739,61800,61,E
23541,61742,61800,58,W
23542,61744,61800,56,E
23545,61746,61800,54,W
23546,61749,61800,51,E
23547,61750,61800,50,W
23549,61754,61802,48,E
23550,61754,61802,48,W
23553,61759,61802,43,E
23552,61758,61802,44,W
23556,61764,61802,38,E
23555,61762,61802,40,W
23560,61769,61804,35,E
23557,61766,61804,38,W
23563,61774,61804,30,E
23561,61770,61804,34,W
23567,61779,61804,25,E
23564,61774,61804,30,W
23570,61784,61806,22,E
23566,61778,61806,28,W
23574,61789,61806,17,E
23569,61782,61806,24,W
23576,61794,61806,12,E
23571,61786,61806,20,W
23580,61799,61808,9,E
23575,61790,61808,18,W
23584,61804,61808,4,E
23577,61794,61808,14,W
23579,61798,61808,10,W
23587,61809,61810,1,E
23583,61802,61810,8,W
23585,61806,61810,4,W
23588,61810,61810,0,W
23590,61814,61814,0,E
23591,61814,61814,0,W
23593,61818,61818,0,W
23594,61819,61820,1,E
23596,61822,61822,0,W
23598,61824,61824,0,E
23599,61826,61826,0,W
23600,61829,61830,1,E
23602,61830,61830,0,W
23604,61834,61834,0,E
23605,61834,61834,0,W
23607,61838,61838,0,W
23608,61839,61840,1,E
23609,61842,61842,0,W
23612,61844,61844,0,E
23613,61846,61846,0,W
23614,61849,61850,1,E
23615,61850,61850,0,W
23617,61854,61854,0,E
23618,61854,61854,0,W
23621,61858,61858,0,W
23581,61800,61860,60,N
23582,61802,61860,58,S
23589,61811,61862,51,N
23586,61809,61862,53,S
23595,61822,61864,42,N
23592,61816,61864,48,S
23603,61833,61866,33,N
23597,61823,61866,43,S
23610,61844,61868,24,N
23601,61830,61868,38,S
23619,61855,61870,15,N
23606,61837,61870,33,S
23626,61866,61872,6,N
23611,61844,61872,28,S
23616,61851,61874,23,S
23620,61858,61876,18,S
23633,61877,61878,1,N
23625,61865,61878,13,S
23630,61872,61880,8,S
23635,61879,61882,3,S
23639,61886,61886,0,S
23641,61888,61888,0,N
23644,61893,61894,1,S
23648,61899,61900,1,N
23650,61900,61900,0,S
23654,61907,61908,1,S
23656,61910,61910,0,N
23658,61914,61914,0,S
23622,61859,61920,61,E
23623,61862,61920,58,W
23624,61864,61920,56,E
23627,61866,61920,54,W
23628,61869,61920,51,E
23629,61870,61920,50,W
23631,61874,61922,48,E
23632,61874,61922,48,W
23636,61879,61922,43,E
23634,61878,61922,44,W
23638,61884,61922,38,E
23637,61882,61922,40,W
23642,61889,61924,35,E
23640,61886,61924,38,W
23645,61894,61924,30,E
23643,61890,61924,34,W
23649,61899,61924,25,E
23646,61894,61924,30,W
23652,61904,61926,22,E
23647,61898,61926,28,W
23655,61909,61926,17,E
23651,61902,61926,24,W
23659,61914,61926,12,E
23653,61906,61926,20,W
23662,61919,61928,9,E
23657,61910,61928,18,W
23666,61924,61928,4,E
23660,61914,61928,14,W
23661,61918,61928,10,W
23669,61929,61930,1,E
23665,61922,61930,8,W
23667,61926,61930,4,W
23670,61930,61930,0,W
23672,61934,61934,0,E
23673,61934,61934,0,W
23675,61938,61938,0,W
23676,61939,61940,1,E
23678,61942,61942,0,W
23680,61944,61944,0,E
23681,61946,61946,0,W
23683,61949,61950,1,E
23684,61950,61950,0,W
23686,61954,61954,0,E
23687,61954,61954,0,W
23689,61958,61958,0,W
23690,61959,61960,1,E
23691,61962,61962,0,W
23693,61964,61964,0,E
23695,61966,61966,0,W
23696,61969,61970,1,E
23698,61970,61970,0,W
23699,61974,61974,0,E
23700,61974,61974,0,W
23703,61978,61978,0,W
23663,61921,61980,59,N
23664,61921,61980,59,S
23671,61932,61982,50,N
23668,61928,61982,54,S
23679,61943,61984,41,N
23674,61935,61984,49,S
23685,61954,61986,32,N
23677,61942,61986,44,S
23694,61965,61988,23,N
23682,61949,61988,39,S
23701,61976,61990,14,N
23688,61956,61990,34,S
23709,61987,61992,5,N
23692,61963,61992,29,S
23697,61970,61994,24,S
23702,61977,61996,19,S
23715,61998,61998,0,N
23706,61984,61998,14,S
23712,61991,62000,9,S
23716,61998,62002,4,S
23721,62005,62006,1,S
23723,62009,62010,1,N
23726,62012,62012,0,S
23732,62020,62020,0,N
23730,62019,62020,1,S
23735,62026,62026,0,S
23739,62031,62032,1,N
23740,62033,62034,1,S
23704,61979,62040,61,E
23705,61982,62040,58,W
23707,61984,62040,56,E
23708,61986,62040,54,W
23710,61989,62040,51,E
23711,61990,62040,50,W
23713,61994,62042,48,E
23714,61994,62042,48,W
23718,61999,62042,43,E
23717,61998,62042,44,W
23720,62004,62042,38,E
23719,62002,62042,40,W
23724,62009,62044,35,E
23722,62006,62044,38,W
23727,62014,62044,30,E
23725,62010,62044,34,W
23731,62019,62044,25,E
23728,62014,62044,30,W
23734,62024,62046,22,E
23729,62018,62046,28,W
23737,62029,62046,17,E
23733,62022,62046,24,W
23741,62034,62046,12,E
23736,62026,62046,20,W
23744,62039,62048,9,E
23738,62030,62048,18,W
23748,62044,62048,4,E
23742,62034,62048,14,W
23743,62038,62048,10,W
23751,62049,62050,1,E
23747,62042,62050,8,W
23749,62046,62050,4,W
23752,62050,62050,0,W
23755,62054,62054,0,E
23756,62054,62054,0,W
23757,62058,62058,0,W
23758,62059,62060,1,E
23760,62062,62062,0,W
23762,62064,62064,0,E
23763,62066,62066,0,W
23765,62069,62070,1,E
23766,62070,62070,0,W
23767,62074,62074,0,E
23768,62074,62074,0,W
23771,62078,62078,0,W
23772,62079,62080,1,E
23774,62082,62082,0,W
23775,62084,62084,0,E
23777,62086,62086,0,W
23779,62089,62090,1,E
23780,62090,62090,0,W
23781,62094,62094,0,E
23782,62094,62094,0,W
23785,62098,62098,0,W
23746,62042,62100,58,N
23745,62040,62100,60,S
23753,62053,62102,49,N
23750,62047,62102,55,S
23761,62064,62104,40,N
23754,62054,62104,50,S
23769,62075,62106,31,N
23759,62061,62106,45,S
23776,62086,62108,22,N
23764,62068,62108,40,S
23784,62097,62110,13,N
23770,62075,62110,35,S
23791,62108,62112,4,N
23773,62082,62112,30,S
23778,62089,62114,25,S
23783,62096,62116,20,S
23788,62103,62118,15,S
23799,62119,62120,1,N
23793,62110,62120,10,S
23797,62117,62122,5,S
23802,62124,62124,0,S
23806,62130,62130,0,N
23808,62131,62132,1,S
23811,62138,62138,0,S
23814,62141,62142,1,N
23817,62145,62146,1,S
23821,62152,62152,0,N
23822,62152,62152,0,S
23786,62099,62160,61,E
23787,62102,62160,58,W
23789,62104,62160,56,E
23790,62106,62160,54,W
23792,62109,62160,51,E
23794,62110,62160,50,W
23795,62114,62162,48,E
23796,62114,62162,48,W
23800,62119,62162,43,E
23798,62118,62162,44,W
23803,62124,62162,38,E
23801,62122,62162,40,W
23805,62129,62164,35,E
23804,62126,62164,38,W
23809,62134,62164,30,E
23807,62130,62164,34,W
23813,62139,62164,25,E
23810,62134,62164,30,W
23816,62144,62166,22,E
23812,62138,62166,28,W
23819,62149,62166,17,E
23815,62142,62166,24,W
23823,62154,62166,12,E
23818,62146,62166,20,W
23827,62159,62168,9,E
23820,62150,62168,18,W
23830,62164,62168,4,E
23824,62154,62168,14,W
23825,62158,62168,10,W
23833,62169,62170,1,E
23828,62162,62170,8,W
23832,62166,62170,4,W
23834,62170,62170,0,W
23837,62174,62174,0,E
23838,62174,62174,0,W
23839,62178,62178,0,W
23840,62179,62180,1,E
23842,62182,62182,0,W
23843,62184,62184,0,E
23845,62186,62186,0,W
23847,62189,62190,1,E
23848,62190,62190,0,W
23850,62194,62194,0,E
23851,62194,62194,0,W
23853,62198,62198,0,W
23854,62199,62200,1,E
23856,62202,62202,0,W
23857,62204,62204,0,E
23858,62206,62206,0,W
23861,62209,62210,1,E
23862,62210,62210,0,W
23863,62214,62214,0,E
23864,62214,62214,0,W
23867,62218,62218,0,W
23829,62163,62220,57,N
23826,62159,62220,61,S
23836,62174,62222,48,N
23831,62166,62222,56,S
23844,62185,62224,39,N
23835,62173,62224,51,S
23852,62196,62226,30,N
23841,62180,62226,46,S
23859,62207,62228,21,N
23846,62187,62228,41,S
23866,62218,62230,12,N
23849,62194,62230,36,S
23873,62229,62232,3,N
23855,62201,62232,31,S
23860,62208,62234,26,S
23865,62215,62236,21,S
23869,62222,62238,16,S
23882,62240,62240,0,N
23874,62229,62240,11,S
23879,62236,62242,6,S
23884,62243,62244,1,S
23888,62250,62250,0,S
23890,62251,62252,1,N
23893,62257,62258,1,S
23896,62262,62262,0,N
23898,62264,62264,0,S
23903,62271,62272,1,S
23904,62273,62274,1,N
23907,62278,62278,0,S
23868,62219,62280,61,E
23870,62222,62280,58,W
23871,62224,62280,56,E
23872,62226,62280,54,W
23875,62229,62280,51,E
23876,62230,62280,50,W
23877,62234,62282,48,E
23878,62234,62282,48,W
23881,62239,62282,43,E
23880,62238,62282,44,W
23885,62244,62282,38,E
23883,62242,62282,40,W
23887,62249,62284,35,E
23886,62246,62284,38,W
23891,62254,62284,30,E
23889,62250,62284,34,W
23895,62259,62284,25,E
23892,62254,62284,30,W
23899,62264,62286,22,E
23894,62258,62286,28,W
23901,62269,62286,17,E
23897,62262,62286,24,W
23905,62274,62286,12,E
23900,62266,62286,20,W
23909,62279,62288,9,E
23902,62270,62288,18,W
23912,62284,62288,4,E
23906,62274,62288,14,W
23908,62278,62288,10,W
23915,62289,62290,1,E
23910,62282,62290,8,W
23914,62286,62290,4,W
23916,62290,62290,0,W
23918,62294,62294,0,E
23919,62294,62294,0,W
23921,62298,62298,0,W
23923,62299,62300,1,E
23924,62302,62302,0,W
23925,62304,62304,0,E
23928,62306,62306,0,W
23929,62309,62310,1,E
23930,62310,62310,0,W
23932,62314,62314,0,E
23933,62314,62314,0,W
23935,62318,62318,0,W
23936,62319,62320,1,E
23938,62322,62322,0,W
23939,62324,62324,0,E
23940,62326,62326,0,W
23943,62329,62330,1,E
23944,62330,62330,0,W
23946,62334,62334,0,E
23947,62334,62334,0,W
23948,62338,62338,0,W
23911,62284,62340,56,N
23913,62285,62340,55,S
23920,62295,62342,47,N
23917,62292,62342,50,S
23926,62306,62344,38,N
23922,62299,62344,45,S
23934,62317,62346,29,N
23927,62306,62346,40,S
23942,62328,62348,20,N
23931,62313,62348,35,S
23949,62339,62350,11,N
23937,62320,62350,30,S
23957,62350,62352,2,N
23941,62327,62352,25,S
23945,62334,62354,20,S
23951,62341,62356,15,S
23955,62348,62358,10,S
23961,62355,62360,5,S
23964,62361,62362,1,N
23965,62362,62362,0,S
23969,62369,62370,1,S
23972,62372,62372,0,N
23975,62376,62376,0,S
23979,62383,62384,1,N
23980,62383,62384,1,S
23984,62390,62390,0,S
23986,62394,62394,0,N
23989,62397,62398,1,S
23950,62339,62400,61,E
23952,62342,62400,58,W
23953,62344,62400,56,E
23954,62346,62400,54,W
23956,62349,62400,51,E
23958,62350,62400,50,W
23959,62354,62402,48,E
23960,62354,62402,48,W
23963,62359,62402,43,E
23962,62358,62402,44,W
23967,62364,62402,38,E
23966,62362,62402,40,W
23970,62369,62404,35,E
23968,62366,62404,38,W
23973,62374,62404,30,E
23971,62370,62404,34,W
23977,62379,62404,25,E
23974,62374,62404,30,W
23981,62384,62406,22,E
23976,62378,62406,28,W
23983,62389,62406,17,E
23978,62382,62406,24,W
23987,62394,62406,12,E
23982,62386,62406,20,W
23991,62399,62408,9,E
23985,62390,62408,18,W
23994,62404,62408,4,E
23988,62394,62408,14,W
23990,62398,62408,10,W
23997,62409,62410,1,E
23992,62402,62410,8,W
23996,62406,62410,4,W
23998,62410,62410,0,W
24000,62414,62414,0,E
24001,62414,62414,0,W
24004,62418,62418,0,W
24005,62419,62420,1,E
24006,62422,62422,0,W
24007,62424,62424,0,E
24009,62426,62426,0,W
24011,62429,62430,1,E
24012,62430,62430,0,W
24014,62434,62434,0,E
24015,62434,62434,0,W
24017,62438,62438,0,W
24019,62439,62440,1,E
24020,62442,62442,0,W
24021,62444,62444,0,E
24023,62446,62446,0,W
24025,62449,62450,1,E
24026,62450,62450,0,W
24028,62454,62454,0,E
24029,62454,62454,0,W
24030,62458,62458,0,W
23995,62405,62460,55,N
23993,62404,62460,56,S
24002,62416,62462,46,N
23999,62411,62462,51,S
24010,62427,62464,37,N
24003,62418,62464,46,S
24016,62438,62466,28,N
24008,62425,62466,41,S
24024,62449,62468,19,N
24013,62432,62468,36,S
24032,62460,62470,10,N
24018,62439,62470,31,S
24040,62471,62472,1,N
24022,62446,62472,26,S
24027,62453,62474,21,S
24033,62460,62476,16,S
24037,62467,62478,11,S
24041,62474,62480,6,S
24047,62482,62482,0,N
24046,62481,62482,1,S
24051,62488,62488,0,S
24054,62493,62494,1,N
24057,62495,62496,1,S
24060,62502,62502,0,S
24062,62504,62504,0,N
24065,62509,62510,1,S
24070,62515,62516,1,N
24071,62516,62516,0,S
24031,62459,62520,61,E
24034,62462,62520,58,W
24035,62464,62520,56,E
24036,62466,62520,54,W
24038,62469,62520,51,E
24039,62470,62520,50,W
24042,62474,62522,48,E
24043,62474,62522,48,W
24045,62479,62522,43,E
24044,62478,62522,44,W
24049,62484,62522,38,E
24048,62482,62522,40,W
24052,62489,62524,35,E
24050,62486,62524,38,W
24055,62494,62524,30,E
24053,62490,62524,34,W
24059,62499,62524,25,E
24056,62494,62524,30,W
24063,62504,62526,22,E
24058,62498,62526,28,W
24066,62509,62526,17,E
24061,62502,62526,24,W
24068,62514,62526,12,E
24064,62506,62526,20,W
24073,62519,62528,9,E
24067,62510,62528,18,W
24076,62524,62528,4,E
24069,62514,62528,14,W
24072,62518,62528,10,W
24079,62529,62530,1,E
24074,62522,62530,8,W
24078,62526,62530,4,W
24081,62530,62530,0,W
24082,62534,62534,0,E
24083,62534,62534,0,W
24086,62538,62538,0,W
24087,62539,62540,1,E
24088,62542,62542,0,W
24090,62544,62544,0,E
24091,62546,62546,0,W
24093,62549,62550,1,E
24094,62550,62550,0,W
24096,62554,62554,0,E
24097,62554,62554,0,W
24099,62558,62558,0,W
24101,62559,62560,1,E
24102,62562,62562,0,W
24103,62564,62564,0,E
24105,62566,62566,0,W
24106,62569,62570,1,E
24108,62570,62570,0,W
24110,62574,62574,0,E
24111,62574,62574,0,W
24112,62578,62578,0,W
24077,62526,62580,54,N
24075,62523,62580,57,S
24084,62537,62582,45,N
24080,62530,62582,52,S
24092,62548,62584,36,N
24085,62537,62584,47,S
24100,62559,62586,27,N
24089,62544,62586,42,S
24107,62570,62588,18,N
24095,62551,62588,37,S
24115,62581,62590,9,N
24098,62558,62590,32,S
24122,62592,62592,0,N
24104,62565,62592,27,S
24109,62572,62594,22,S
24113,62579,62596,17,S
24118,62586,62598,12,S
24123,62593,62600,7,S
24128,62600,62602,2,S
24130,62603,62604,1,N
24133,62607,62608,1,S
24136,62614,62614,0,N
24137,62614,62614,0,S
24142,62621,62622,1,S
24145,62625,62626,1,N
24147,62628,62628,0,S
24153,62636,62636,0,N
24152,62635,62636,1,S
24114,62579,62640,61,E
24116,62582,62640,58,W
24117,62584,62640,56,E
24119,62586,62640,54,W
24120,62589,62640,51,E
24121,62590,62640,50,W
24124,62594,62642,48,E
24125,62594,62642,48,W
24127,62599,62642,43,E
24126,62598,62642,44,W
24131,62604,62642,38,E
24129,62602,62642,40,W
24134,62609,62644,35,E
24132,62606,62644,38,W
24138,62614,62644,30,E
24135,62610,62644,34,W
24141,62619,62644,25,E
24139,62614,62644,30,W
24144,62624,62646,22,E
24140,62618,62646,28,W
24148,62629,62646,17,E
24143,62622,62646,24,W
24150,62634,62646,12,E
24146,62626,62646,20,W
24155,62639,62648,9,E
24149,62630,62648,18,W
24158,62644,62648,4,E
24151,62634,62648,14,W
24154,62638,62648,10,W
24162,62649,62650,1,E
24157,62642,62650,8,W
24159,62646,62650,4,W
24163,62650,62650,0,W
24164,62654,62654,0,E
24165,62654,62654,0,W
24168,62658,62658,0,W
24169,62659,62660,1,E
24170,62662,62662,0,W
24172,62664,62664,0,E
24173,62666,62666,0,W
24175,62669,62670,1,E
24177,62670,62670,0,W
24178,62674,62674,0,E
24179,62674,62674,0,W
24181,62678,62678,0,W
24182,62679,62680,1,E
24184,62682,62682,0,W
24186,62684,62684,0,E
24187,62686,62686,0,W
24188,62689,62690,1,E
24189,62690,62690,0,W
24192,62694,62694,0,E
24193,62694,62694,0,W
24195,62698,62698,0,W
24160,62647,62700,53,N
24156,62642,62700,58,S
24167,62658,62702,44,N
24161,62649,62702,53,S
24174,62669,62704,35,N
24166,62656,62704,48,S
24183,62680,62706,26,N
24171,62663,62706,43,S
24190,62691,62708,17,N
24176,62670,62708,38,S
24197,62702,62710,8,N
24180,62677,62710,33,S
24185,62684,62712,28,S
24205,62713,62714,1,N
24191,62691,62714,23,S
24194,62698,62716,18,S
24200,62705,62718,13,S
24204,62712,62720,8,S
24209,62719,62722,3,S
24212,62724,62724,0,N
24214,62726,62726,0,S
24218,62733,62734,1,S
24221,62735,62736,1,N
24224,62740,62740,0,S
24227,62746,62746,0,N
24229,62747,62748,1,S
24232,62754,62754,0,S
24235,62757,62758,1,N
24196,62699,62760,61,E
24198,62702,62760,58,W
24199,62704,62760,56,E
24201,62706,62760,54,W
24202,62709,62760,51,E
24203,62710,62760,50,W
24206,62714,62762,48,E
24207,62714,62762,48,W
24210,62719,62762,43,E
24208,62718,62762,44,W
24213,62724,62762,38,E
24211,62722,62762,40,W
24216,62729,62764,35,E
24215,62726,62764,38,W
24219,62734,62764,30,E
24217,62730,62764,34,W
24223,62739,62764,25,E
24220,62734,62764,30,W
24226,62744,62766,22,E
24222,62738,62766,28,W
24230,62749,62766,17,E
24225,62742,62766,24,W
24233,62754,62766,12,E
24228,62746,62766,20,W
24237,62759,62768,9,E
24231,62750,62768,18,W
24240,62764,62768,4,E
24234,62754,62768,14,W
24236,62758,62768,10,W
24244,62769,62770,1,E
24239,62762,62770,8,W
24241,62766,62770,4,W
24245,62770,62770,0,W
24246,62774,62774,0,E
24247,62774,62774,0,W
24249,62778,62778,0,W
24251,62779,62780,1,E
24253,62782,62782,0,W
24254,62784,62784,0,E
24255,62786,62786,0,W
24257,62789,62790,1,E
24259,62790,62790,0,W
24260,62794,62794,0,E
24261,62794,62794,0,W
24263,62798,62798,0,W
24264,62799,62800,1,E
24266,62802,62802,0,W
24268,62804,62804,0,E
24269,62806,62806,0,W
24270,62809,62810,1,E
24272,62810,62810,0,W
24274,62814,62814,0,E
24275,62814,62814,0,W
24277,62818,62818,0,W
24242,62768,62820,52,N
24238,62761,62820,59,S
24250,62779,62822,43,N
24243,62768,62822,54,S
24258,62790,62824,34,N
24248,62775,62824,49,S
24265,62801,62826,25,N
24252,62782,62826,44,S
24273,62812,62828,16,N
24256,62789,62828,39,S
24280,62823,62830,7,N
24262,62796,62830,34,S
24267,62803,62832,29,S
24287,62834,62834,0,N
24271,62810,62834,24,S
24276,62817,62836,19,S
24281,62824,62838,14,S
24286,62831,62840,9,S
24290,62838,62842,4,S
24295,62845,62846,1,N
24296,62845,62846,1,S
24300,62852,62852,0,S
24303,62856,62856,0,N
24305,62859,62860,1,S
24309,62866,62866,0,S
24311,62867,62868,1,N
24314,62873,62874,1,S
24317,62878,62878,0,N
24278,62819,62880,61,E
24279,62822,62880,58,W
24282,62824,62880,56,E
24283,62826,62880,54,W
24284,62829,62880,51,E
24285,62830,62880,50,W
24288,62834,62882,48,E
24289,62834,62882,48,W
24292,62839,62882,43,E
24291,62838,62882,44,W
24294,62844,62882,38,E
24293,62842,62882,40,W
24298,62849,62884,35,E
24297,62846,62884,38,W
24301,62854,62884,30,E
24299,62850,62884,34,W
24306,62859,62884,25,E
24302,62854,62884,30,W
24308,62864,62886,22,E
24304,62858,62886,28,W
24312,62869,62886,17,E
24307,62862,62886,24,W
24315,62874,62886,12,E
24310,62866,62886,20,W
24319,62879,62888,9,E
24313,62870,62888,18,W
24322,62884,62888,4,E
24316,62874,62888,14,W
24318,62878,62888,10,W
24326,62889,62890,1,E
24321,62882,62890,8,W
24323,62886,62890,4,W
24327,62890,62890,0,W
24329,62894,62894,0,E
24330,62894,62894,0,W
24331,62898,62898,0,W
24332,62899,62900,1,E
24335,62902,62902,0,W
24336,62904,62904,0,E
24337,62906,62906,0,W
24339,62909,62910,1,E
24340,62910,62910,0,W
24342,62914,62914,0,E
24343,62914,62914,0,W
24345,62918,62918,0,W
24346,62919,62920,1,E
24349,62922,62922,0,W
24350,62924,62924,0,E
24351,62926,62926,0,W
24353,62929,62930,1,E
24354,62930,62930,0,W
24356,62934,62934,0,E
24357,62934,62934,0,W
24359,62938,62938,0,W
24325,62889,62940,51,N
24320,62880,62940,60,S
24333,62900,62942,42,N
24324,62887,62942,55,S
24341,62911,62944,33,N
24328,62894,62944,50,S
24347,62922,62946,24,N
24334,62901,62946,45,S
24355,62933,62948,15,N
24338,62908,62948,40,S
24363,62944,62950,6,N
24344,62915,62950,35,S
24348,62922,62952,30,S
24352,62929,62954,25,S
24371,62955,62956,1,N
24358,62936,62956,20,S
24362,62943,62958,15,S
24367,62950,62960,10,S
24372,62957,62962,5,S
24376,62964,62964,0,S
24378,62966,62966,0,N
24382,62971,62972,1,S
24385,62977,62978,1,N
24386,62978,62978,0,S
24391,62985,62986,1,S
24393,62988,62988,0,N
24396,62992,62992,0,S
24360,62939,63000,61,E
24361,62942,63000,58,W
24364,62944,63000,56,E
24365,62946,63000,54,W
24366,62949,63000,51,E
24368,62950,63000,50,W
24369,62954,63002,48,E
24370,62954,63002,48,W
24374,62959,63002,43,E
24373,62958,63002,44,W
24377,62964,63002,38,E
24375,62962,63002,40,W
24380,62969,63004,35,E
24379,62966,63004,38,W
24383,62974,63004,30,E
24381,62970,63004,34,W
24388,62979,63004,25,E
24384,62974,63004,30,W
24390,62984,63006,22,E
24387,62978,63006,28,W
24394,62989,63006,17,E
24389,62982,63006,24,W
24397,62994,63006,12,E
24392,62986,63006,20,W
24402,62999,63008,9,E
24395,62990,63008,18,W
24404,63004,63008,4,E
24398,62994,63008,14,W
24399,62998,63008,10,W
24407,63009,63010,1,E
24403,63002,63010,8,W
24406,63006,63010,4,W
24409,63010,63010,0,W
24411,63014,63014,0,E
24412,63014,63014,0,W
24413,63018,63018,0,W
24414,63019,63020,1,E
24417,63022,63022,0,W
24418,63024,63024,0,E
24419,63026,63026,0,W
24421,63029,63030,1,E
24422,63030,63030,0,W
24425,63034,63034,0,E
24426,63034,63034,0,W
24427,63038,63038,0,W
24428,63039,63040,1,E
24430,63042,63042,0,W
24432,63044,63044,0,E
24433,63046,63046,0,W
24435,63049,63050,1,E
24436,63050,63050,0,W
24438,63054,63054,0,E
24439,63054,63054,0,W
24441,63058,63058,0,W
24400,62999,63060,61,N
24401,62999,63060,61,S
24408,63010,63062,52,N
24405,63006,63062,56,S
24416,63021,63064,43,N
24410,63013,63064,51,S
24423,63032,63066,34,N
24415,63020,63066,46,S
24431,63043,63068,25,N
24420,63027,63068,41,S
24437,63054,63070,16,N
24424,63034,63070,36,S
24446,63065,63072,7,N
24429,63041,63072,31,S
24434,63048,63074,26,S
24453,63076,63076,0,N
24440,63055,63076,21,S
24443,63062,63078,16,S
24448,63069,63080,11,S
24454,63076,63082,6,S
24458,63083,63084,1,S
24461,63087,63088,1,N
24463,63090,63090,0,S
24468,63098,63098,0,N
24467,63097,63098,1,S
24472,63104,63104,0,S
24475,63109,63110,1,N
24478,63111,63112,1,S
24481,63118,63118,0,S
24442,63059,63120,61,E
24444,63062,63120,58,W
24445,63064,63120,56,E
24447,63066,63120,54,W
24449,63069,63120,51,E
24450,63070,63120,50,W
24451,63074,63122,48,E
24452,63074,63122,48,W
24456,63079,63122,43,E
24455,63078,63122,44,W
24459,63084,63122,38,E
24457,63082,63122,40,W
24462,63089,63124,35,E
24460,63086,63124,38,W
24465,63094,63124,30,E
24464,63090,63124,34,W
24470,63099,63124,25,E
24466,63094,63124,30,W
24473,63104,63126,22,E
24469,63098,63126,28,W
24476,63109,63126,17,E
24471,63102,63126,24,W
24479,63114,63126,12,E
24474,63106,63126,20,W
24483,63119,63128,9,E
24477,63110,63128,18,W
24486,63124,63128,4,E
24480,63114,63128,14,W
24482,63118,63128,10,W
24489,63129,63130,1,E
24485,63122,63130,8,W
24488,63126,63130,4,W
24490,63130,63130,0,W
24493,63134,63134,0,E
24494,63134,63134,0,W
24495,63138,63138,0,W
24497,63139,63140,1,E
24499,63142,63142,0,W
24500,63144,63144,0,E
24502,63146,63146,0,W
24503,63149,63150,1,E
24504,63150,63150,0,W
24507,63154,63154,0,E
24508,63154,63154,0,W
24509,63158,63158,0,W
24510,63159,63160,1,E
24512,63162,63162,0,W
24514,63164,63164,0,E
24515,63166,63166,0,W
24517,63169,63170,1,E
24518,63170,63170,0,W
24520,63174,63174,0,E
24521,63174,63174,0,W
24523,63178,63178,0,W
24484,63120,63180,60,N
24487,63125,63180,55,S
24491,63131,63182,51,N
24492,63132,63182,50,S
24498,63142,63184,42,N
24496,63139,63184,45,S
24505,63153,63186,33,N
24501,63146,63186,40,S
24513,63164,63188,24,N
24506,63153,63188,35,S
24522,63175,63190,15,N
24511,63160,63190,30,S
24528,63186,63192,6,N
24516,63167,63192,25,S
24519,63174,63194,20,S
24525,63181,63196,15,S
24536,63197,63198,1,N
24530,63188,63198,10,S
24535,63195,63200,5,S
24539,63202,63202,0,S
24543,63208,63208,0,N
24544,63209,63210,1,S
24549,63216,63216,0,S
24551,63219,63220,1,N
24554,63223,63224,1,S
24558,63230,63230,0,N
24559,63230,63230,0,S
24563,63237,63238,1,S
24524,63179,63240,61,E
24526,63182,63240,58,W
24527,63184,63240,56,E
24529,63186,63240,54,W
24531,63189,63240,51,E
24532,63190,63240,50,W
24533,63194,63242,48,E
24534,63194,63242,48,W
24538,63199,63242,43,E
24537,63198,63242,44,W
24541,63204,63242,38,E
24540,63202,63242,40,W
24545,63209,63244,35,E
24542,63206,63244,38,W
24547,63214,63244,30,E
24546,63210,63244,34,W
24552,63219,63244,25,E
24548,63214,63244,30,W
24555,63224,63246,22,E
24550,63218,63246,28,W
24557,63229,63246,17,E
24553,63222,63246,24,W
24561,63234,63246,12,E
24556,63226,63246,20,W
24565,63239,63248,9,E
24560,63230,63248,18,W
24569,63244,63248,4,E
24562,63234,63248,14,W
24564,63238,63248,10,W
24571,63249,63250,1,E
24567,63242,63250,8,W
24570,63246,63250,4,W
24572,63250,63250,0,W
24575,63254,63254,0,E
24576,63254,63254,0,W
24578,63258,63258,0,W
24579,63259,63260,1,E
24580,63262,63262,0,W
24582,63264,63264,0,E
24584,63266,63266,0,W
24585,63269,63270,1,E
24586,63270,63270,0,W
24589,63274,63274,0,E
24590,63274,63274,0,W
24591,63278,63278,0,W
24593,63279,63280,1,E
24594,63282,63282,0,W
24595,63284,63284,0,E
24598,63286,63286,0,W
24599,63289,63290,1,E
24600,63290,63290,0,W
24602,63294,63294,0,E
24603,63294,63294,0,W
24605,63298,63298,0,W
24566,63241,63300,59,N
24568,63244,63300,56,S
24574,63252,63302,50,N
24573,63251,63302,51,S
24581,63263,63304,41,N
24577,63258,63304,46,S
24588,63274,63306,32,N
24583,63265,63306,41,S
24596,63285,63308,23,N
24587,63272,63308,36,S
24604,63296,63310,14,N
24592,63279,63310,31,S
24611,63307,63312,5,N
24597,63286,63312,26,S
24601,63293,63314,21,S
24607,63300,63316,16,S
24618,63318,63318,0,N
24612,63307,63318,11,S
24615,63314,63320,6,S
24621,63321,63322,1,S
24625,63328,63328,0,S
24626,63329,63330,1,N
24631,63335,63336,1,S
24634,63340,63340,0,N
24635,63342,63342,0,S
24639,63349,63350,1,S
24642,63351,63352,1,N
24645,63356,63356,0,S
24606,63299,63360,61,E
24608,63302,63360,58,W
24609,63304,63360,56,E
24610,63306,63360,54,W
24613,63309,63360,51,E
24614,63310,63360,50,W
24616,63314,63362,48,E
24617,63314,63362,48,W
24620,63319,63362,43,E
24619,63318,63362,44,W
24623,63324,63362,38,E
24622,63322,63362,40,W
24627,63329,63364,35,E
24624,63326,63364,38,W
24629,63334,63364,30,E
24628,63330,63364,34,W
24633,63339,63364,25,E
24630,63334,63364,30,W
24637,63344,63366,22,E
24632,63338,63366,28,W
24640,63349,63366,17,E
24636,63342,63366,24,W
24643,63354,63366,12,E
24638,63346,63366,20,W
24647,63359,63368,9,E
24641,63350,63368,18,W
24651,63364,63368,4,E
24644,63354,63368,14,W
24646,63358,63368,10,W
24653,63369,63370,1,E
24649,63362,63370,8,W
24652,63366,63370,4,W
24655,63370,63370,0,W
24657,63374,63374,0,E
24658,63374,63374,0,W
24660,63378,63378,0,W
24661,63379,63380,1,E
24662,63382,63382,0,W
24665,63384,63384,0,E
24666,63386,63386,0,W
24667,63389,63390,1,E
24668,63390,63390,0,W
24670,63394,63394,0,E
24671,63394,63394,0,W
24674,63398,63398,0,W
24675,63399,63400,1,E
24676,63402,63402,0,W
24677,63404,63404,0,E
24680,63406,63406,0,W
24681,63409,63410,1,E
24682,63410,63410,0,W
24684,63414,63414,0,E
24685,63414,63414,0,W
24687,63418,63418,0,W
24648,63362,63420,58,N
24650,63363,63420,57,S
24656,63373,63422,49,N
24654,63370,63422,52,S
24663,63384,63424,40,N
24659,63377,63424,47,S
24672,63395,63426,31,N
24664,63384,63426,42,S
24679,63406,63428,22,N
24669,63391,63428,37,S
24686,63417,63430,13,N
24673,63398,63430,32,S
24694,63428,63432,4,N
24678,63405,63432,27,S
24683,63412,63434,22,S
24688,63419,63436,17,S
24692,63426,63438,12,S
24701,63439,63440,1,N
24697,63433,63440,7,S
24703,63440,63442,2,S
24707,63447,63448,1,S
24709,63450,63450,0,N
24711,63454,63454,0,S
24716,63461,63462,1,N
24717,63461,63462,1,S
24721,63468,63468,0,S
24724,63472,63472,0,N
24727,63475,63476,1,S
24689,63419,63480,61,E
24690,63422,63480,58,W
24691,63424,63480,56,E
24693,63426,63480,54,W
24695,63429,63480,51,E
24696,63430,63480,50,W
24698,63434,63482,48,E
24699,63434,63482,48,W
24702,63439,63482,43,E
24700,63438,63482,44,W
24705,63444,63482,38,E
24704,63442,63482,40,W
24708,63449,63484,35,E
24706,63446,63484,38,W
24712,63454,63484,30,E
24710,63450,63484,34,W
24715,63459,63484,25,E
24713,63454,63484,30,W
24719,63464,63486,22,E
24714,63458,63486,28,W
24722,63469,63486,17,E
24718,63462,63486,24,W
24725,63474,63486,12,E
24720,63466,63486,20,W
24729,63479,63488,9,E
24723,63470,63488,18,W
24733,63484,63488,4,E
24726,63474,63488,14,W
24728,63478,63488,10,W
24736,63489,63490,1,E
24731,63482,63490,8,W
24734,63486,63490,4,W
24737,63490,63490,0,W
24739,63494,63494,0,E
24740,63494,63494,0,W
24742,63498,63498,0,W
24743,63499,63500,1,E
24744,63502,63502,0,W
24746,63504,63504,0,E
24748,63506,63506,0,W
24749,63509,63510,1,E
24751,63510,63510,0,W
24752,63514,63514,0,E
24753,63514,63514,0,W
24756,63518,63518,0,W
24757,63519,63520,1,E
24758,63522,63522,0,W
24760,63524,63524,0,E
24761,63526,63526,0,W
24763,63529,63530,1,E
24764,63530,63530,0,W
24766,63534,63534,0,E
24767,63534,63534,0,W
24770,63538,63538,0,W
24732,63483,63540,57,N
24730,63482,63540,58,S
24738,63494,63542,48,N
24735,63489,63542,53,S
24747,63505,63544,39,N
24741,63496,63544,48,S
24754,63516,63546,30,N
24745,63503,63546,43,S
24762,63527,63548,21,N
24750,63510,63548,38,S
24768,63538,63550,12,N
24755,63517,63550,33,S
24776,63549,63552,3,N
24759,63524,63552,28,S
24765,63531,63554,23,S
24769,63538,63556,18,S
24774,63545,63558,13,S
24785,63560,63560,0,N
24779,63552,63560,8,S
24783,63559,63562,3,S
24788,63566,63566,0,S
24792,63571,63572,1,N
24793,63573,63574,1,S
24798,63580,63580,0,S
24799,63582,63582,0,N
24803,63587,63588,1,S
24806,63593,63594,1,N
24807,63594,63594,0,S
24771,63539,63600,61,E
24772,63542,63600,58,W
24773,63544,63600,56,E
24775,63546,63600,54,W
24777,63549,63600,51,E
24778,63550,63600,50,W
24780,63554,63602,48,E
24781,63554,63602,48,W
24784,63559,63602,43,E
24782,63558,63602,44,W
24787,63564,63602,38,E
24786,63562,63602,40,W
24790,63569,63604,35,E
24789,63566,63604,38,W
24794,63574,63604,30,E
24791,63570,63604,34,W
24797,63579,63604,25,E
24795,63574,63604,30,W
24801,63584,63606,22,E
24796,63578,63606,28,W
24804,63589,63606,17,E
24800,63582,63606,24,W
24808,63594,63606,12,E
24802,63586,63606,20,W
24811,63599,63608,9,E
24805,63590,63608,18,W
24815,63604,63608,4,E
24809,63594,63608,14,W
24810,63598,63608,10,W
24818,63609,63610,1,E
24813,63602,63610,8,W
24816,63606,63610,4,W
24819,63610,63610,0,W
24820,63614,63614,0,E
24821,63614,63614,0,W
24824,63618,63618,0,W
24825,63619,63620,1,E
24827,63622,63622,0,W
24828,63624,63624,0,E
24830,63626,63626,0,W
24832,63629,63630,1,E
24833,63630,63630,0,W
24834,63634,63634,0,E
24835,63634,63634,0,W
24838,63638,63638,0,W
24839,63639,63640,1,E
24840,63642,63642,0,W
24842,63644,63644,0,E
24843,63646,63646,0,W
24845,63649,63650,1,E
24847,63650,63650,0,W
24848,63654,63654,0,E
24849,63654,63654,0,W
24851,63658,63658,0,W
24814,63604,63660,56,N
24812,63601,63660,59,S
24822,63615,63662,47,N
24817,63608,63662,54,S
24829,63626,63664,38,N
24823,63615,63664,49,S
24837,63637,63666,29,N
24826,63622,63666,44,S
24844,63648,63668,20,N
24831,63629,63668,39,S
24852,63659,63670,11,N
24836,63636,63670,34,S
24859,63670,63672,2,N
24841,63643,63672,29,S
24846,63650,63674,24,S
24850,63657,63676,19,S
24855,63664,63678,14,S
24861,63671,63680,9,S
24867,63681,63682,1,N
24864,63678,63682,4,S
24870,63685,63686,1,S
24874,63692,63692,0,N
24875,63692,63692,0,S
24879,63699,63700,1,S
24882,63703,63704,1,N
24884,63706,63706,0,S
24889,63714,63714,0,N
24888,63713,63714,1,S
24853,63659,63720,61,E
24854,63662,63720,58,W
24856,63664,63720,56,E
24857,63666,63720,54,W
24858,63669,63720,51,E
24860,63670,63720,50,W
24862,63674,63722,48,E
24863,63674,63722,48,W
24866,63679,63722,43,E
24865,63678,63722,44,W
24869,63684,63722,38,E
24868,63682,63722,40,W
24872,63689,63724,35,E
24871,63686,63724,38,W
24876,63694,63724,30,E
24873,63690,63724,34,W
24880,63699,63724,25,E
24877,63694,63724,30,W
24883,63704,63726,22,E
24878,63698,63726,28,W
24886,63709,63726,17,E
24881,63702,63726,24,W
24890,63714,63726,12,E
24885,63706,63726,20,W
24893,63719,63728,9,E
24887,63710,63728,18,W
24896,63724,63728,4,E
24891,63714,63728,14,W
24892,63718,63728,10,W
24900,63729,63730,1,E
24895,63722,63730,8,W
24898,63726,63730,4,W
24901,63730,63730,0,W
24903,63734,63734,0,E
24904,63734,63734,0,W
24906,63738,63738,0,W
24907,63739,63740,1,E
24909,63742,63742,0,W
24910,63744,63744,0,E
24911,63746,63746,0,W
24914,63749,63750,1,E
24915,63750,63750,0,W
24916,63754,63754,0,E
24917,63754,63754,0,W
24920,63758,63758,0,W
24921,63759,63760,1,E
24923,63762,63762,0,W
24924,63764,63764,0,E
24925,63766,63766,0,W
24928,63769,63770,1,E
24929,63770,63770,0,W
24930,63774,63774,0,E
24931,63774,63774,0,W
24933,63778,63778,0,W
24897,63725,63780,55,N
24894,63720,63780,60,S
24905,63736,63782,46,N
24899,63727,63782,55,S
24912,63747,63784,37,N
24902,63734,63784,50,S
24919,63758,63786,28,N
24908,63741,63786,45,S
24926,63769,63788,19,N
24913,63748,63788,40,S
24935,63780,63790,10,N
24918,63755,63790,35,S
24943,63791,63792,1,N
24922,63762,63792,30,S
24927,63769,63794,25,S
24932,63776,63796,20,S
24937,63783,63798,15,S
24941,63790,63800,10,S
24949,63802,63802,0,N
24946,63797,63802,5,S
24951,63804,63804,0,S
24956,63811,63812,1,S
24957,63813,63814,1,N
24960,63818,63818,0,S
24964,63824,63824,0,N
24966,63825,63826,1,S
24970,63832,63832,0,S
24973,63835,63836,1,N
24934,63779,63840,61,E
24936,63782,63840,58,W
24938,63784,63840,56,E
24939,63786,63840,54,W
24940,63789,63840,51,E
24942,63790,63840,50,W
24944,63794,63842,48,E
24945,63794,63842,48,W
24948,63799,63842,43,E
24947,63798,63842,44,W
24952,63804,63842,38,E
24950,63802,63842,40,W
24954,63809,63844,35,E
24953,63806,63844,38,W
24958,63814,63844,30,E
24955,63810,63844,34,W
24962,63819,63844,25,E
24959,63814,63844,30,W
24965,63824,63846,22,E
24961,63818,63846,28,W
24968,63829,63846,17,E
24963,63822,63846,24,W
24971,63834,63846,12,E
24967,63826,63846,20,W
24976,63839,63848,9,E
24969,63830,63848,18,W
24978,63844,63848,4,E
24972,63834,63848,14,W
24974,63838,63848,10,W
24982,63849,63850,1,E
24977,63842,63850,8,W
24981,63846,63850,4,W
24983,63850,63850,0,W
24985,63854,63854,0,E
24986,63854,63854,0,W
24988,63858,63858,0,W
24989,63859,63860,1,E
24991,63862,63862,0,W
24992,63864,63864,0,E
24993,63866,63866,0,W
24996,63869,63870,1,E
24997,63870,63870,0,W
24999,63874,63874,0,E
25000,63874,63874,0,W
25001,63878,63878,0,W
25003,63879,63880,1,E
25005,63882,63882,0,W
25006,63884,63884,0,E
25007,63886,63886,0,W
25009,63889,63890,1,E
25011,63890,63890,0,W
25012,63894,63894,0,E
25013,63894,63894,0,W
25015,63898,63898,0,W
24979,63846,63900,54,N
24975,63839,63900,61,S
24987,63857,63902,45,N
24980,63846,63902,56,S
24995,63868,63904,36,N
24984,63853,63904,51,S
25002,63879,63906,27,N
24990,63860,63906,46,S
25010,63890,63908,18,N
24994,63867,63908,41,S
25017,63901,63910,9,N
24998,63874,63910,36,S
25025,63912,63912,0,N
25004,63881,63912,31,S
25008,63888,63914,26,S
25014,63895,63916,21,S
25018,63902,63918,16,S
25022,63909,63920,11,S
25028,63916,63922,6,S
25032,63923,63924,1,N
25033,63923,63924,1,S
25037,63930,63930,0,S
25039,63934,63934,0,N
25042,63937,63938,1,S
25046,63944,63944,0,S
25048,63945,63946,1,N
25052,63951,63952,1,S
25055,63956,63956,0,N
25056,63958,63958,0,S
25016,63899,63960,61,E
25019,63902,63960,58,W
25020,63904,63960,56,E
25021,63906,63960,54,W
25023,63909,63960,51,E
25024,63910,63960,50,W
25026,63914,63962,48,E
25027,63914,63962,48,W
25030,63919,63962,43,E
25029,63918,63962,44,W
25034,63924,63962,38,E
25031,63922,63962,40,W
25036,63929,63964,35,E
25035,63926,63964,38,W
25040,63934,63964,30,E
25038,63930,63964,34,W
25044,63939,63964,25,E
25041,63934,63964,30,W
25047,63944,63966,22,E
25043,63938,63966,28,W
25050,63949,63966,17,E
25045,63942,63966,24,W
25053,63954,63966,12,E
25049,63946,63966,20,W
25058,63959,63968,9,E
25051,63950,63968,18,W
25060,63964,63968,4,E
25054,63954,63968,14,W
25057,63958,63968,10,W
25064,63969,63970,1,E
25059,63962,63970,8,W
25062,63966,63970,4,W
25065,63970,63970,0,W
25067,63974,63974,0,E
25068,63974,63974,0,W
25070,63978,63978,0,W
25072,63979,63980,1,E
25073,63982,63982,0,W
25074,63984,63984,0,E
25076,63986,63986,0,W
25078,63989,63990,1,E
25079,63990,63990,0,W
25081,63994,63994,0,E
25082,63994,63994,0,W
25083,63998,63998,0,W
25084,63999,64000,1,E
25087,64002,64002,0,W
25088,64004,64004,0,E
25089,64006,64006,0,W
25091,64009,64010,1,E
25092,64010,64010,0,W
25095,64014,64014,0,E
25096,64014,64014,0,W
25097,64018,64018,0,W
25063,63967,64020,53,N
25061,63965,64020,55,S
25069,63978,64022,44,N
25066,63972,64022,50,S
25077,63989,64024,35,N
25071,63979,64024,45,S
25085,64000,64026,26,N
25075,63986,64026,40,S
25093,64011,64028,17,N
25080,63993,64028,35,S
25100,64022,64030,8,N
25086,64000,64030,30,S
25090,64007,64032,25,S
25107,64033,64034,1,N
25094,64014,64034,20,S
25099,64021,64036,15,S
25104,64028,64038,10,S
25110,64035,64040,5,S
25113,64042,64042,0,S
25115,64044,64044,0,N
25118,64049,64050,1,S
25123,64055,64056,1,N
25124,64056,64056,0,S
25128,64063,64064,1,S
25130,64066,64066,0,N
25133,64070,64070,0,S
25137,64077,64078,1,N
25138,64077,64078,1,S
25098,64019,64080,61,E
25101,64022,64080,58,W
25102,64024,64080,56,E
25103,64026,64080,54,W
25105,64029,64080,51,E
25106,64030,64080,50,W
25108,64034,64082,48,E
25109,64034,64082,48,W
25112,64039,64082,43,E
25111,64038,64082,44,W
25116,64044,64082,38,E
25114,64042,64082,40,W
25119,64049,64084,35,E
25117,64046,64084,38,W
25121,64054,64084,30,E
25120,64050,64084,34,W
25126,64059,64084,25,E
25122,64054,64084,30,W
25129,64064,64086,22,E
25125,64058,64086,28,W
25132,64069,64086,17,E
25127,64062,64086,24,W
25135,64074,64086,12,E
25131,64066,64086,20,W
25140,64079,64088,9,E
25134,64070,64088,18,W
25143,64084,64088,4,E
25136,64074,64088,14,W
25139,64078,64088,10,W
25146,64089,64090,1,E
25141,64082,64090,8,W
25144,64086,64090,4,W
25147,64090,64090,0,W
25149,64094,64094,0,E
25150,64094,64094,0,W
25152,64098,64098,0,W
25154,64099,64100,1,E
25155,64102,64102,0,W
25156,64104,64104,0,E
25158,64106,64106,0,W
25159,64109,64110,1,E
25161,64110,64110,0,W
25163,64114,64114,0,E
25164,64114,64114,0,W
25165,64118,64118,0,W
25167,64119,64120,1,E
25169,64122,64122,0,W
25170,64124,64124,0,E
25172,64126,64126,0,W
25173,64129,64130,1,E
25174,64130,64130,0,W
25177,64134,64134,0,E
25178,64134,64134,0,W
25179,64138,64138,0,W
25145,64088,64140,52,N
25142,64084,64140,56,S
25153,64099,64142,43,N
25148,64091,64142,51,S
25160,64110,64144,34,N
25151,64098,64144,46,S
25168,64121,64146,25,N
25157,64105,64146,41,S
25175,64132,64148,16,N
25162,64112,64148,36,S
25183,64143,64150,7,N
25166,64119,64150,31,S
25171,64126,64152,26,S
25189,64154,64154,0,N
25176,64133,64154,21,S
25181,64140,64156,16,S
25186,64147,64158,11,S
25190,64154,64160,6,S
25195,64161,64162,1,S
25198,64165,64166,1,N
25200,64168,64168,0,S
25206,64176,64176,0,N
25205,64175,64176,1,S
25209,64182,64182,0,S
25213,64187,64188,1,N
25214,64189,64190,1,S
25219,64196,64196,0,S
25220,64198,64198,0,N
25180,64139,64200,61,E
25182,64142,64200,58,W
25184,64144,64200,56,E
25185,64146,64200,54,W
25187,64149,64200,51,E
25188,64150,64200,50,W
25191,64154,64202,48,E
25192,64154,64202,48,W
25194,64159,64202,43,E
25193,64158,64202,44,W
25197,64164,64202,38,E
25196,64162,64202,40,W
25201,64169,64204,35,E
25199,64166,64204,38,W
25203,64174,64204,30,E
25202,64170,64204,34,W
25208,64179,64204,25,E
25204,64174,64204,30,W
25211,64184,64206,22,E
25207,64178,64206,28,W
25215,64189,64206,17,E
25210,64182,64206,24,W
25217,64194,64206,12,E
25212,64186,64206,20,W
25222,64199,64208,9,E
25216,64190,64208,18,W
25225,64204,64208,4,E
25218,64194,64208,14,W
25221,64198,64208,10,W
25228,64209,64210,1,E
25223,64202,64210,8,W
25226,64206,64210,4,W
25230,64210,64210,0,W
25231,64214,64214,0,E
25232,64214,64214,0,W
25234,64218,64218,0,W
25235,64219,64220,1,E
25237,64222,64222,0,W
25239,64224,64224,0,E
25240,64226,64226,0,W
25241,64229,64230,1,E
25242,64230,64230,0,W
25245,64234,64234,0,E
25246,64234,64234,0,W
25248,64238,64238,0,W
25249,64239,64240,1,E
25251,64242,64242,0,W
25252,64244,64244,0,E
25254,64246,64246,0,W
25255,64249,64250,1,E
25256,64250,64250,0,W
25259,64254,64254,0,E
25260,64254,64254,0,W
25261,64258,64258,0,W
25227,64209,64260,51,N
25224,64203,64260,57,S
25236,64220,64262,42,N
25229,64210,64262,52,S
25243,64231,64264,33,N
25233,64217,64264,47,S
25250,64242,64266,24,N
25238,64224,64266,42,S
25258,64253,64268,15,N
25244,64231,64268,37,S
25265,64264,64270,6,N
25247,64238,64270,32,S
25253,64245,64272,27,S
25257,64252,64274,22,S
25274,64275,64276,1,N
25262,64259,64276,17,S
25267,64266,64278,12,S
25271,64273,64280,7,S
25277,64280,64282,2,S
25280,64286,64286,0,N
25282,64287,64288,1,S
25285,64294,64294,0,S
25288,64297,64298,1,N
25291,64301,64302,1,S
25295,64308,64308,0,N
25296,64308,64308,0,S
25301,64315,64316,1,S
25263,64259,64320,61,E
25264,64262,64320,58,W
25266,64264,64320,56,E
25268,64266,64320,54,W
25269,64269,64320,51,E
25270,64270,64320,50,W
25272,64274,64322,48,E
25273,64274,64322,48,W
25276,64279,64322,43,E
25275,64278,64322,44,W
25279,64284,64322,38,E
25278,64282,64322,40,W
25283,64289,64324,35,E
25281,64286,64324,38,W
25286,64294,64324,30,E
25284,64290,64324,34,W
25290,64299,64324,25,E
25287,64294,64324,30,W
25293,64304,64326,22,E
25289,64298,64326,28,W
25297,64309,64326,17,E
25292,64302,64326,24,W
25299,64314,64326,12,E
25294,64306,64326,20,W
25304,64319,64328,9,E
25298,64310,64328,18,W
25307,64324,64328,4,E
25300,64314,64328,14,W
25302,64318,64328,10,W
25310,64329,64330,1,E
25306,64322,64330,8,W
25308,64326,64330,4,W
25312,64330,64330,0,W
25313,64334,64334,0,E
25314,64334,64334,0,W
25316,64338,64338,0,W
25317,64339,64340,1,E
25319,64342,64342,0,W
25321,64344,64344,0,E
25322,64346,64346,0,W
25323,64349,64350,1,E
25325,64350,64350,0,W
25327,64354,64354,0,E
25328,64354,64354,0,W
25330,64358,64358,0,W
25331,64359,64360,1,E
25332,64362,64362,0,W
25335,64364,64364,0,E
25336,64366,64366,0,W
25337,64369,64370,1,E
25338,64370,64370,0,W
25341,64374,64374,0,E
25342,64374,64374,0,W
25344,64378,64378,0,W
25303,64319,64380,61,N
25305,64322,64380,58,S
25311,64330,64382,52,N
25309,64329,64382,53,S
25318,64341,64384,43,N
25315,64336,64384,48,S
25326,64352,64386,34,N
25320,64343,64386,43,S
25333,64363,64388,25,N
25324,64350,64388,38,S
25340,64374,64390,16,N
25329,64357,64390,33,S
25348,64385,64392,7,N
25334,64364,64392,28,S
25339,64371,64394,23,S
25356,64396,64396,0,N
25343,64378,64396,18,S
25349,64385,64398,13,S
25353,64392,64400,8,S
25358,64399,64402,3,S
25362,64406,64406,0,S
25364,64407,64408,1,N
25367,64413,64414,1,S
25370,64418,64418,0,N
25373,64420,64420,0,S
25377,64427,64428,1,S
25378,64429,64430,1,N
25381,64434,64434,0,S
25345,64379,64440,61,E
25346,64382,64440,58,W
25347,64384,64440,56,E
25350,64386,64440,54,W
25351,64389,64440,51,E
25352,64390,64440,50,W
25354,64394,64442,48,E
25355,64394,64442,48,W
25359,64399,64442,43,E
25357,64398,64442,44,W
25361,64404,64442,38,E
25360,64402,64442,40,W
25365,64409,64444,35,E
25363,64406,64444,38,W
25368,64414,64444,30,E
25366,64410,64444,34,W
25372,64419,64444,25,E
25369,64414,64444,30,W
25375,64424,64446,22,E
25371,64418,64446,28,W
25379,64429,64446,17,E
25374,64422,64446,24,W
25382,64434,64446,12,E
25376,64426,64446,20,W
25385,64439,64448,9,E
25380,64430,64448,18,W
25389,64444,64448,4,E
25383,64434,64448,14,W
25384,64438,64448,10,W
25392,64449,64450,1,E
25388,64442,64450,8,W
25390,64446,64450,4,W
25393,64450,64450,0,W
25395,64454,64454,0,E
25396,64454,64454,0,W
25398,64458,64458,0,W
25399,64459,64460,1,E
25402,64462,64462,0,W
25403,64464,64464,0,E
25404,64466,64466,0,W
25406,64469,64470,1,E
25407,64470,64470,0,W
25409,64474,64474,0,E
25410,64474,64474,0,W
25412,64478,64478,0,W
25413,64479,64480,1,E
25414,64482,64482,0,W
25417,64484,64484,0,E
25418,64486,64486,0,W
25419,64489,64490,1,E
25421,64490,64490,0,W
25422,64494,64494,0,E
25423,64494,64494,0,W
25426,64498,64498,0,W
25386,64440,64500,60,N
25387,64441,64500,59,S
25394,64451,64502,51,N
25391,64448,64502,54,S
25400,64462,64504,42,N
25397,64455,64504,49,S
25408,64473,64506,33,N
25401,64462,64506,44,S
25416,64484,64508,24,N
25405,64469,64508,39,S
25424,64495,64510,15,N
25411,64476,64510,34,S
25431,64506,64512,6,N
25415,64483,64512,29,S
25420,64490,64514,24,S
25425,64497,64516,19,S
25438,64517,64518,1,N
25429,64504,64518,14,S
25435,64511,64520,9,S
25439,64518,64522,4,S
25444,64525,64526,1,S
25446,64528,64528,0,N
25449,64532,64532,0,S
25453,64539,64540,1,N
25454,64539,64540,1,S
25458,64546,64546,0,S
25461,64550,64550,0,N
25463,64553,64554,1,S
25427,64499,64560,61,E
25428,64502,64560,58,W
25430,64504,64560,56,E
25432,64506,64560,54,W
25433,64509,64560,51,E
25434,64510,64560,50,W
25436,64514,64562,48,E
25437,64514,64562,48,W
25441,64519,64562,43,E
25440,64518,64562,44,W
25443,64524,64562,38,E
25442,64522,64562,40,W
25447,64529,64564,35,E
25445,64526,64564,38,W
25450,64534,64564,30,E
25448,64530,64564,34,W
25455,64539,64564,25,E
25451,64534,64564,30,W
25457,64544,64566,22,E
25452,64538,64566,28,W
25460,64549,64566,17,E
25456,64542,64566,24,W
25464,64554,64566,12,E
25459,64546,64566,20,W
25467,64559,64568,9,E
25462,64550,64568,18,W
25471,64564,64568,4,E
25465,64554,64568,14,W
25466,64558,64568,10,W
25474,64569,64570,1,E
25470,64562,64570,8,W
25472,64566,64570,4,W
25475,64570,64570,0,W
25478,64574,64574,0,E
25479,64574,64574,0,W
25480,64578,64578,0,W
25481,64579,64580,1,E
25483,64582,64582,0,W
25485,64584,64584,0,E
25486,64586,64586,0,W
25488,64589,64590,1,E
25489,64590,64590,0,W
25491,64594,64594,0,E
25492,64594,64594,0,W
25494,64598,64598,0,W
25495,64599,64600,1,E
25497,64602,64602,0,W
25498,64604,64604,0,E
25500,64606,64606,0,W
25502,64609,64610,1,E
25503,64610,64610,0,W
25504,64614,64614,0,E
25505,64614,64614,0,W
25508,64618,64618,0,W
25469,64561,64620,59,N
25468,64560,64620,60,S
25476,64572,64622,50,N
25473,64567,64622,55,S
25484,64583,64624,41,N
25477,64574,64624,50,S
25490,64594,64626,32,N
25482,64581,64626,45,S
25499,64605,64628,23,N
25487,64588,64628,40,S
25506,64616,64630,14,N
25493,64595,64630,35,S
25514,64627,64632,5,N
25496,64602,64632,30,S
25501,64609,64634,25,S
25507,64616,64636,20,S
25521,64638,64638,0,N
25511,64623,64638,15,S
25516,64630,64640,10,S
25520,64637,64642,5,S
25525,64644,64644,0,S
25528,64649,64650,1,N
25531,64651,64652,1,S
25534,64658,64658,0,S
25537,64660,64660,0,N
25540,64665,64666,1,S
25544,64671,64672,1,N
25545,64672,64672,0,S
25509,64619,64680,61,E
25510,64622,64680,58,W
25512,64624,64680,56,E
25513,64626,64680,54,W
25515,64629,64680,51,E
25517,64630,64680,50,W
25518,64634,64682,48,E
25519,64634,64682,48,W
25523,64639,64682,43,E
25522,64638,64682,44,W
25526,64644,64682,38,E
25524,64642,64682,40,W
25529,64649,64684,35,E
25527,64646,64684,38,W
25532,64654,64684,30,E
25530,64650,64684,34,W
25536,64659,64684,25,E
25533,64654,64684,30,W
25539,64664,64686,22,E
25535,64658,64686,28,W
25542,64669,64686,17,E
25538,64662,64686,24,W
25546,64674,64686,12,E
25541,64666,64686,20,W
25550,64679,64688,9,E
25543,64670,64688,18,W
25553,64684,64688,4,E
25547,64674,64688,14,W
25548,64678,64688,10,W
25556,64689,64690,1,E
25552,64682,64690,8,W
25555,64686,64690,4,W
25557,64690,64690,0,W
25560,64694,64694,0,E
25561,64694,64694,0,W
25562,64698,64698,0,W
25563,64699,64700,1,E
25565,64702,64702,0,W
25567,64704,64704,0,E
25568,64706,64706,0,W
25570,64709,64710,1,E
25571,64710,64710,0,W
25573,64714,64714,0,E
25574,64714,64714,0,W
25576,64718,64718,0,W
25577,64719,64720,1,E
25579,64722,64722,0,W
25580,64724,64724,0,E
25582,64726,64726,0,W
25584,64729,64730,1,E
25585,64730,64730,0,W
25586,64734,64734,0,E
25587,64734,64734,0,W
25590,64738,64738,0,W
25551,64682,64740,58,N
25549,64679,64740,61,S
25558,64693,64742,49,N
25554,64686,64742,56,S
25566,64704,64744,40,N
25559,64693,64744,51,S
25575,64715,64746,31,N
25564,64700,64746,46,S
25581,64726,64748,22,N
25569,64707,64748,41,S
25589,64737,64750,13,N
25572,64714,64750,36,S
25596,64748,64752,4,N
25578,64721,64752,31,S
25583,64728,64754,26,S
25588,64735,64756,21,S
25592,64742,64758,16,S
25604,64759,64760,1,N
25597,64749,64760,11,S
25602,64756,64762,6,S
25607,64763,64764,1,S
25611,64770,64770,0,N
25612,64770,64770,0,S
25616,64777,64778,1,S
25619,64781,64782,1,N
25621,64784,64784,0,S
25627,64792,64792,0,N
25626,64791,64792,1,S
25630,64798,64798,0,S
25591,64739,64800,61,E
25593,64742,64800,58,W
25594,64744,64800,56,E
25595,64746,64800,54,W
25598,64749,64800,51,E
25599,64750,64800,50,W
25600,64754,64802,48,E
25601,64754,64802,48,W
25605,64759,64802,43,E
25603,64758,64802,44,W
25608,64764,64802,38,E
25606,64762,64802,40,W
25610,64769,64804,35,E
25609,64766,64804,38,W
25614,64774,64804,30,E
25613,64770,64804,34,W
25618,64779,64804,25,E
25615,64774,64804,30,W
25622,64784,64806,22,E
25617,64778,64806,28,W
25624,64789,64806,17,E
25620,64782,64806,24,W
25628,64794,64806,12,E
25623,64786,64806,20,W
25632,64799,64808,9,E
25625,64790,64808,18,W
25635,64804,64808,4,E
25629,64794,64808,14,W
25631,64798,64808,10,W
25633,64802,64810,8,W
25637,64807,64810,3,W
25638,64811,64812,1,E
25639,64812,64812,0,W
25643,64818,64818,0,E
25642,64817,64818,1,W
25644,64822,64822,0,W
25646,64825,64826,1,E
25647,64827,64828,1,W
25650,64832,64832,0,E
25651,64832,64832,0,W
25652,64837,64838,1,W
25653,64839,64840,1,E
25655,64842,64842,0,W
25657,64846,64846,0,E
25658,64847,64848,1,W
25660,64852,64852,0,W
25661,64853,64854,1,E
25662,64857,64858,1,W
25634,64803,64860,57,N
25636,64805,64860,55,S
25641,64817,64862,45,N
25640,64814,64862,48,S
25648,64831,64864,33,N
25645,64823,64864,41,S
25656,64845,64866,21,N
25649,64832,64866,34,S
25663,64859,64868,9,N
25654,64841,64868,27,S
25659,64850,64870,20,S
25664,64859,64872,13,S
25671,64873,64874,1,N
25669,64868,64874,6,S
25673,64877,64878,1,S
25677,64886,64886,0,S
25678,64887,64888,1,N
25682,64895,64896,1,S
25685,64901,64902,1,N
25688,64904,64904,0,S
25692,64913,64914,1,S
25693,64915,64916,1,N
25665,64860,64920,60,E
25666,64862,64920,58,W
25667,64867,64920,53,E
25668,64867,64920,53,W
25672,64874,64920,46,E
25670,64872,64920,48,W
25675,64881,64922,41,E
25674,64877,64922,45,W
25680,64888,64922,34,E
25676,64882,64922,40,W
25683,64895,64922,27,E
25679,64887,64922,35,W
25686,64902,64924,22,E
25681,64892,64924,32,W
25690,64909,64924,15,E
25684,64897,64924,27,W
25694,64916,64924,8,E
25687,64902,64924,22,W
25698,64923,64926,3,E
25689,64907,64926,19,W
25691,64912,64926,14,W
25695,64917,64926,9,W
25697,64922,64928,6,W
25699,64927,64928,1,W
25701,64930,64930,0,E
25703,64932,64932,0,W
25704,64937,64938,1,E
25705,64937,64938,1,W
25707,64942,64942,0,W
25709,64944,64944,0,E
25710,64947,64948,1,W
25712,64951,64952,1,E
25713,64952,64952,0,W
25717,64958,64958,0,E
25715,64957,64958,1,W
25718,64962,64962,0,W
25719,64965,64966,1,E
25721,64967,64968,1,W
25723,64972,64972,0,E
25724,64972,64972,0,W
25726,64977,64978,1,W
25700,64929,64980,51,N
25696,64922,64980,58,S
25708,64943,64982,39,N
25702,64931,64982,51,S
25714,64957,64984,27,N
25706,64940,64984,44,S
25722,64971,64986,15,N
25711,64949,64986,37,S
25729,64985,64988,3,N
25716,64958,64988,30,S
25720,64967,64990,23,S
25725,64976,64992,16,S
25730,64985,64994,9,S
25735,64994,64996,2,S
25737,64999,65000,1,N
25740,65003,65004,1,S
25743,65012,65012,0,S
25745,65013,65014,1,N
25748,65021,65022,1,S
25751,65027,65028,1,N
25754,65030,65030,0,S
25727,64979,65040,61,E
25728,64982,65040,58,W
25731,64986,65040,54,E
25732,64987,65040,53,W
25734,64993,65040,47,E
25733,64992,65040,48,W
25738,65000,65042,42,E
25736,64997,65042,45,W
25741,65007,65042,35,E
25739,65002,65042,40,W
25746,65014,65042,28,E
25742,65007,65042,35,W
25749,65021,65044,23,E
25744,65012,65044,32,W
25753,65028,65044,16,E
25747,65017,65044,27,W
25756,65035,65044,9,E
25750,65022,65044,22,W
25760,65042,65046,4,E
25752,65027,65046,19,W
25755,65032,65046,14,W
25757,65037,65046,9,W
25761,65042,65048,6,W
25762,65047,65048,1,W
25764,65049,65050,1,E
25765,65052,65052,0,W
25767,65056,65056,0,E
25769,65057,65058,1,W
25770,65062,65062,0,W
25771,65063,65064,1,E
25773,65067,65068,1,W
25775,65070,65070,0,E
25776,65072,65072,0,W
25778,65077,65078,1,E
25779,65077,65078,1,W
25780,65082,65082,0,W
25783,65084,65084,0,E
25784,65087,65088,1,W
25785,65091,65092,1,E
25786,65092,65092,0,W
25790,65098,65098,0,E
25789,65097,65098,1,W
25759,65041,65100,59,N
25758,65039,65100,61,S
25766,65055,65102,47,N
25763,65048,65102,54,S
25774,65069,65104,35,N
25768,65057,65104,47,S
25781,65083,65106,23,N
25772,65066,65106,40,S
25788,65097,65108,11,N
25777,65075,65108,33,S
25782,65084,65110,26,S
25795,65111,65112,1,N
25787,65093,65112,19,S
25791,65102,65114,12,S
25796,65111,65116,5,S
25801,65120,65120,0,S
25803,65125,65126,1,N
25806,65129,65130,1,S
25810,65138,65138,0,S
25811,65139,65140,1,N
25814,65147,65148,1,S
25818,65153,65154,1,N
25820,65156,65156,0,S
25793,65105,65160,55,E
25792,65102,65160,58,W
25797,65112,65160,48,E
25794,65107,65160,53,W
25800,65119,65160,41,E
25798,65112,65160,48,W
25804,65126,65162,36,E
25799,65117,65162,45,W
25808,65133,65162,29,E
25802,65122,65162,40,W
25812,65140,65162,22,E
25805,65127,65162,35,W
25815,65147,65164,17,E
25807,65132,65164,32,W
25819,65154,65164,10,E
25809,65137,65164,27,W
25822,65161,65164,3,E
25813,65142,65164,22,W
25816,65147,65166,19,W
25817,65152,65166,14,W
25821,65157,65166,9,W
25827,65168,65168,0,E
25823,65162,65168,6,W
25826,65167,65168,1,W
25828,65172,65172,0,W
25830,65175,65176,1,E
25831,65177,65178,1,W
25833,65182,65182,0,E
25834,65182,65182,0,W
25836,65187,65188,1,W
25837,65189,65190,1,E
25839,65192,65192,0,W
25841,65196,65196,0,E
25842,65197,65198,1,W
25844,65202,65202,0,W
25845,65203,65204,1,E
25846,65207,65208,1,W
25849,65210,65210,0,E
25850,65212,65212,0,W
25851,65217,65218,1,E
25852,65217,65218,1,W
25825,65167,65220,53,N
25824,65165,65220,55,S
25832,65181,65222,41,N
25829,65174,65222,48,S
25840,65195,65224,29,N
25835,65183,65224,41,S
25847,65209,65226,17,N
25838,65192,65226,34,S
25855,65223,65228,5,N
25843,65201,65228,27,S
25848,65210,65230,20,S
25853,65219,65232,13,S
25858,65228,65234,6,S
25861,65237,65238,1,N
25862,65237,65238,1,S
25867,65246,65246,0,S
25869,65251,65252,1,N
25872,65255,65256,1,S
25876,65264,65264,0,S
25877,65265,65266,1,N
25881,65273,65274,1,S
25856,65224,65280,56,E
25854,65222,65280,58,W
25859,65231,65280,49,E
25857,65227,65280,53,W
25864,65238,65280,42,E
25860,65232,65280,48,W
25866,65245,65282,37,E
25863,65237,65282,45,W
25870,65252,65282,30,E
25865,65242,65282,40,W
25874,65259,65282,23,E
25868,65247,65282,35,W
25878,65266,65284,18,E
25871,65252,65284,32,W
25882,65273,65284,11,E
25873,65257,65284,27,W
25885,65280,65284,4,E
25875,65262,65284,22,W
25879,65267,65286,19,W
25880,65272,65286,14,W
25883,65277,65286,9,W
25888,65287,65288,1,E
25887,65282,65288,6,W
25889,65287,65288,1,W
25891,65292,65292,0,W
25893,65294,65294,0,E
25894,65297,65298,1,W
25896,65301,65302,1,E
25897,65302,65302,0,W
25900,65308,65308,0,E
25899,65307,65308,1,W
25902,65312,65312,0,W
25903,65315,65316,1,E
25904,65317,65318,1,W
25907,65322,65322,0,E
25908,65322,65322,0,W
25910,65327,65328,1,W
25911,65329,65330,1,E
25912,65332,65332,0,W
25915,65336,65336,0,E
25916,65337,65338,1,W
25884,65279,65340,61,N
25886,65282,65340,58,S
25892,65293,65342,49,N
25890,65291,65342,51,S
25898,65307,65344,37,N
25895,65300,65344,44,S
25906,65321,65346,25,N
25901,65309,65346,37,S
25913,65335,65348,13,N
25905,65318,65348,30,S
25921,65349,65350,1,N
25909,65327,65350,23,S
25914,65336,65352,16,S
25919,65345,65354,9,S
25924,65354,65356,2,S
25928,65363,65364,1,N
25929,65363,65364,1,S
25933,65372,65372,0,S
25935,65377,65378,1,N
25938,65381,65382,1,S
25942,65390,65390,0,S
25943,65391,65392,1,N
25918,65343,65400,57,E
25917,65342,65400,58,W
25922,65350,65400,50,E
25920,65347,65400,53,W
25925,65357,65400,43,E
25923,65352,65400,48,W
25930,65364,65402,38,E
25926,65357,65402,45,W
25932,65371,65402,31,E
25927,65362,65402,40,W
25937,65378,65402,24,E
25931,65367,65402,35,W
25940,65385,65404,19,E
25934,65372,65404,32,W
25944,65392,65404,12,E
25936,65377,65404,27,W
25948,65399,65404,5,E
25939,65382,65404,22,W
25951,65406,65406,0,E
25941,65387,65406,19,W
25945,65392,65406,14,W
25946,65397,65406,9,W
25949,65402,65408,6,W
25952,65407,65408,1,W
25954,65412,65412,0,W
25955,65413,65414,1,E
25957,65417,65418,1,W
25959,65420,65420,0,E
25960,65422,65422,0,W
25962,65427,65428,1,E
25963,65427,65428,1,W
25964,65432,65432,0,W
25966,65434,65434,0,E
25968,65437,65438,1,W
25969,65441,65442,1,E
25970,65442,65442,0,W
25974,65448,65448,0,E
25973,65447,65448,1,W
25975,65452,65452,0,W
25977,65455,65456,1,E
25978,65457,65458,1,W
25950,65405,65460,55,N
25947,65399,65460,61,S
25958,65419,65462,43,N
25953,65408,65462,54,S
25965,65433,65464,31,N
25956,65417,65464,47,S
25972,65447,65466,19,N
25961,65426,65466,40,S
25979,65461,65468,7,N
25967,65435,65468,33,S
25971,65444,65470,26,S
25976,65453,65472,19,S
25980,65462,65474,12,S
25987,65475,65476,1,N
25985,65471,65476,5,S
25990,65480,65480,0,S
25994,65489,65490,1,N
25995,65489,65490,1,S
26000,65498,65498,0,S
26002,65503,65504,1,N
26004,65507,65508,1,S
26008,65516,65516,0,S
26009,65517,65518,1,N
25981,65462,65520,58,E
25982,65462,65520,58,W
25984,65469,65520,51,E
25983,65467,65520,53,W
25988,65476,65520,44,E
25986,65472,65520,48,W
25992,65483,65522,39,E
25989,65477,65522,45,W
25996,65490,65522,32,E
25991,65482,65522,40,W
25998,65497,65522,25,E
25993,65487,65522,35,W
26003,65504,65524,20,E
25997,65492,65524,32,W
26006,65511,65524,13,E
25999,65497,65524,27,W
26011,65518,65524,6,E
26001,65502,65524,22,W
26014,65525,65526,1,E
26005,65507,65526,19,W
26007,65512,65526,14,W
26010,65517,65526,9,W
26012,65522,65528,6,W
26015,65527,65528,1,W
26017,65532,65532,0,E
26018,65532,65532,0,W
26020,65537,65538,1,W
26021,65539,65540,1,E
26022,65542,65542,0,W
26025,65546,65546,0,E
26026,65547,65548,1,W
26028,65552,65552,0,W
26029,65553,65554,1,E
26030,65557,65558,1,W
26032,65560,65560,0,E
26034,65562,65562,0,W
26035,65567,65568,1,E
26036,65567,65568,1,W
26038,65572,65572,0,W
26040,65574,65574,0,E
26041,65577,65578,1,W
26016,65531,65580,49,N
26013,65525,65580,55,S
26024,65545,65582,37,N
26019,65534,65582,48,S
26031,65559,65584,25,N
26023,65543,65584,41,S
26039,65573,65586,13,N
26027,65552,65586,34,S
26045,65587,65588,1,N
26033,65561,65588,27,S
26037,65570,65590,20,S
26042,65579,65592,13,S
26047,65588,65594,6,S
26051,65597,65598,1,S
26053,65601,65602,1,N
26056,65606,65606,0,S
26060,65615,65616,1,N
26061,65615,65616,1,S
26066,65624,65624,0,S
26068,65629,65630,1,N
26071,65633,65634,1,S
26043,65581,65640,59,E
26044,65582,65640,58,W
26048,65588,65640,52,E
26046,65587,65640,53,W
26050,65595,65640,45,E
26049,65592,65640,48,W
26054,65602,65642,40,E
26052,65597,65642,45,W
26058,65609,65642,33,E
26055,65602,65642,40,W
26062,65616,65642,26,E
26057,65607,65642,35,W
26065,65623,65644,21,E
26059,65612,65644,32,W
26069,65630,65644,14,E
26063,65617,65644,27,W
26072,65637,65644,7,E
26064,65622,65644,22,W
26077,65644,65646,2,E
26067,65627,65646,19,W
26070,65632,65646,14,W
26073,65637,65646,9,W
26075,65642,65648,6,W
26078,65647,65648,1,W
26080,65651,65652,1,E
26081,65652,65652,0,W
26084,65658,65658,0,E
26083,65657,65658,1,W
26086,65662,65662,0,W
26087,65665,65666,1,E
26088,65667,65668,1,W
26091,65672,65672,0,E
26092,65672,65672,0,W
26093,65677,65678,1,W
26095,65679,65680,1,E
26096,65682,65682,0,W
26098,65686,65686,0,E
26100,65687,65688,1,W
26101,65692,65692,0,W
26102,65693,65694,1,E
26104,65697,65698,1,W
26076,65643,65700,57,N
26074,65642,65700,58,S
26082,65657,65702,45,N
26079,65651,65702,51,S
26090,65671,65704,33,N
26085,65660,65704,44,S
26097,65685,65706,21,N
26089,65669,65706,37,S
26105,65699,65708,9,N
26094,65678,65708,30,S
26099,65687,65710,23,S
26103,65696,65712,16,S
26112,65713,65714,1,N
26108,65705,65714,9,S
26113,65714,65716,2,S
26118,65723,65724,1,S
26119,65727,65728,1,N
26122,65732,65732,0,S
26126,65741,65742,1,N
26127,65741,65742,1,S
26132,65750,65750,0,S
26134,65755,65756,1,N
26106,65700,65760,60,E
26107,65702,65760,58,W
26109,65707,65760,53,E
26110,65707,65760,53,W
26114,65714,65760,46,E
26111,65712,65760,48,W
26116,65721,65762,41,E
26115,65717,65762,45,W
26121,65728,65762,34,E
26117,65722,65762,40,W
26124,65735,65762,27,E
26120,65727,65762,35,W
26128,65742,65764,22,E
26123,65732,65764,32,W
26131,65749,65764,15,E
26125,65737,65764,27,W
26135,65756,65764,8,E
26129,65742,65764,22,W
26139,65763,65766,3,E
26130,65747,65766,19,W
26133,65752,65766,14,W
26136,65757,65766,9,W
26138,65762,65768,6,W
26140,65767,65768,1,W
26143,65770,65770,0,E
26144,65772,65772,0,W
26146,65777,65778,1,E
26147,65777,65778,1,W
26148,65782,65782,0,W
26150,65784,65784,0,E
26152,65787,65788,1,W
26153,65791,65792,1,E
26154,65792,65792,0,W
26158,65798,65798,0,E
26157,65797,65798,1,W
26159,65802,65802,0,W
26161,65805,65806,1,E
26162,65807,65808,1,W
26164,65812,65812,0,E
26165,65812,65812,0,W
26167,65817,65818,1,W
26142,65769,65820,51,N
26137,65759,65820,61,S
26149,65783,65822,39,N
26141,65768,65822,54,S
26156,65797,65824,27,N
26145,65777,65824,47,S
26163,65811,65826,15,N
26151,65786,65826,40,S
26171,65825,65828,3,N
26155,65795,65828,33,S
26160,65804,65830,26,S
26166,65813,65832,19,S
26169,65822,65834,12,S
26174,65831,65836,5,S
26178,65839,65840,1,N
26179,65840,65840,0,S
26184,65849,65850,1,S
26186,65853,65854,1,N
26189,65858,65858,0,S
26192,65867,65868,1,N
26193,65867,65868,1,S
26198,65876,65876,0,S
26168,65819,65880,61,E
26170,65822,65880,58,W
26172,65826,65880,54,E
26173,65827,65880,53,W
26176,65833,65880,47,E
26175,65832,65880,48,W
26180,65840,65882,42,E
26177,65837,65882,45,W
26182,65847,65882,35,E
26181,65842,65882,40,W
26187,65854,65882,28,E
26183,65847,65882,35,W
26190,65861,65884,23,E
26185,65852,65884,32,W
26195,65868,65884,16,E
26188,65857,65884,27,W
26197,65875,65884,9,E
26191,65862,65884,22,W
26201,65882,65886,4,E
26194,65867,65886,19,W
26196,65872,65886,14,W
26199,65877,65886,9,W
26202,65882,65888,6,W
26204,65887,65888,1,W
26205,65889,65890,1,E
26206,65892,65892,0,W
26209,65896,65896,0,E
26210,65897,65898,1,W
26211,65902,65902,0,W
26213,65903,65904,1,E
26214,65907,65908,1,W
26216,65910,65910,0,E
26218,65912,65912,0,W
26219,65917,65918,1,E
26220,65917,65918,1,W
26222,65922,65922,0,W
26224,65924,65924,0,E
26225,65927,65928,1,W
26227,65931,65932,1,E
26228,65932,65932,0,W
26231,65938,65938,0,E
26230,65937,65938,1,W
26200,65881,65940,59,N
26203,65885,65940,55,S
26208,65895,65942,47,N
26207,65894,65942,48,S
26215,65909,65944,35,N
26212,65903,65944,41,S
26223,65923,65946,23,N
26217,65912,65946,34,S
26229,65937,65948,11,N
26221,65921,65948,27,S
26226,65930,65950,20,S
26237,65951,65952,1,N
26232,65939,65952,13,S
26236,65948,65954,6,S
26240,65957,65958,1,S
26244,65965,65966,1,N
26245,65966,65966,0,S
26250,65975,65976,1,S
26252,65979,65980,1,N
26255,65984,65984,0,S
26259,65993,65994,1,N
26260,65993,65994,1,S
26234,65945,66000,55,E
26233,65942,66000,58,W
26238,65952,66000,48,E
26235,65947,66000,53,W
26242,65959,66000,41,E
26239,65952,66000,48,W
26246,65966,66002,36,E
26241,65957,66002,45,W
26249,65973,66002,29,E
26243,65962,66002,40,W
26253,65980,66002,22,E
26247,65967,66002,35,W
26256,65987,66004,17,E
26248,65972,66004,32,W
26261,65994,66004,10,E
26251,65977,66004,27,W
26263,66001,66004,3,E
26254,65982,66004,22,W
26257,65987,66006,19,W
26258,65992,66006,14,W
26262,65997,66006,9,W
26268,66008,66008,0,E
26265,66002,66008,6,W
26267,66007,66008,1,W
26270,66012,66012,0,W
26271,66015,66016,1,E
26272,66017,66018,1,W
26275,66022,66022,0,E
26276,66022,66022,0,W
26277,66027,66028,1,W
26279,66029,66030,1,E
26280,66032,66032,0,W
26282,66036,66036,0,E
26283,66037,66038,1,W
26285,66042,66042,0,W
26286,66043,66044,1,E
26288,66047,66048,1,W
26290,66050,66050,0,E
26291,66052,66052,0,W
26293,66057,66058,1,E
26294,66057,66058,1,W
26266,66007,66060,53,N
26264,66002,66060,58,S
26274,66021,66062,41,N
26269,66011,66062,51,S
26281,66035,66064,29,N
26273,66020,66064,44,S
26289,66049,66066,17,N
26278,66029,66066,37,S
26296,66063,66068,5,N
26284,66038,66068,30,S
26287,66047,66070,23,S
26292,66056,66072,16,S
26298,66065,66074,9,S
26302,66074,66076,2,S
26303,66077,66078,1,N
26307,66083,66084,1,S
26310,66091,66092,1,N
26311,66092,66092,0,S
26316,66101,66102,1,S
26318,66105,66106,1,N
26321,66110,66110,0,S
26297,66064,66120,56,E
26295,66062,66120,58,W
26300,66071,66120,49,E
26299,66067,66120,53,W
26305,66078,66120,42,E
26301,66072,66120,48,W
26308,66085,66122,37,E
26304,66077,66122,45,W
26312,66092,66122,30,E
26306,66082,66122,40,W
26315,66099,66122,23,E
26309,66087,66122,35,W
26319,66106,66124,18,E
26313,66092,66124,32,W
26323,66113,66124,11,E
26314,66097,66124,27,W
26327,66120,66124,4,E
26317,66102,66124,22,W
26320,66107,66126,19,W
26322,66112,66126,14,W
26324,66117,66126,9,W
26329,66127,66128,1,E
26328,66122,66128,6,W
26330,66127,66128,1,W
26332,66132,66132,0,W
26334,66134,66134,0,E
26336,66137,66138,1,W
26337,66141,66142,1,E
26338,66142,66142,0,W
26342,66148,66148,0,E
26341,66147,66148,1,W
26343,66152,66152,0,W
26345,66155,66156,1,E
26346,66157,66158,1,W
26348,66162,66162,0,E
26349,66162,66162,0,W
26351,66167,66168,1,W
26352,66169,66170,1,E
26353,66172,66172,0,W
26356,66176,66176,0,E
26357,66177,66178,1,W
26325,66119,66180,61,N
26326,66119,66180,61,S
26333,66133,66182,49,N
26331,66128,66182,54,S
26340,66147,66184,37,N
26335,66137,66184,47,S
26347,66161,66186,25,N
26339,66146,66186,40,S
26355,66175,66188,13,N
26344,66155,66188,33,S
26362,66189,66190,1,N
26350,66164,66190,26,S
26354,66173,66192,19,S
26358,66182,66194,12,S
26364,66191,66196,5,S
26368,66200,66200,0,S
26370,66203,66204,1,N
26373,66209,66210,1,S
26376,66217,66218,1,N
26378,66218,66218,0,S
26382,66227,66228,1,S
26384,66231,66232,1,N
26387,66236,66236,0,S
26360,66183,66240,57,E
26359,66182,66240,58,W
26363,66190,66240,50,E
26361,66187,66240,53,W
26366,66197,66240,43,E
26365,66192,66240,48,W
26371,66204,66242,38,E
26367,66197,66242,45,W
26374,66211,66242,31,E
26369,66202,66242,40,W
26379,66218,66242,24,E
26372,66207,66242,35,W
26381,66225,66244,19,E
26375,66212,66244,32,W
26385,66232,66244,12,E
26377,66217,66244,27,W
26389,66239,66244,5,E
26380,66222,66244,22,W
26393,66246,66246,0,E
26383,66227,66246,19,W
26386,66232,66246,14,W
26388,66237,66246,9,W
26390,66242,66248,6,W
26394,66247,66248,1,W
26395,66252,66252,0,W
26396,66253,66254,1,E
26398,66257,66258,1,W
26400,66260,66260,0,E
26401,66262,66262,0,W
26403,66267,66268,1,E
26404,66267,66268,1,W
26406,66272,66272,0,W
26408,66274,66274,0,E
26409,66277,66278,1,W
26411,66281,66282,1,E
26412,66282,66282,0,W
26415,66288,66288,0,E
26414,66287,66288,1,W
26417,66292,66292,0,W
26418,66295,66296,1,E
26419,66297,66298,1,W
26391,66245,66300,55,N
26392,66245,66300,55,S
26399,66259,66302,43,N
26397,66254,66302,48,S
26407,66273,66304,31,N
26402,66263,66304,41,S
26413,66287,66306,19,N
26405,66272,66306,34,S
26421,66301,66308,7,N
26410,66281,66308,27,S
26416,66290,66310,20,S
26420,66299,66312,13,S
26425,66308,66314,6,S
26428,66315,66316,1,N
26430,66317,66318,1,S
26434,66326,66326,0,S
26436,66329,66330,1,N
26439,66335,66336,1,S
26443,66343,66344,1,N
26444,66344,66344,0,S
26449,66353,66354,1,S
26450,66357,66358,1,N
26422,66302,66360,58,E
26423,66302,66360,58,W
26426,66309,66360,51,E
26424,66307,66360,53,W
26429,66316,66360,44,E
26427,66312,66360,48,W
26433,66323,66362,39,E
26431,66317,66362,45,W
26437,66330,66362,32,E
26432,66322,66362,40,W
26440,66337,66362,25,E
26435,66327,66362,35,W
26445,66344,66364,20,E
26438,66332,66364,32,W
26447,66351,66364,13,E
26441,66337,66364,27,W
26452,66358,66364,6,E
26442,66342,66364,22,W
26455,66365,66366,1,E
26446,66347,66366,19,W
26448,66352,66366,14,W
26451,66357,66366,9,W
26454,66362,66368,6,W
26456,66367,66368,1,W
26459,66372,66372,0,E
26460,66372,66372,0,W
26461,66377,66378,1,W
26462,66379,66380,1,E
26464,66382,66382,0,W
26466,66386,66386,0,E
26467,66387,66388,1,W
26469,66392,66392,0,W
26470,66393,66394,1,E
26471,66397,66398,1,W
26474,66400,66400,0,E
26475,66402,66402,0,W
26477,66407,66408,1,E
26478,66407,66408,1,W
26479,66412,66412,0,W
26481,66414,66414,0,E
26483,66417,66418,1,W
26457,66371,66420,49,N
26453,66362,66420,58,S
26465,66385,66422,37,N
26458,66371,66422,51,S
26473,66399,66424,25,N
26463,66380,66424,44,S
26480,66413,66426,13,N
26468,66389,66426,37,S
26487,66427,66428,1,N
26472,66398,66428,30,S
26476,66407,66430,23,S
26482,66416,66432,16,S
26486,66425,66434,9,S
26491,66434,66436,2,S
26494,66441,66442,1,N
26497,66443,66444,1,S
26500,66452,66452,0,S
26502,66455,66456,1,N
26505,66461,66462,1,S
26509,66469,66470,1,N
26510,66470,66470,0,S
26484,66421,66480,59,E
26485,66422,66480,58,W
26489,66428,66480,52,E
26488,66427,66480,53,W
26492,66435,66480,45,E
26490,66432,66480,48,W
26495,66442,66482,40,E
26493,66437,66482,45,W
26499,66449,66482,33,E
26496,66442,66482,40,W
26503,66456,66482,26,E
26498,66447,66482,35,W
26507,66463,66484,21,E
26501,66452,66484,32,W
26511,66470,66484,14,E
26504,66457,66484,27,W
26513,66477,66484,7,E
26506,66462,66484,22,W
26518,66484,66486,2,E
26508,66467,66486,19,W
26512,66472,66486,14,W
26514,66477,66486,9,W
26516,66482,66488,6,W
26519,66487,66488,1,W
26521,66491,66492,1,E
26522,66492,66492,0,W
26526,66498,66498,0,E
26525,66497,66498,1,W
26527,66502,66502,0,W
26528,66505,66506,1,E
26530,66507,66508,1,W
26532,66512,66512,0,E
26533,66512,66512,0,W
26535,66517,66518,1,W
26536,66519,66520,1,E
26537,66522,66522,0,W
26540,66526,66526,0,E
26541,66527,66528,1,W
26542,66532,66532,0,W
26544,66533,66534,1,E
26545,66537,66538,1,W
26517,66483,66540,57,N
26515,66479,66540,61,S
26523,66497,66542,45,N
26520,66488,66542,54,S
26531,66511,66544,33,N
26524,66497,66544,47,S
26539,66525,66546,21,N
26529,66506,66546,40,S
26546,66539,66548,9,N
26534,66515,66548,33,S
26538,66524,66550,26,S
26543,66533,66552,19,S
26554,66553,66554,1,N
26548,66542,66554,12,S
26552,66551,66556,5,S
26557,66560,66560,0,S
26560,66567,66568,1,N
26563,66569,66570,1,S
26567,66578,66578,0,S
26568,66581,66582,1,N
26571,66587,66588,1,S
26575,66595,66596,1,N
26576,66596,66596,0,S
26547,66540,66600,60,E
26549,66542,66600,58,W
26550,66547,66600,53,E
26551,66547,66600,53,W
26555,66554,66600,46,E
26553,66552,66600,48,W
26558,66561,66602,41,E
26556,66557,66602,45,W
26562,66568,66602,34,E
26559,66562,66602,40,W
26565,66575,66602,27,E
26561,66567,66602,35,W
26569,66582,66604,22,E
26564,66572,66604,32,W
26573,66589,66604,15,E
26566,66577,66604,27,W
26577,66596,66604,8,E
26570,66582,66604,22,W
26580,66603,66606,3,E
26572,66587,66606,19,W
26574,66592,66606,14,W
26578,66597,66606,9,W
26579,66602,66608,6,W
26582,66607,66608,1,W
26584,66610,66610,0,E
26585,66612,66612,0,W
26587,66617,66618,1,E
26588,66617,66618,1,W
26589,66622,66622,0,W
26592,66624,66624,0,E
26593,66627,66628,1,W
26594,66631,66632,1,E
26596,66632,66632,0,W
26599,66638,66638,0,E
26598,66637,66638,1,W
26601,66642,66642,0,W
26602,66645,66646,1,E
26603,66647,66648,1,W
26606,66652,66652,0,E
26607,66652,66652,0,W
26608,66657,66658,1,W
26583,66609,66660,51,N
26581,66605,66660,55,S
26590,66623,66662,39,N
26586,66614,66662,48,S
26597,66637,66664,27,N
26591,66623,66664,41,S
26605,66651,66666,15,N
26595,66632,66666,34,S
26612,66665,66668,3,N
26600,66641,66668,27,S
26604,66650,66670,20,S
26609,66659,66672,13,S
26615,66668,66674,6,S
26618,66677,66678,1,S
26620,66679,66680,1,N
26623,66686,66686,0,S
26627,66693,66694,1,N
26629,66695,66696,1,S
26633,66704,66704,0,S
26634,66707,66708,1,N
26638,66713,66714,1,S
26610,66659,66720,61,E
26611,66662,66720,58,W
26613,66666,66720,54,E
26614,66667,66720,53,W
26617,66673,66720,47,E
26616,66672,66720,48,W
26621,66680,66722,42,E
26619,66677,66722,45,W
26624,66687,66722,35,E
26622,66682,66722,40,W
26628,66694,66722,28,E
26625,66687,66722,35,W
26631,66701,66724,23,E
26626,66692,66724,32,W
26636,66708,66724,16,E
26630,66697,66724,27,W
26639,66715,66724,9,E
26632,66702,66724,22,W
26643,66722,66726,4,E
26635,66707,66726,19,W
26637,66712,66726,14,W
26640,66717,66726,9,W
26644,66722,66728,6,W
26645,66727,66728,1,W
26646,66729,66730,1,E
26648,66732,66732,0,W
26650,66736,66736,0,E
26651,66737,66738,1,W
26653,66742,66742,0,W
26654,66743,66744,1,E
26655,66747,66748,1,W
26658,66750,66750,0,E
26659,66752,66752,0,W
26660,66757,66758,1,E
26661,66757,66758,1,W
26663,66762,66762,0,W
26665,66764,66764,0,E
26667,66767,66768,1,W
26668,66771,66772,1,E
26669,66772,66772,0,W
26673,66778,66778,0,E
26672,66777,66778,1,W
26641,66721,66780,59,N
26642,66722,66780,58,S
26649,66735,66782,47,N
26647,66731,66782,51,S
26656,66749,66784,35,N
26652,66740,66784,44,S
26664,66763,66786,23,N
26657,66749,66786,37,S
26671,66777,66788,11,N
26662,66758,66788,30,S
26666,66767,66790,23,S
26678,66791,66792,1,N
26670,66776,66792,16,S
26675,66785,66794,9,S
26681,66794,66796,2,S
26685,66803,66804,1,S
26686,66805,66806,1,N
26689,66812,66812,0,S
26693,66819,66820,1,N
26695,66821,66822,1,S
26699,66830,66830,0,S
26701,66833,66834,1,N
26676,66785,66840,55,E
26674,66782,66840,58,W
26679,66792,66840,48,E
26677,66787,66840,53,W
26683,66799,66840,41,E
26680,66792,66840,48,W
26687,66806,66842,36,E
26682,66797,66842,45,W
26691,66813,66842,29,E
26684,66802,66842,40,W
26694,66820,66842,22,E
26688,66807,66842,35,W
26697,66827,66844,17,E
26690,66812,66844,32,W
26702,66834,66844,10,E
26692,66817,66844,27,W
26705,66841,66844,3,E
26696,66822,66844,22,W
26698,66827,66846,19,W
26700,66832,66846,14,W
26703,66837,66846,9,W
26710,66848,66848,0,E
26706,66842,66848,6,W
26708,66847,66848,1,W
26711,66852,66852,0,W
26712,66855,66856,1,E
26714,66857,66858,1,W
26716,66862,66862,0,E
26717,66862,66862,0,W
26719,66867,66868,1,W
26720,66869,66870,1,E
26721,66872,66872,0,W
26724,66876,66876,0,E
26725,66877,66878,1,W
26726,66882,66882,0,W
26727,66883,66884,1,E
26729,66887,66888,1,W
26731,66890,66890,0,E
26732,66892,66892,0,W
26734,66897,66898,1,E
26735,66897,66898,1,W
26707,66847,66900,53,N
26704,66839,66900,61,S
26715,66861,66902,41,N
26709,66848,66902,54,S
26722,66875,66904,29,N
26713,66857,66904,47,S
26730,66889,66906,17,N
26718,66866,66906,40,S
26738,66903,66908,5,N
26723,66875,66908,33,S
26728,66884,66910,26,S
26733,66893,66912,19,S
26736,66902,66914,12,S
26741,66911,66916,5,S
26744,66917,66918,1,N
26747,66920,66920,0,S
26751,66929,66930,1,S
26752,66931,66932,1,N
26756,66938,66938,0,S
26759,66945,66946,1,N
26761,66947,66948,1,S
26765,66956,66956,0,S
26739,66904,66960,56,E
26737,66902,66960,58,W
26742,66911,66960,49,E
26740,66907,66960,53,W
26746,66918,66960,42,E
26743,66912,66960,48,W
26749,66925,66962,37,E
26745,66917,66962,45,W
26753,66932,66962,30,E
26748,66922,66962,40,W
26757,66939,66962,23,E
26750,66927,66962,35,W
26760,66946,66964,18,E
26754,66932,66964,32,W
26764,66953,66964,11,E
26755,66937,66964,27,W
26768,66960,66964,4,E
26758,66942,66964,22,W
26762,66947,66966,19,W
26763,66952,66966,14,W
26766,66957,66966,9,W
26771,66967,66968,1,E
26769,66962,66968,6,W
26772,66967,66968,1,W
26773,66972,66972,0,W
26776,66974,66974,0,E
26777,66977,66978,1,W
26778,66981,66982,1,E
26779,66982,66982,0,W
26783,66988,66988,0,E
26782,66987,66988,1,W
26785,66992,66992,0,W
26786,66995,66996,1,E
26787,66997,66998,1,W
26790,67002,67002,0,E
26791,67002,67002,0,W
26792,67007,67008,1,W
26793,67009,67010,1,E
26795,67012,67012,0,W
26797,67016,67016,0,E
26798,67017,67018,1,W
26767,66959,67020,61,N
26770,66965,67020,55,S
26774,66973,67022,49,N
26775,66974,67022,48,S
26781,66987,67024,37,N
26780,66983,67024,41,S
26788,67001,67026,25,N
26784,66992,67026,34,S
26796,67015,67028,13,N
26789,67001,67028,27,S
26804,67029,67030,1,N
26794,67010,67030,20,S
26799,67019,67032,13,S
26803,67028,67034,6,S
26807,67037,67038,1,S
26811,67043,67044,1,N
26813,67046,67046,0,S
26817,67055,67056,1,S
26818,67057,67058,1,N
26822,67064,67064,0,S
26825,67071,67072,1,N
26828,67073,67074,1,S
26801,67023,67080,57,E
26800,67022,67080,58,W
26805,67030,67080,50,E
26802,67027,67080,53,W
26808,67037,67080,43,E
26806,67032,67080,48,W
26812,67044,67082,38,E
26809,67037,67082,45,W
26815,67051,67082,31,E
26810,67042,67082,40,W
26820,67058,67082,24,E
26814,67047,67082,35,W
26823,67065,67084,19,E
26816,67052,67084,32,W
26826,67072,67084,12,E
26819,67057,67084,27,W
26830,67079,67084,5,E
26821,67062,67084,22,W
26834,67086,67086,0,E
26824,67067,67086,19,W
26827,67072,67086,14,W
26829,67077,67086,9,W
26832,67082,67088,6,W
26835,67087,67088,1,W
26837,67092,67092,0,W
26838,67093,67094,1,E
26839,67097,67098,1,W
26842,67100,67100,0,E
26843,67102,67102,0,W
26844,67107,67108,1,E
26845,67107,67108,1,W
26847,67112,67112,0,W
26849,67114,67114,0,E
26850,67117,67118,1,W
26852,67121,67122,1,E
26853,67122,67122,0,W
26857,67128,67128,0,E
26856,67127,67128,1,W
26858,67132,67132,0,W
26859,67135,67136,1,E
26861,67137,67138,1,W
26833,67085,67140,55,N
26831,67082,67140,58,S
26840,67099,67142,43,N
26836,67091,67142,51,S
26848,67113,67144,31,N
26841,67100,67144,44,S
26854,67127,67146,19,N
26846,67109,67146,37,S
26862,67141,67148,7,N
26851,67118,67148,30,S
26855,67127,67150,23,S
26860,67136,67152,16,S
26865,67145,67154,9,S
26870,67155,67156,1,N
26869,67154,67156,2,S
26874,67163,67164,1,S
26877,67169,67170,1,N
26879,67172,67172,0,S
26883,67181,67182,1,S
26885,67183,67184,1,N
26888,67190,67190,0,S
26891,67197,67198,1,N
26863,67142,67200,58,E
26864,67142,67200,58,W
26867,67149,67200,51,E
26866,67147,67200,53,W
26871,67156,67200,44,E
26868,67152,67200,48,W
26875,67163,67202,39,E
26872,67157,67202,45,W
26878,67170,67202,32,E
26873,67162,67202,40,W
26881,67177,67202,25,E
26876,67167,67202,35,W
26886,67184,67204,20,E
26880,67172,67204,32,W
26889,67191,67204,13,E
26882,67177,67204,27,W
26893,67198,67204,6,E
26884,67182,67204,22,W
26896,67205,67206,1,E
26887,67187,67206,19,W
26890,67192,67206,14,W
26892,67197,67206,9,W
26895,67202,67208,6,W
26897,67207,67208,1,W
26900,67212,67212,0,E
26901,67212,67212,0,W
26903,67217,67218,1,W
26904,67219,67220,1,E
26905,67222,67222,0,W
26908,67226,67226,0,E
26909,67227,67228,1,W
26910,67232,67232,0,W
26911,67233,67234,1,E
26913,67237,67238,1,W
26915,67240,67240,0,E
26916,67242,67242,0,W
26918,67247,67248,1,E
26919,67247,67248,1,W
26920,67252,67252,0,W
26923,67254,67254,0,E
26924,67257,67258,1,W
26899,67211,67260,49,N
26894,67199,67260,61,S
26906,67225,67262,37,N
26898,67208,67262,54,S
26914,67239,67264,25,N
26902,67217,67264,47,S
26921,67253,67266,13,N
26907,67226,67266,40,S
26928,67267,67268,1,N
26912,67235,67268,33,S
26917,67244,67270,26,S
26922,67253,67272,19,S
26926,67262,67274,12,S
26931,67271,67276,5,S
26935,67280,67280,0,S
26936,67281,67282,1,N
26940,67289,67290,1,S
26943,67295,67296,1,N
26946,67298,67298,0,S
26949,67307,67308,1,S
26951,67309,67310,1,N
26954,67316,67316,0,S
26925,67261,67320,59,E
26927,67262,67320,58,W
26930,67268,67320,52,E
26929,67267,67320,53,W
26933,67275,67320,45,E
26932,67272,67320,48,W
26937,67282,67322,40,E
26934,67277,67322,45,W
26941,67289,67322,33,E
26938,67282,67322,40,W
26944,67296,67322,26,E
26939,67287,67322,35,W
26948,67303,67324,21,E
26942,67292,67324,32,W
26952,67310,67324,14,E
26945,67297,67324,27,W
26955,67317,67324,7,E
26947,67302,67324,22,W
26959,67324,67326,2,E
26950,67307,67326,19,W
26953,67312,67326,14,W
26956,67317,67326,9,W
26957,67322,67328,6,W
26961,67327,67328,1,W
26962,67331,67332,1,E
26963,67332,67332,0,W
26967,67338,67338,0,E
26966,67337,67338,1,W
26968,67342,67342,0,W
26970,67345,67346,1,E
26971,67347,67348,1,W
26974,67352,67352,0,E
26975,67352,67352,0,W
26976,67357,67358,1,W
26977,67359,67360,1,E
26979,67362,67362,0,W
26981,67366,67366,0,E
26982,67367,67368,1,W
26984,67372,67372,0,W
26985,67373,67374,1,E
26986,67377,67378,1,W
26958,67323,67380,57,N
26960,67325,67380,55,S
26965,67337,67382,45,N
26964,67334,67382,48,S
26972,67351,67384,33,N
26969,67343,67384,41,S
26980,67365,67386,21,N
26973,67352,67386,34,S
26987,67379,67388,9,N
26978,67361,67388,27,S
26983,67370,67390,20,S
26988,67379,67392,13,S
26995,67393,67394,1,N
26993,67388,67394,6,S
26997,67397,67398,1,S
27001,67406,67406,0,S
27002,67407,67408,1,N
27006,67415,67416,1,S
27009,67421,67422,1,N
27012,67424,67424,0,S
27016,67433,67434,1,S
27017,67435,67436,1,N
26989,67380,67440,60,E
26990,67382,67440,58,W
26991,67387,67440,53,E
26992,67387,67440,53,W
26996,67394,67440,46,E
26994,67392,67440,48,W
26999,67401,67442,41,E
26998,67397,67442,45,W
27004,67408,67442,34,E
27000,67402,67442,40,W
27007,67415,67442,27,E
27003,67407,67442,35,W
27010,67422,67444,22,E
27005,67412,67444,32,W
27014,67429,67444,15,E
27008,67417,67444,27,W
27018,67436,67444,8,E
27011,67422,67444,22,W
27022,67443,67446,3,E
27013,67427,67446,19,W
27015,67432,67446,14,W
27019,67437,67446,9,W
27021,67442,67448,6,W
27023,67447,67448,1,W
27025,67450,67450,0,E
27027,67452,67452,0,W
27028,67457,67458,1,E
27029,67457,67458,1,W
27031,67462,67462,0,W
27033,67464,67464,0,E
27034,67467,67468,1,W
27036,67471,67472,1,E
27037,67472,67472,0,W
27041,67478,67478,0,E
27039,67477,67478,1,W
27042,67482,67482,0,W
27043,67485,67486,1,E
27045,67487,67488,1,W
27047,67492,67492,0,E
27048,67492,67492,0,W
27050,67497,67498,1,W
27024,67449,67500,51,N
27020,67442,67500,58,S
27032,67463,67502,39,N
27026,67451,67502,51,S
27038,67477,67504,27,N
27030,67460,67504,44,S
27046,67491,67506,15,N
27035,67469,67506,37,S
27053,67505,67508,3,N
27040,67478,67508,30,S
27044,67487,67510,23,S
27049,67496,67512,16,S
27054,67505,67514,9,S
27059,67514,67516,2,S
27061,67519,67520,1,N
27064,67523,67524,1,S
27067,67532,67532,0,S
27069,67533,67534,1,N
27072,67541,67542,1,S
27075,67547,67548,1,N
27078,67550,67550,0,S
27051,67499,67560,61,E
27052,67502,67560,58,W
27055,67506,67560,54,E
27056,67507,67560,53,W
27058,67513,67560,47,E
27057,67512,67560,48,W
27062,67520,67562,42,E
27060,67517,67562,45,W
27065,67527,67562,35,E
27063,67522,67562,40,W
27070,67534,67562,28,E
27066,67527,67562,35,W
27073,67541,67564,23,E
27068,67532,67564,32,W
27077,67548,67564,16,E
27071,67537,67564,27,W
27080,67555,67564,9,E
27074,67542,67564,22,W
27084,67562,67566,4,E
27076,67547,67566,19,W
27079,67552,67566,14,W
27081,67557,67566,9,W
27085,67562,67568,6,W
27086,67567,67568,1,W
27088,67569,67570,1,E
27089,67572,67572,0,W
27091,67576,67576,0,E
27093,67577,67578,1,W
27094,67582,67582,0,W
27095,67583,67584,1,E
27097,67587,67588,1,W
27099,67590,67590,0,E
27100,67592,67592,0,W
27102,67597,67598,1,E
27103,67597,67598,1,W
27104,67602,67602,0,W
27107,67604,67604,0,E
27108,67607,67608,1,W
27109,67611,67612,1,E
27110,67612,67612,0,W
27114,67618,67618,0,E
27113,67617,67618,1,W
27083,67561,67620,59,N
27082,67559,67620,61,S
27090,67575,67622,47,N
27087,67568,67622,54,S
27098,67589,67624,35,N
27092,67577,67624,47,S
27105,67603,67626,23,N
27096,67586,67626,40,S
27112,67617,67628,11,N
27101,67595,67628,33,S
27106,67604,67630,26,S
27119,67631,67632,1,N
27111,67613,67632,19,S
27115,67622,67634,12,S
27120,67631,67636,5,S
27125,67640,67640,0,S
27127,67645,67646,1,N
27130,67649,67650,1,S
27134,67658,67658,0,S
27135,67659,67660,1,N
27138,67667,67668,1,S
27142,67673,67674,1,N
27144,67676,67676,0,S
27117,67625,67680,55,E
27116,67622,67680,58,W
27121,67632,67680,48,E
27118,67627,67680,53,W
27124,67639,67680,41,E
27122,67632,67680,48,W
27128,67646,67682,36,E
27123,67637,67682,45,W
27132,67653,67682,29,E
27126,67642,67682,40,W
27136,67660,67682,22,E
27129,67647,67682,35,W
27139,67667,67684,17,E
27131,67652,67684,32,W
27143,67674,67684,10,E
27133,67657,67684,27,W
27146,67681,67684,3,E
27137,67662,67684,22,W
27140,67667,67686,19,W
27141,67672,67686,14,W
27145,67677,67686,9,W
27151,67688,67688,0,E
27147,67682,67688,6,W
27150,67687,67688,1,W
27152,67692,67692,0,W
27154,67695,67696,1,E
27155,67697,67698,1,W
27157,67702,67702,0,E
27158,67702,67702,0,W
27160,67707,67708,1,W
27161,67709,67710,1,E
27163,67712,67712,0,W
27165,67716,67716,0,E
27166,67717,67718,1,W
27168,67722,67722,0,W
27169,67723,67724,1,E
27170,67727,67728,1,W
27173,67730,67730,0,E
27174,67732,67732,0,W
27175,67737,67738,1,E
27176,67737,67738,1,W
27149,67687,67740,53,N
27148,67685,67740,55,S
27156,67701,67742,41,N
27153,67694,67742,48,S
27164,67715,67744,29,N
27159,67703,67744,41,S
27171,67729,67746,17,N
27162,67712,67746,34,S
27179,67743,67748,5,N
27167,67721,67748,27,S
27172,67730,67750,20,S
27177,67739,67752,13,S
27182,67748,67754,6,S
27185,67757,67758,1,N
27186,67757,67758,1,S
27191,67766,67766,0,S
27193,67771,67772,1,N
27196,67775,67776,1,S
27200,67784,67784,0,S
27201,67785,67786,1,N
27205,67793,67794,1,S
27180,67744,67800,56,E
27178,67742,67800,58,W
27183,67751,67800,49,E
27181,67747,67800,53,W
27188,67758,67800,42,E
27184,67752,67800,48,W
27190,67765,67802,37,E
27187,67757,67802,45,W
27194,67772,67802,30,E
27189,67762,67802,40,W
27198,67779,67802,23,E
27192,67767,67802,35,W
27202,67786,67804,18,E
27195,67772,67804,32,W
27206,67793,67804,11,E
27197,67777,67804,27,W
27209,67800,67804,4,E
27199,67782,67804,22,W
27203,67787,67806,19,W
27204,67792,67806,14,W
27207,67797,67806,9,W
27212,67807,67808,1,E
27211,67802,67808,6,W
27213,67807,67808,1,W
27215,67812,67812,0,W
27217,67814,67814,0,E
27218,67817,67818,1,W
27220,67821,67822,1,E
27221,67822,67822,0,W
27224,67828,67828,0,E
27223,67827,67828,1,W
27226,67832,67832,0,W
27227,67835,67836,1,E
27228,67837,67838,1,W
27231,67842,67842,0,E
27232,67842,67842,0,W
27234,67847,67848,1,W
27235,67849,67850,1,E
27236,67852,67852,0,W
27239,67856,67856,0,E
27240,67857,67858,1,W
27208,67799,67860,61,N
27210,67802,67860,58,S
27216,67813,67862,49,N
27214,67811,67862,51,S
27222,67827,67864,37,N
27219,67820,67864,44,S
27230,67841,67866,25,N
27225,67829,67866,37,S
27237,67855,67868,13,N
27229,67838,67868,30,S
27245,67869,67870,1,N
27233,67847,67870,23,S
27238,67856,67872,16,S
27243,67865,67874,9,S
27248,67874,67876,2,S
27252,67883,67884,1,N
27253,67883,67884,1,S
27257,67892,67892,0,S
27259,67897,67898,1,N
27262,67901,67902,1,S
27266,67910,67910,0,S
27267,67911,67912,1,N
27242,67863,67920,57,E
27241,67862,67920,58,W
27246,67870,67920,50,E
27244,67867,67920,53,W
27249,67877,67920,43,E
27247,67872,67920,48,W
27254,67884,67922,38,E
27250,67877,67922,45,W
27256,67891,67922,31,E
27251,67882,67922,40,W
27261,67898,67922,24,E
27255,67887,67922,35,W
27264,67905,67924,19,E
27258,67892,67924,32,W
27268,67912,67924,12,E
27260,67897,67924,27,W
27272,67919,67924,5,E
27263,67902,67924,22,W
27275,67926,67926,0,E
27265,67907,67926,19,W
27269,67912,67926,14,W
27270,67917,67926,9,W
27273,67922,67928,6,W
27276,67927,67928,1,W
27278,67932,67932,0,W
27279,67933,67934,1,E
27281,67937,67938,1,W
27283,67940,67940,0,E
27284,67942,67942,0,W
27286,67947,67948,1,E
27287,67947,67948,1,W
27288,67952,67952,0,W
27290,67954,67954,0,E
27292,67957,67958,1,W
27293,67961,67962,1,E
27294,67962,67962,0,W
27298,67968,67968,0,E
27297,67967,67968,1,W
27299,67972,67972,0,W
27301,67975,67976,1,E
27302,67977,67978,1,W
27274,67925,67980,55,N
27271,67919,67980,61,S
27282,67939,67982,43,N
27277,67928,67982,54,S
27289,67953,67984,31,N
27280,67937,67984,47,S
27296,67967,67986,19,N
27285,67946,67986,40,S
27303,67981,67988,7,N
27291,67955,67988,33,S
27295,67964,67990,26,S
27300,67973,67992,19,S
27304,67982,67994,12,S
27311,67995,67996,1,N
27309,67991,67996,5,S
27314,68000,68000,0,S
27318,68009,68010,1,N
27319,68009,68010,1,S
27324,68018,68018,0,S
27326,68023,68024,1,N
27328,68027,68028,1,S
27332,68036,68036,0,S
27333,68037,68038,1,N
27305,67982,68040,58,E
27306,67982,68040,58,W
27308,67989,68040,51,E
27307,67987,68040,53,W
27312,67996,68040,44,E
27310,67992,68040,48,W
27316,68003,68042,39,E
27313,67997,68042,45,W
27320,68010,68042,32,E
27315,68002,68042,40,W
27322,68017,68042,25,E
27317,68007,68042,35,W
27327,68024,68044,20,E
27321,68012,68044,32,W
27330,68031,68044,13,E
27323,68017,68044,27,W
27335,68038,68044,6,E
27325,68022,68044,22,W
27338,68045,68046,1,E
27329,68027,68046,19,W
27331,68032,68046,14,W
27334,68037,68046,9,W
27336,68042,68048,6,W
27339,68047,68048,1,W
27341,68052,68052,0,E
27342,68052,68052,0,W
27344,68057,68058,1,W
27345,68059,68060,1,E
27346,68062,68062,0,W
27349,68066,68066,0,E
27350,68067,68068,1,W
27352,68072,68072,0,W
27353,68073,68074,1,E
27354,68077,68078,1,W
27356,68080,68080,0,E
27358,68082,68082,0,W
27359,68087,68088,1,E
27360,68087,68088,1,W
27362,68092,68092,0,W
27364,68094,68094,0,E
27365,68097,68098,1,W
27340,68051,68100,49,N
27337,68045,68100,55,S
27348,68065,68102,37,N
27343,68054,68102,48,S
27355,68079,68104,25,N
27347,68063,68104,41,S
27363,68093,68106,13,N
27351,68072,68106,34,S
27369,68107,68108,1,N
27357,68081,68108,27,S
27361,68090,68110,20,S
27366,68099,68112,13,S
27371,68108,68114,6,S
27375,68117,68118,1,S
27377,68121,68122,1,N
27380,68126,68126,0,S
27384,68135,68136,1,N
27385,68135,68136,1,S
27390,68144,68144,0,S
27392,68149,68150,1,N
27395,68153,68154,1,S
27367,68101,68160,59,E
27368,68102,68160,58,W
27372,68108,68160,52,E
27370,68107,68160,53,W
27374,68115,68160,45,E
27373,68112,68160,48,W
27378,68122,68162,40,E
27376,68117,68162,45,W
27382,68129,68162,33,E
27379,68122,68162,40,W
27386,68136,68162,26,E
27381,68127,68162,35,W
27389,68143,68164,21,E
27383,68132,68164,32,W
27393,68150,68164,14,E
27387,68137,68164,27,W
27396,68157,68164,7,E
27388,68142,68164,22,W
27401,68164,68166,2,E
27391,68147,68166,19,W
27394,68152,68166,14,W
27397,68157,68166,9,W
27399,68162,68168,6,W
27402,68167,68168,1,W
27404,68171,68172,1,E
27405,68172,68172,0,W
27408,68178,68178,0,E
27407,68177,68178,1,W
27410,68182,68182,0,W
27411,68185,68186,1,E
27412,68187,68188,1,W
27415,68192,68192,0,E
27416,68192,68192,0,W
27417,68197,68198,1,W
27419,68199,68200,1,E
27420,68202,68202,0,W
27422,68206,68206,0,E
27424,68207,68208,1,W
27425,68212,68212,0,W
27426,68213,68214,1,E
27428,68217,68218,1,W
27400,68163,68220,57,N
27398,68162,68220,58,S
27406,68177,68222,45,N
27403,68171,68222,51,S
27414,68191,68224,33,N
27409,68180,68224,44,S
27421,68205,68226,21,N
27413,68189,68226,37,S
27429,68219,68228,9,N
27418,68198,68228,30,S
27423,68207,68230,23,S
27427,68216,68232,16,S
27436,68233,68234,1,N
27432,68225,68234,9,S
27437,68234,68236,2,S
27442,68243,68244,1,S
27443,68247,68248,1,N
27446,68252,68252,0,S
27450,68261,68262,1,N
27451,68261,68262,1,S
27456,68270,68270,0,S
27458,68275,68276,1,N
27430,68220,68280,60,E
27431,68222,68280,58,W
27433,68227,68280,53,E
27434,68227,68280,53,W
27438,68234,68280,46,E
27435,68232,68280,48,W
27440,68241,68282,41,E
27439,68237,68282,45,W
27445,68248,68282,34,E
27441,68242,68282,40,W
27448,68255,68282,27,E
27444,68247,68282,35,W
27452,68262,68284,22,E
27447,68252,68284,32,W
27455,68269,68284,15,E
27449,68257,68284,27,W
27459,68276,68284,8,E
27453,68262,68284,22,W
27463,68283,68286,3,E
27454,68267,68286,19,W
27457,68272,68286,14,W
27460,68277,68286,9,W
27462,68282,68288,6,W
27464,68287,68288,1,W
27467,68290,68290,0,E
27468,68292,68292,0,W
27470,68297,68298,1,E
27471,68297,68298,1,W
27472,68302,68302,0,W
27474,68304,68304,0,E
27476,68307,68308,1,W
27477,68311,68312,1,E
27478,68312,68312,0,W
27482,68318,68318,0,E
27481,68317,68318,1,W
27483,68322,68322,0,W
27485,68325,68326,1,E
27486,68327,68328,1,W
27488,68332,68332,0,E
27489,68332,68332,0,W
27491,68337,68338,1,W
27466,68289,68340,51,N
27461,68279,68340,61,S
27473,68303,68342,39,N
27465,68288,68342,54,S
27480,68317,68344,27,N
27469,68297,68344,47,S
27487,68331,68346,15,N
27475,68306,68346,40,S
27495,68345,68348,3,N
27479,68315,68348,33,S
27484,68324,68350,26,S
27490,68333,68352,19,S
27493,68342,68354,12,S
27498,68351,68356,5,S
27502,68359,68360,1,N
27503,68360,68360,0,S
27508,68369,68370,1,S
27510,68373,68374,1,N
27513,68378,68378,0,S
27516,68387,68388,1,N
27517,68387,68388,1,S
27522,68396,68396,0,S
27492,68339,68400,61,E
27494,68342,68400,58,W
27496,68346,68400,54,E
27497,68347,68400,53,W
27500,68353,68400,47,E
27499,68352,68400,48,W
27504,68360,68402,42,E
27501,68357,68402,45,W
27506,68367,68402,35,E
27505,68362,68402,40,W
27511,68374,68402,28,E
27507,68367,68402,35,W
27514,68381,68404,23,E
27509,68372,68404,32,W
27519,68388,68404,16,E
27512,68377,68404,27,W
27521,68395,68404,9,E
27515,68382,68404,22,W
27525,68402,68406,4,E
27518,68387,68406,19,W
27520,68392,68406,14,W
27523,68397,68406,9,W
27526,68402,68408,6,W
27528,68409,68410,1,W
27529,68411,68412,1,E
27530,68416,68416,0,W
27533,68420,68420,0,E
27534,68423,68424,1,W
27536,68429,68430,1,E
27537,68430,68430,0,W
27539,68438,68438,0,E
27538,68437,68438,1,W
27542,68444,68444,0,W
27543,68447,68448,1,E
27544,68451,68452,1,W
27546,68456,68456,0,E
27548,68458,68458,0,W
27524,68401,68460,59,N
27527,68405,68460,55,S
27532,68420,68462,42,N
27531,68417,68462,45,S
27540,68439,68464,25,N
27535,68429,68464,35,S
27547,68458,68466,8,N
27541,68441,68466,25,S
27545,68453,68468,15,S
27549,68465,68470,5,S
27554,68477,68478,1,N
27555,68477,68478,1,S
27559,68489,68490,1,S
27562,68496,68496,0,N
27564,68501,68502,1,S
27568,68513,68514,1,S
27570,68515,68516,1,N
27550,68465,68520,55,E
27551,68465,68520,55,W
27553,68474,68520,46,E
27552,68472,68520,48,W
27557,68483,68520,37,E
27556,68479,68520,41,W
27560,68492,68522,30,E
27558,68486,68522,36,W
27565,68501,68522,21,E
27561,68493,68522,29,W
27567,68510,68522,12,E
27563,68500,68522,22,W
27571,68519,68524,5,E
27566,68507,68524,17,W
27569,68514,68524,10,W
27572,68521,68524,3,W
27574,68528,68528,0,E
27575,68528,68528,0,W
27577,68535,68536,1,W
27579,68537,68538,1,E
27580,68542,68542,0,W
27581,68546,68546,0,E
27583,68549,68550,1,W
27585,68555,68556,1,E
27586,68556,68556,0,W
27589,68564,68564,0,E
27588,68563,68564,1,W
27590,68570,68570,0,W
27593,68573,68574,1,E
27594,68577,68578,1,W
27576,68534,68580,46,N
27573,68525,68580,55,S
27584,68553,68582,29,N
27578,68537,68582,45,S
27591,68572,68584,12,N
27582,68549,68584,35,S
27587,68561,68586,25,S
27592,68573,68588,15,S
27597,68585,68590,5,S
27598,68591,68592,1,N
27601,68597,68598,1,S
27607,68610,68610,0,N
27605,68609,68610,1,S
27611,68621,68622,1,S
27614,68629,68630,1,N
27615,68633,68634,1,S
27595,68582,68640,58,E
27596,68584,68640,56,W
27599,68591,68640,49,E
27600,68591,68640,49,W
27603,68600,68640,40,E
27602,68598,68640,42,W
27606,68609,68642,33,E
27604,68605,68642,37,W
27609,68618,68642,24,E
27608,68612,68642,30,W
27613,68627,68642,15,E
27610,68619,68642,23,W
27617,68636,68644,8,E
27612,68626,68644,18,W
27616,68633,68644,11,W
27618,68640,68644,4,W
27620,68645,68646,1,E
27621,68647,68648,1,W
27623,68654,68654,0,E
27624,68654,68654,0,W
27626,68661,68662,1,W
27627,68663,68664,1,E
27629,68668,68668,0,W
27631,68672,68672,0,E
27632,68675,68676,1,W
27634,68681,68682,1,E
27635,68682,68682,0,W
27638,68690,68690,0,E
27637,68689,68690,1,W
27640,68696,68696,0,W
27622,68648,68700,52,N
27619,68645,68700,55,S
27628,68667,68702,35,N
27625,68657,68702,45,S
27636,68686,68704,18,N
27630,68669,68704,35,S
27643,68705,68706,1,N
27633,68681,68706,25,S
27639,68693,68708,15,S
27644,68705,68710,5,S
27647,68717,68718,1,S
27650,68724,68724,0,N
27653,68729,68730,1,S
27657,68741,68742,1,S
27658,68743,68744,1,N
27662,68753,68754,1,S
27641,68699,68760,61,E
27642,68703,68760,57,W
27645,68708,68760,52,E
27646,68710,68760,50,W
27648,68717,68760,43,E
27649,68717,68760,43,W
27652,68726,68762,36,E
27651,68724,68762,38,W
27655,68735,68762,27,E
27654,68731,68762,31,W
27659,68744,68762,18,E
27656,68738,68762,24,W
27663,68753,68764,11,E
27660,68745,68764,19,W
27666,68762,68764,2,E
27661,68752,68764,12,W
27664,68759,68764,5,W
27668,68766,68766,0,W
27669,68771,68772,1,E
27670,68773,68774,1,W
27672,68780,68780,0,E
27673,68780,68780,0,W
27675,68787,68788,1,W
27677,68789,68790,1,E
27678,68794,68794,0,W
27679,68798,68798,0,E
27682,68801,68802,1,W
27683,68807,68808,1,E
27684,68808,68808,0,W
27687,68816,68816,0,E
27686,68815,68816,1,W
27665,68762,68820,58,N
27667,68765,68820,55,S
27674,68781,68822,41,N
27671,68777,68822,45,S
27680,68800,68824,24,N
27676,68789,68824,35,S
27688,68819,68826,7,N
27681,68801,68826,25,S
27685,68813,68828,15,S
27690,68825,68830,5,S
27696,68838,68838,0,N
27695,68837,68838,1,S
27699,68849,68850,1,S
27702,68857,68858,1,N
27704,68861,68862,1,S
27709,68873,68874,1,S
27710,68876,68876,0,N
27691,68825,68880,55,E
27689,68822,68880,58,W
27693,68834,68880,46,E
27692,68829,68880,51,W
27697,68843,68880,37,E
27694,68836,68880,44,W
27701,68852,68882,30,E
27698,68843,68882,39,W
27705,68861,68882,21,E
27700,68850,68882,32,W
27707,68870,68882,12,E
27703,68857,68882,25,W
27712,68879,68884,5,E
27706,68864,68884,20,W
27708,68871,68884,13,W
27711,68878,68884,6,W
27714,68885,68886,1,W
27715,68888,68888,0,E
27716,68892,68892,0,W
27719,68897,68898,1,E
27720,68899,68900,1,W
27721,68906,68906,0,E
27722,68906,68906,0,W
27724,68913,68914,1,W
27726,68915,68916,1,E
27727,68920,68920,0,W
27729,68924,68924,0,E
27730,68927,68928,1,W
27733,68933,68934,1,E
27734,68934,68934,0,W
27717,68895,68940,45,N
27713,68885,68940,55,S
27725,68914,68942,28,N
27718,68897,68942,45,S
27731,68933,68944,11,N
27723,68909,68944,35,S
27728,68921,68946,25,S
27732,68933,68948,15,S
27737,68945,68950,5,S
27740,68952,68952,0,N
27742,68957,68958,1,S
27745,68969,68970,1,S
27748,68971,68972,1,N
27751,68981,68982,1,S
27754,68990,68990,0,N
27756,68993,68994,1,S
27736,68942,69000,58,E
27735,68941,69000,59,W
27739,68951,69000,49,E
27738,68948,69000,52,W
27743,68960,69000,40,E
27741,68955,69000,45,W
27746,68969,69002,33,E
27744,68962,69002,40,W
27750,68978,69002,24,E
27747,68969,69002,33,W
27753,68987,69002,15,E
27749,68976,69002,26,W
27757,68996,69004,8,E
27752,68983,69004,21,W
27755,68990,69004,14,W
27758,68997,69004,7,W
27761,69005,69006,1,E
27759,69004,69006,2,W
27763,69011,69012,1,W
27764,69014,69014,0,E
27766,69018,69018,0,W
27767,69023,69024,1,E
27768,69025,69026,1,W
27771,69032,69032,0,E
27772,69032,69032,0,W
27773,69039,69040,1,W
27775,69041,69042,1,E
27776,69046,69046,0,W
27778,69050,69050,0,E
27780,69053,69054,1,W
27762,69009,69060,51,N
27760,69005,69060,55,S
27769,69028,69062,34,N
27765,69017,69062,45,S
27777,69047,69064,17,N
27770,69029,69064,35,S
27784,69066,69066,0,N
27774,69041,69066,25,S
27779,69053,69068,15,S
27783,69065,69070,5,S
27788,69077,69078,1,S
27791,69085,69086,1,N
27794,69089,69090,1,S
27797,69101,69102,1,S
27799,69104,69104,0,N
27802,69113,69114,1,S
27781,69059,69120,61,E
27782,69060,69120,60,W
27786,69068,69120,52,E
27785,69067,69120,53,W
27789,69077,69120,43,E
27787,69074,69120,46,W
27792,69086,69122,36,E
27790,69081,69122,41,W
27795,69095,69122,27,E
27793,69088,69122,34,W
27800,69104,69122,18,E
27796,69095,69122,27,W
27803,69113,69124,11,E
27798,69102,69124,22,W
27805,69122,69124,2,E
27801,69109,69124,15,W
27804,69116,69124,8,W
27807,69123,69126,3,W
27809,69130,69130,0,W
27810,69131,69132,1,E
27812,69137,69138,1,W
27813,69140,69140,0,E
27815,69144,69144,0,W
27817,69149,69150,1,E
27818,69151,69152,1,W
27819,69158,69158,0,E
27820,69158,69158,0,W
27823,69165,69166,1,W
27824,69167,69168,1,E
27825,69172,69172,0,W
27827,69176,69176,0,E
27806,69123,69180,57,N
27808,69125,69180,55,S
27814,69142,69182,40,N
27811,69137,69182,45,S
27821,69161,69184,23,N
27816,69149,69184,35,S
27829,69180,69186,6,N
27822,69161,69186,25,S
27826,69173,69188,15,S
27830,69185,69190,5,S
27835,69197,69198,1,S
27836,69199,69200,1,N
27840,69209,69210,1,S
27843,69218,69218,0,N
27844,69221,69222,1,S
27849,69233,69234,1,S
27851,69237,69238,1,N
27831,69185,69240,55,E
27828,69179,69240,61,W
27834,69194,69240,46,E
27832,69186,69240,54,W
27838,69203,69240,37,E
27833,69193,69240,47,W
27841,69212,69242,30,E
27837,69200,69242,42,W
27845,69221,69242,21,E
27839,69207,69242,35,W
27848,69230,69242,12,E
27842,69214,69242,28,W
27852,69239,69244,5,E
27846,69221,69244,23,W
27847,69228,69244,16,W
27850,69235,69244,9,W
27853,69242,69246,4,W
27855,69248,69248,0,E
27856,69249,69250,1,W
27858,69256,69256,0,W
27860,69257,69258,1,E
27861,69263,69264,1,W
27862,69266,69266,0,E
27864,69270,69270,0,W
27866,69275,69276,1,E
27867,69277,69278,1,W
27869,69284,69284,0,E
27870,69284,69284,0,W
27871,69291,69292,1,W
27873,69293,69294,1,E
27875,69298,69298,0,W
27857,69256,69300,44,N
27854,69245,69300,55,S
27865,69275,69302,27,N
27859,69257,69302,45,S
27874,69294,69304,10,N
27863,69269,69304,35,S
27868,69281,69306,25,S
27872,69293,69308,15,S
27877,69305,69310,5,S
27881,69313,69314,1,N
27882,69317,69318,1,S
27886,69329,69330,1,S
27888,69332,69332,0,N
27892,69341,69342,1,S
27895,69351,69352,1,N
27896,69353,69354,1,S
27876,69302,69360,58,E
27878,69305,69360,55,W
27879,69311,69360,49,E
27880,69312,69360,48,W
27884,69320,69360,40,E
27883,69319,69360,41,W
27887,69329,69362,33,E
27885,69326,69362,36,W
27890,69338,69362,24,E
27889,69333,69362,29,W
27893,69347,69362,15,E
27891,69340,69362,22,W
27898,69356,69364,8,E
27894,69347,69364,17,W
27897,69354,69364,10,W
27899,69361,69364,3,W
27901,69365,69366,1,E
27902,69368,69368,0,W
27904,69374,69374,0,E
27905,69375,69376,1,W
27907,69382,69382,0,W
27908,69383,69384,1,E
27911,69389,69390,1,W
27912,69392,69392,0,E
27913,69396,69396,0,W
27915,69401,69402,1,E
27916,69403,69404,1,W
27918,69410,69410,0,E
27919,69410,69410,0,W
27921,69417,69418,1,W
27903,69370,69420,50,N
27900,69365,69420,55,S
27909,69389,69422,33,N
27906,69377,69422,45,S
27917,69408,69424,16,N
27910,69389,69424,35,S
27914,69401,69426,25,S
27925,69427,69428,1,N
27920,69413,69428,15,S
27924,69425,69430,5,S
27928,69437,69438,1,S
27932,69446,69446,0,N
27934,69449,69450,1,S
27938,69461,69462,1,S
27940,69465,69466,1,N
27942,69473,69474,1,S
27922,69419,69480,61,E
27923,69424,69480,56,W
27926,69428,69480,52,E
27927,69431,69480,49,W
27929,69437,69480,43,E
27930,69438,69480,42,W
27933,69446,69482,36,E
27931,69445,69482,37,W
27936,69455,69482,27,E
27935,69452,69482,30,W
27939,69464,69482,18,E
27937,69459,69482,23,W
27943,69473,69484,11,E
27941,69466,69484,18,W
27946,69482,69484,2,E
27944,69473,69484,11,W
27945,69480,69484,4,W
27949,69487,69488,1,W
27950,69491,69492,1,E
27951,69494,69494,0,W
27953,69500,69500,0,E
27954,69501,69502,1,W
27956,69508,69508,0,W
27958,69509,69510,1,E
27959,69515,69516,1,W
27960,69518,69518,0,E
27963,69522,69522,0,W
27964,69527,69528,1,E
27965,69529,69530,1,W
27967,69536,69536,0,E
27968,69536,69536,0,W
27947,69484,69540,56,N
27948,69485,69540,55,S
27955,69503,69542,39,N
27952,69497,69542,45,S
27962,69522,69544,22,N
27957,69509,69544,35,S
27969,69541,69546,5,N
27961,69521,69546,25,S
27966,69533,69548,15,S
27971,69545,69550,5,S
27975,69557,69558,1,S
27977,69560,69560,0,N
27980,69569,69570,1,S
27984,69579,69580,1,N
27985,69581,69582,1,S
27990,69593,69594,1,S
27991,69598,69598,0,N
27972,69545,69600,55,E
27970,69543,69600,57,W
27974,69554,69600,46,E
27973,69550,69600,50,W
27978,69563,69600,37,E
27976,69557,69600,43,W
27982,69572,69602,30,E
27979,69564,69602,38,W
27986,69581,69602,21,E
27981,69571,69602,31,W
27988,69590,69602,12,E
27983,69578,69602,24,W
27992,69599,69604,5,E
27987,69585,69604,19,W
27989,69592,69604,12,W
27993,69599,69604,5,W
27995,69606,69606,0,W
27996,69608,69608,0,E
27997,69613,69614,1,W
28000,69617,69618,1,E
28001,69620,69620,0,W
28002,69626,69626,0,E
28003,69627,69628,1,W
28005,69634,69634,0,W
28006,69635,69636,1,E
28009,69641,69642,1,W
28010,69644,69644,0,E
28011,69648,69648,0,W
28013,69653,69654,1,E
28015,69655,69656,1,W
27998,69617,69660,43,N
27994,69605,69660,55,S
28007,69636,69662,26,N
27999,69617,69662,45,S
28014,69655,69664,9,N
28004,69629,69664,35,S
28008,69641,69666,25,S
28012,69653,69668,15,S
28018,69665,69670,5,S
28021,69674,69674,0,N
28023,69677,69678,1,S
28026,69689,69690,1,S
28029,69693,69694,1,N
28032,69701,69702,1,S
28036,69712,69712,0,N
28037,69713,69714,1,S
28016,69662,69720,58,E
28017,69662,69720,58,W
28020,69671,69720,49,E
28019,69669,69720,51,W
28024,69680,69720,40,E
28022,69676,69720,44,W
28027,69689,69722,33,E
28025,69683,69722,39,W
28031,69698,69722,24,E
28028,69690,69722,32,W
28034,69707,69722,15,E
28030,69697,69722,25,W
28038,69716,69724,8,E
28033,69704,69724,20,W
28035,69711,69724,13,W
28039,69718,69724,6,W
28041,69725,69726,1,E
28042,69725,69726,1,W
28044,69732,69732,0,W
28045,69734,69734,0,E
28047,69739,69740,1,W
28048,69743,69744,1,E
28049,69746,69746,0,W
28052,69752,69752,0,E
28053,69753,69754,1,W
28054,69760,69760,0,W
28056,69761,69762,1,E
28057,69767,69768,1,W
28059,69770,69770,0,E
28061,69774,69774,0,W
28043,69731,69780,49,N
28040,69725,69780,55,S
28051,69750,69782,32,N
28046,69737,69782,45,S
28058,69769,69784,15,N
28050,69749,69784,35,S
28055,69761,69786,25,S
28065,69788,69788,0,N
28060,69773,69788,15,S
28064,69785,69790,5,S
28069,69797,69798,1,S
28073,69807,69808,1,N
28074,69809,69810,1,S
28078,69821,69822,1,S
28081,69826,69826,0,N
28083,69833,69834,1,S
28062,69779,69840,61,E
28063,69781,69840,59,W
28066,69788,69840,52,E
28067,69788,69840,52,W
28070,69797,69840,43,E
28068,69795,69840,45,W
28072,69806,69842,36,E
28071,69802,69842,40,W
28076,69815,69842,27,E
28075,69809,69842,33,W
28080,69824,69842,18,E
28077,69816,69842,26,W
28084,69833,69844,11,E
28079,69823,69844,21,W
28086,69842,69844,2,E
28082,69830,69844,14,W
28085,69837,69844,7,W
28087,69844,69846,2,W
28090,69851,69852,1,E
28091,69851,69852,1,W
28093,69858,69858,0,W
28094,69860,69860,0,E
28096,69865,69866,1,W
28098,69869,69870,1,E
28099,69872,69872,0,W
28100,69878,69878,0,E
28101,69879,69880,1,W
28104,69886,69886,0,W
28105,69887,69888,1,E
28107,69893,69894,1,W
28108,69896,69896,0,E
28088,69845,69900,55,N
28089,69845,69900,55,S
28095,69864,69902,38,N
28092,69857,69902,45,S
28103,69883,69904,21,N
28097,69869,69904,35,S
28110,69902,69906,4,N
28102,69881,69906,25,S
28106,69893,69908,15,S
28111,69905,69910,5,S
28116,69917,69918,1,S
28117,69921,69922,1,N
28121,69929,69930,1,S
28124,69940,69940,0,N
28125,69941,69942,1,S
28130,69953,69954,1,S
28112,69905,69960,55,E
28109,69900,69960,60,W
28114,69914,69960,46,E
28113,69907,69960,53,W
28119,69923,69960,37,E
28115,69914,69960,46,W
28122,69932,69962,30,E
28118,69921,69962,41,W
28126,69941,69962,21,E
28120,69928,69962,34,W
28129,69950,69962,12,E
28123,69935,69962,27,W
28133,69959,69964,5,E
28127,69942,69964,22,W
28128,69949,69964,15,W
28131,69956,69964,8,W
28134,69963,69966,3,W
28136,69968,69968,0,E
28137,69970,69970,0,W
28139,69977,69978,1,E
28140,69977,69978,1,W
28142,69984,69984,0,W
28143,69986,69986,0,E
28145,69991,69992,1,W
28146,69995,69996,1,E
28148,69998,69998,0,W
28150,70004,70004,0,E
28151,70005,70006,1,W
28152,70012,70012,0,W
28154,70013,70014,1,E
28132,69959,70020,61,N
28135,69965,70020,55,S
28141,69978,70022,44,N
28138,69977,70022,45,S
28147,69997,70024,27,N
28144,69989,70024,35,S
28155,70016,70026,10,N
28149,70001,70026,25,S
28153,70013,70028,15,S
28158,70025,70030,5,S
28162,70035,70036,1,N
28163,70037,70038,1,S
28167,70049,70050,1,S
28169,70054,70054,0,N
28172,70061,70062,1,S
28176,70073,70074,1,N
28177,70073,70074,1,S
28157,70022,70080,58,E
28156,70019,70080,61,W
28160,70031,70080,49,E
28159,70026,70080,54,W
28164,70040,70080,40,E
28161,70033,70080,47,W
28168,70049,70082,33,E
28165,70040,70082,42,W
28171,70058,70082,24,E
28166,70047,70082,35,W
28174,70067,70082,15,E
28170,70054,70082,28,W
28179,70076,70084,8,E
28173,70061,70084,23,W
28175,70068,70084,16,W
28178,70075,70084,9,W
28182,70085,70086,1,E
28180,70082,70086,4,W
28183,70089,70090,1,W
28185,70094,70094,0,E
28186,70096,70096,0,W
28188,70103,70104,1,E
28189,70103,70104,1,W
28191,70110,70110,0,W
28193,70112,70112,0,E
28194,70117,70118,1,W
28196,70121,70122,1,E
28197,70124,70124,0,W
28199,70130,70130,0,E
28200,70131,70132,1,W
28202,70138,70138,0,W
28184,70092,70140,48,N
28181,70085,70140,55,S
28192,70111,70142,31,N
28187,70097,70142,45,S
28198,70130,70144,14,N
28190,70109,70144,35,S
28195,70121,70146,25,S
28201,70133,70148,15,S
28207,70149,70150,1,N
28204,70145,70150,5,S
28209,70157,70158,1,S
28214,70168,70168,0,N
28215,70169,70170,1,S
28219,70181,70182,1,S
28221,70187,70188,1,N
28223,70193,70194,1,S
28203,70139,70200,61,E
28205,70145,70200,55,W
28206,70148,70200,52,E
28208,70152,70200,48,W
28210,70157,70200,43,E
28211,70159,70200,41,W
28212,70166,70202,36,E
28213,70166,70202,36,W
28217,70175,70202,27,E
28216,70173,70202,29,W
28220,70184,70202,18,E
28218,70180,70202,22,W
28224,70193,70204,11,E
28222,70187,70204,17,W
28227,70202,70204,2,E
28225,70194,70204,10,W
28226,70201,70204,3,W
28230,70208,70208,0,W
28231,70211,70212,1,E
28232,70215,70216,1,W
28234,70220,70220,0,E
28235,70222,70222,0,W
28238,70229,70230,1,E
28239,70229,70230,1,W
28240,70236,70236,0,W
28241,70238,70238,0,E
28243,70243,70244,1,W
28245,70247,70248,1,E
28246,70250,70250,0,W
28248,70256,70256,0,E
28249,70257,70258,1,W
28229,70206,70260,54,N
28228,70205,70260,55,S
28236,70225,70262,37,N
28233,70217,70262,45,S
28244,70244,70264,20,N
28237,70229,70264,35,S
28250,70263,70266,3,N
28242,70241,70266,25,S
28247,70253,70268,15,S
28252,70265,70270,5,S
28256,70277,70278,1,S
28258,70282,70282,0,N
28261,70289,70290,1,S
28265,70301,70302,1,N
28266,70301,70302,1,S
28270,70313,70314,1,S
28253,70265,70320,55,E
28251,70264,70320,56,W
28255,70274,70320,46,E
28254,70271,70320,49,W
28259,70283,70320,37,E
28257,70278,70320,42,W
28262,70292,70322,30,E
28260,70285,70322,37,W
28267,70301,70322,21,E
28263,70292,70322,30,W
28269,70310,70322,12,E
28264,70299,70322,23,W
28272,70319,70324,5,E
28268,70306,70324,18,W
28271,70313,70324,11,W
28274,70320,70324,4,W
28277,70328,70328,0,E
28276,70327,70328,1,W
28278,70334,70334,0,W
28280,70337,70338,1,E
28282,70341,70342,1,W
28283,70346,70346,0,E
28284,70348,70348,0,W
28286,70355,70356,1,E
28287,70355,70356,1,W
28290,70362,70362,0,W
28291,70364,70364,0,E
28292,70369,70370,1,W
28294,70373,70374,1,E
28295,70376,70376,0,W
28273,70320,70380,60,N
28275,70325,70380,55,S
28281,70339,70382,43,N
28279,70337,70382,45,S
28288,70358,70384,26,N
28285,70349,70384,35,S
28296,70377,70386,9,N
28289,70361,70386,25,S
28293,70373,70388,15,S
28299,70385,70390,5,S
28302,70396,70396,0,N
28303,70397,70398,1,S
28307,70409,70410,1,S
28310,70415,70416,1,N
28313,70421,70422,1,S
28318,70434,70434,0,N
28317,70433,70434,1,S
28297,70382,70440,58,E
28298,70383,70440,57,W
28301,70391,70440,49,E
28300,70390,70440,50,W
28305,70400,70440,40,E
28304,70397,70440,43,W
28308,70409,70442,33,E
28306,70404,70442,38,W
28311,70418,70442,24,E
28309,70411,70442,31,W
28315,70427,70442,15,E
28312,70418,70442,24,W
28319,70436,70444,8,E
28314,70425,70444,19,W
28316,70432,70444,12,W
28320,70439,70444,5,W
28322,70445,70446,1,E
28323,70446,70446,0,W
28326,70454,70454,0,E
28325,70453,70454,1,W
28328,70460,70460,0,W
28329,70463,70464,1,E
28330,70467,70468,1,W
28333,70472,70472,0,E
28334,70474,70474,0,W
28336,70481,70482,1,E
28337,70481,70482,1,W
28338,70488,70488,0,W
28339,70490,70490,0,E
28342,70495,70496,1,W
28324,70453,70500,47,N
28321,70445,70500,55,S
28332,70472,70502,30,N
28327,70457,70502,45,S
28340,70491,70504,13,N
28331,70469,70504,35,S
28335,70481,70506,25,S
28341,70493,70508,15,S
28348,70510,70510,0,N
28345,70505,70510,5,S
28350,70517,70518,1,S
28354,70529,70530,1,N
28355,70529,70530,1,S
28359,70541,70542,1,S
28362,70548,70548,0,N
28364,70553,70554,1,S
28343,70499,70560,61,E
28344,70502,70560,58,W
28346,70508,70560,52,E
28347,70509,70560,51,W
28351,70517,70560,43,E
28349,70516,70560,44,W
28353,70526,70562,36,E
28352,70523,70562,39,W
28357,70535,70562,27,E
28356,70530,70562,32,W
28360,70544,70562,18,E
28358,70537,70562,25,W
28365,70553,70564,11,E
28361,70544,70564,20,W
28367,70562,70564,2,E
28363,70551,70564,13,W
28366,70558,70564,6,W
28369,70565,70566,1,W
28371,70571,70572,1,E
28372,70572,70572,0,W
28375,70580,70580,0,E
28374,70579,70580,1,W
28377,70586,70586,0,W
28379,70589,70590,1,E
28380,70593,70594,1,W
28381,70598,70598,0,E
28382,70600,70600,0,W
28385,70607,70608,1,E
28386,70607,70608,1,W
28388,70614,70614,0,W
28389,70616,70616,0,E
28370,70567,70620,53,N
28368,70565,70620,55,S
28376,70586,70622,36,N
28373,70577,70622,45,S
28384,70605,70624,19,N
28378,70589,70624,35,S
28391,70624,70626,2,N
28383,70601,70626,25,S
28387,70613,70628,15,S
28392,70625,70630,5,S
28397,70637,70638,1,S
28399,70643,70644,1,N
28401,70649,70650,1,S
28407,70662,70662,0,N
28405,70661,70662,1,S
28411,70673,70674,1,S
28393,70625,70680,55,E
28390,70621,70680,59,W
28395,70634,70680,46,E
28394,70628,70680,52,W
28400,70643,70680,37,E
28396,70635,70680,45,W
28403,70652,70682,30,E
28398,70642,70682,40,W
28406,70661,70682,21,E
28402,70649,70682,33,W
28409,70670,70682,12,E
28404,70656,70682,26,W
28413,70679,70684,5,E
28408,70663,70684,21,W
28410,70670,70684,14,W
28412,70677,70684,7,W
28415,70684,70686,2,W
28417,70688,70688,0,E
28418,70691,70692,1,W
28420,70697,70698,1,E
28421,70698,70698,0,W
28424,70706,70706,0,E
28423,70705,70706,1,W
28426,70712,70712,0,W
28427,70715,70716,1,E
28429,70719,70720,1,W
28431,70724,70724,0,E
28432,70726,70726,0,W
28434,70733,70734,1,E
28435,70733,70734,1,W
28414,70681,70740,59,N
28416,70685,70740,55,S
28422,70700,70742,42,N
28419,70697,70742,45,S
28428,70719,70744,25,N
28425,70709,70744,35,S
28436,70738,70746,8,N
28430,70721,70746,25,S
28433,70733,70748,15,S
28439,70745,70750,5,S
28443,70757,70758,1,N
28444,70757,70758,1,S
28448,70769,70770,1,S
28451,70776,70776,0,N
28453,70781,70782,1,S
28457,70793,70794,1,S
28458,70795,70796,1,N
28438,70742,70800,58,E
28437,70740,70800,60,W
28441,70751,70800,49,E
28440,70747,70800,53,W
28445,70760,70800,40,E
28442,70754,70800,46,W
28449,70769,70802,33,E
28446,70761,70802,41,W
28452,70778,70802,24,E
28447,70768,70802,34,W
28455,70787,70802,15,E
28450,70775,70802,27,W
28459,70796,70804,8,E
28454,70782,70804,22,W
28456,70789,70804,15,W
28460,70796,70804,8,W
28463,70805,70806,1,E
28461,70803,70806,3,W
28464,70810,70810,0,W
28466,70814,70814,0,E
28468,70817,70818,1,W
28469,70823,70824,1,E
28470,70824,70824,0,W
28473,70832,70832,0,E
28472,70831,70832,1,W
28475,70838,70838,0,W
28477,70841,70842,1,E
28478,70845,70846,1,W
28479,70850,70850,0,E
28481,70852,70852,0,W
28465,70814,70860,46,N
28462,70805,70860,55,S
28474,70833,70862,29,N
28467,70817,70862,45,S
28480,70852,70864,12,N
28471,70829,70864,35,S
28476,70841,70866,25,S
28482,70853,70868,15,S
28485,70865,70870,5,S
28488,70871,70872,1,N
28490,70877,70878,1,S
28496,70890,70890,0,N
28495,70889,70890,1,S
28499,70901,70902,1,S
28503,70909,70910,1,N
28504,70913,70914,1,S
28483,70859,70920,61,E
28484,70859,70920,61,W
28487,70868,70920,52,E
28486,70866,70920,54,W
28491,70877,70920,43,E
28489,70873,70920,47,W
28493,70886,70922,36,E
28492,70880,70922,42,W
28498,70895,70922,27,E
28494,70887,70922,35,W
28501,70904,70922,18,E
28497,70894,70922,28,W
28505,70913,70924,11,E
28500,70901,70924,23,W
28507,70922,70924,2,E
28502,70908,70924,16,W
28506,70915,70924,9,W
28508,70922,70926,4,W
28511,70929,70930,1,W
28512,70931,70932,1,E
28513,70936,70936,0,W
28515,70940,70940,0,E
28516,70943,70944,1,W
28519,70949,70950,1,E
28520,70950,70950,0,W
28522,70958,70958,0,E
28521,70957,70958,1,W
28524,70964,70964,0,W
28526,70967,70968,1,E
28527,70971,70972,1,W
28529,70976,70976,0,E
28530,70978,70978,0,W
28510,70928,70980,52,N
28509,70925,70980,55,S
28517,70947,70982,35,N
28514,70937,70982,45,S
28525,70966,70984,18,N
28518,70949,70984,35,S
28531,70985,70986,1,N
28523,70961,70986,25,S
28528,70973,70988,15,S
28532,70985,70990,5,S
28537,70997,70998,1,S
28540,71004,71004,0,N
28542,71009,71010,1,S
28546,71021,71022,1,S
28548,71023,71024,1,N
28551,71033,71034,1,S
28533,70985,71040,55,E
28534,70985,71040,55,W
28536,70994,71040,46,E
28535,70992,71040,48,W
28539,71003,71040,37,E
28538,70999,71040,41,W
28543,71012,71042,30,E
28541,71006,71042,36,W
28547,71021,71042,21,E
28544,71013,71042,29,W
28550,71030,71042,12,E
28545,71020,71042,22,W
28553,71039,71044,5,E
28549,71027,71044,17,W
28552,71034,71044,10,W
28554,71041,71044,3,W
28557,71048,71048,0,E
28558,71048,71048,0,W
28559,71055,71056,1,W
28561,71057,71058,1,E
28563,71062,71062,0,W
28564,71066,71066,0,E
28566,71069,71070,1,W
28567,71075,71076,1,E
28568,71076,71076,0,W
28572,71084,71084,0,E
28571,71083,71084,1,W
28573,71090,71090,0,W
28575,71093,71094,1,E
28576,71097,71098,1,W
28555,71042,71100,58,N
28556,71045,71100,55,S
28562,71061,71102,41,N
28560,71057,71102,45,S
28569,71080,71104,24,N
28565,71069,71104,35,S
28577,71099,71106,7,N
28570,71081,71106,25,S
28574,71093,71108,15,S
28580,71105,71110,5,S
28584,71118,71118,0,N
28583,71117,71118,1,S
28588,71129,71130,1,S
28591,71137,71138,1,N
28594,71141,71142,1,S
28597,71153,71154,1,S
28599,71156,71156,0,N
28578,71102,71160,58,E
28579,71104,71160,56,W
28581,71111,71160,49,E
28582,71111,71160,49,W
28586,71120,71160,40,E
28585,71118,71160,42,W
28589,71129,71162,33,E
28587,71125,71162,37,W
28592,71138,71162,24,E
28590,71132,71162,30,W
28596,71147,71162,15,E
28593,71139,71162,23,W
28600,71156,71164,8,E
28595,71146,71164,18,W
28598,71153,71164,11,W
28601,71160,71164,4,W
28603,71165,71166,1,E
28604,71167,71168,1,W
28605,71174,71174,0,E
28606,71174,71174,0,W
28609,71181,71182,1,W
28610,71183,71184,1,E
28611,71188,71188,0,W
28613,71192,71192,0,E
28615,71195,71196,1,W
28617,71201,71202,1,E
28618,71202,71202,0,W
28620,71210,71210,0,E
28619,71209,71210,1,W
28623,71216,71216,0,W
28607,71175,71220,45,N
28602,71165,71220,55,S
28614,71194,71222,28,N
28608,71177,71222,45,S
28621,71213,71224,11,N
28612,71189,71224,35,S
28616,71201,71226,25,S
28622,71213,71228,15,S
28626,71225,71230,5,S
28629,71232,71232,0,N
28630,71237,71238,1,S
28635,71249,71250,1,S
28636,71251,71252,1,N
28640,71261,71262,1,S
28643,71270,71270,0,N
28645,71273,71274,1,S
28624,71219,71280,61,E
28625,71223,71280,57,W
28627,71228,71280,52,E
28628,71230,71280,50,W
28631,71237,71280,43,E
28632,71237,71280,43,W
28634,71246,71282,36,E
28633,71244,71282,38,W
28638,71255,71282,27,E
28637,71251,71282,31,W
28641,71264,71282,18,E
28639,71258,71282,24,W
28646,71273,71284,11,E
28642,71265,71284,19,W
28648,71282,71284,2,E
28644,71272,71284,12,W
28647,71279,71284,5,W
28650,71286,71286,0,W
28652,71291,71292,1,E
28653,71293,71294,1,W
28655,71300,71300,0,E
28656,71300,71300,0,W
28657,71307,71308,1,W
28660,71309,71310,1,E
28661,71314,71314,0,W
28662,71318,71318,0,E
28664,71321,71322,1,W
28666,71327,71328,1,E
28667,71328,71328,0,W
28670,71336,71336,0,E
28669,71335,71336,1,W
28651,71289,71340,51,N
28649,71285,71340,55,S
28658,71308,71342,34,N
28654,71297,71342,45,S
28665,71327,71344,17,N
28659,71309,71344,35,S
28674,71346,71346,0,N
28663,71321,71346,25,S
28668,71333,71348,15,S
28672,71345,71350,5,S
28678,71357,71358,1,S
28681,71365,71366,1,N
28682,71369,71370,1,S
28686,71381,71382,1,S
28688,71384,71384,0,N
28692,71393,71394,1,S
28673,71345,71400,55,E
28671,71342,71400,58,W
28676,71354,71400,46,E
28675,71349,71400,51,W
28679,71363,71400,37,E
28677,71356,71400,44,W
28684,71372,71402,30,E
28680,71363,71402,39,W
28687,71381,71402,21,E
28683,71370,71402,32,W
28690,71390,71402,12,E
28685,71377,71402,25,W
28694,71399,71404,5,E
28689,71384,71404,20,W
28691,71391,71404,13,W
28693,71398,71404,6,W
28697,71405,71406,1,W
28698,71408,71408,0,E
28699,71412,71412,0,W
28701,71417,71418,1,E
28702,71419,71420,1,W
28704,71426,71426,0,E
28705,71426,71426,0,W
28707,71433,71434,1,W
28708,71435,71436,1,E
28709,71440,71440,0,W
28712,71444,71444,0,E
28713,71447,71448,1,W
28715,71453,71454,1,E
28716,71454,71454,0,W
28695,71403,71460,57,N
28696,71405,71460,55,S
28703,71422,71462,40,N
28700,71417,71462,45,S
28710,71441,71464,23,N
28706,71429,71464,35,S
28717,71460,71466,6,N
28711,71441,71466,25,S
28714,71453,71468,15,S
28720,71465,71470,5,S
28724,71477,71478,1,S
28725,71479,71480,1,N
28728,71489,71490,1,S
28732,71498,71498,0,N
28734,71501,71502,1,S
28738,71513,71514,1,S
28740,71517,71518,1,N
28719,71462,71520,58,E
28718,71461,71520,59,W
28722,71471,71520,49,E
28721,71468,71520,52,W
28726,71480,71520,40,E
28723,71475,71520,45,W
28729,71489,71522,33,E
28727,71482,71522,40,W
28733,71498,71522,24,E
28730,71489,71522,33,W
28736,71507,71522,15,E
28731,71496,71522,26,W
28739,71516,71524,8,E
28735,71503,71524,21,W
28737,71510,71524,14,W
28741,71517,71524,7,W
28744,71525,71526,1,E
28742,71524,71526,2,W
28745,71531,71532,1,W
28746,71534,71534,0,E
28749,71538,71538,0,W
28750,71543,71544,1,E
28751,71545,71546,1,W
28753,71552,71552,0,E
28754,71552,71552,0,W
28756,71559,71560,1,W
28758,71561,71562,1,E
28759,71566,71566,0,W
28760,71570,71570,0,E
28762,71573,71574,1,W
28747,71536,71580,44,N
28743,71525,71580,55,S
28755,71555,71582,27,N
28748,71537,71582,45,S
28763,71574,71584,10,N
28752,71549,71584,35,S
28757,71561,71586,25,S
28761,71573,71588,15,S
28766,71585,71590,5,S
28769,71593,71594,1,N
28771,71597,71598,1,S
28776,71609,71610,1,S
28777,71612,71612,0,N
28780,71621,71622,1,S
28784,71631,71632,1,N
28785,71633,71634,1,S
28764,71579,71640,61,E
28765,71580,71640,60,W
28768,71588,71640,52,E
28767,71587,71640,53,W
28772,71597,71640,43,E
28770,71594,71640,46,W
28774,71606,71642,36,E
28773,71601,71642,41,W
28778,71615,71642,27,E
28775,71608,71642,34,W
28782,71624,71642,18,E
28779,71615,71642,27,W
28786,71633,71644,11,E
28781,71622,71644,22,W
28788,71642,71644,2,E
28783,71629,71644,15,W
28787,71636,71644,8,W
28789,71643,71646,3,W
28792,71650,71650,0,W
28793,71651,71652,1,E
28795,71657,71658,1,W
28796,71660,71660,0,E
28797,71664,71664,0,W
28800,71669,71670,1,E
28801,71671,71672,1,W
28802,71678,71678,0,E
28803,71678,71678,0,W
28805,71685,71686,1,W
28806,71687,71688,1,E
28808,71692,71692,0,W
28810,71696,71696,0,E
28791,71650,71700,50,N
28790,71645,71700,55,S
28798,71669,71702,33,N
28794,71657,71702,45,S
28807,71688,71704,16,N
28799,71669,71704,35,S
28804,71681,71706,25,S
28815,71707,71708,1,N
28809,71693,71708,15,S
28812,71705,71710,5,S
28818,71717,71718,1,S
28821,71726,71726,0,N
28823,71729,71730,1,S
28826,71741,71742,1,S
28829,71745,71746,1,N
28832,71753,71754,1,S
28813,71705,71760,55,E
28811,71699,71760,61,W
28817,71714,71760,46,E
28814,71706,71760,54,W
28820,71723,71760,37,E
28816,71713,71760,47,W
28824,71732,71762,30,E
28819,71720,71762,42,W
28827,71741,71762,21,E
28822,71727,71762,35,W
28831,71750,71762,12,E
28825,71734,71762,28,W
28834,71759,71764,5,E
28828,71741,71764,23,W
28830,71748,71764,16,W
28833,71755,71764,9,W
28835,71762,71766,4,W
28838,71768,71768,0,E
28839,71769,71770,1,W
28840,71776,71776,0,W
28842,71777,71778,1,E
28844,71783,71784,1,W
28845,71786,71786,0,E
28847,71790,71790,0,W
28848,71795,71796,1,E
28849,71797,71798,1,W
28852,71804,71804,0,E
28853,71804,71804,0,W
28854,71811,71812,1,W
28856,71813,71814,1,E
28857,71818,71818,0,W
28836,71764,71820,56,N
28837,71765,71820,55,S
28843,71783,71822,39,N
28841,71777,71822,45,S
28851,71802,71824,22,N
28846,71789,71824,35,S
28858,71821,71826,5,N
28850,71801,71826,25,S
28855,71813,71828,15,S
28860,71825,71830,5,S
28864,71837,71838,1,S
28866,71840,71840,0,N
28869,71849,71850,1,S
28873,71859,71860,1,N
28875,71861,71862,1,S
28878,71873,71874,1,S
28881,71878,71878,0,N
28859,71822,71880,58,E
28861,71825,71880,55,W
28862,71831,71880,49,E
28863,71832,71880,48,W
28867,71840,71880,40,E
28865,71839,71880,41,W
28870,71849,71882,33,E
28868,71846,71882,36,W
28872,71858,71882,24,E
28871,71853,71882,29,W
28876,71867,71882,15,E
28874,71860,71882,22,W
28880,71876,71884,8,E
28877,71867,71884,17,W
28879,71874,71884,10,W
28882,71881,71884,3,W
28884,71885,71886,1,E
28885,71888,71888,0,W
28886,71894,71894,0,E
28887,71895,71896,1,W
28890,71902,71902,0,W
28891,71903,71904,1,E
28893,71909,71910,1,W
28894,71912,71912,0,E
28896,71916,71916,0,W
28898,71921,71922,1,E
28899,71923,71924,1,W
28900,71930,71930,0,E
28901,71930,71930,0,W
28904,71937,71938,1,W
28888,71897,71940,43,N
28883,71885,71940,55,S
28895,71916,71942,26,N
28889,71897,71942,45,S
28903,71935,71944,9,N
28892,71909,71944,35,S
28897,71921,71946,25,S
28902,71933,71948,15,S
28907,71945,71950,5,S
28910,71954,71954,0,N
28911,71957,71958,1,S
28916,71969,71970,1,S
28918,71973,71974,1,N
28921,71981,71982,1,S
28924,71992,71992,0,N
28925,71993,71994,1,S
28905,71939,72000,61,E
28906,71944,72000,56,W
28908,71948,72000,52,E
28909,71951,72000,49,W
28912,71957,72000,43,E
28913,71958,72000,42,W
28915,71966,72002,36,E
28914,71965,72002,37,W
28919,71975,72002,27,E
28917,71972,72002,30,W
28922,71984,72002,18,E
28920,71979,72002,23,W
28926,71993,72004,11,E
28923,71986,72004,18,W
28929,72002,72004,2,E
28927,71993,72004,11,W
28928,72000,72004,4,W
28931,72009,72010,1,W
28933,72013,72014,1,E
28934,72018,72018,0,W
28936,72024,72024,0,E
28937,72027,72028,1,W
28939,72035,72036,1,E
28940,72036,72036,0,W
28943,72046,72046,0,E
28942,72045,72046,1,W
28945,72054,72054,0,W
28946,72057,72058,1,E
28932,72011,72060,49,N
28930,72005,72060,55,S
28938,72035,72062,27,N
28935,72021,72062,41,S
28947,72059,72064,5,N
28941,72037,72064,27,S
28944,72053,72066,13,S
28950,72069,72070,1,S
28954,72083,72084,1,N
28955,72085,72086,1,S
28959,72101,72102,1,S
28961,72107,72108,1,N
28964,72117,72118,1,S
28949,72068,72120,52,E
28948,72063,72120,57,W
28952,72079,72120,41,E
28951,72072,72120,48,W
28956,72090,72120,30,E
28953,72081,72120,39,W
28960,72101,72122,21,E
28957,72090,72122,32,W
28963,72112,72122,10,E
28958,72099,72122,23,W
28962,72108,72122,14,W
28966,72123,72124,1,E
28965,72117,72124,7,W
28967,72126,72126,0,W
28970,72134,72134,0,E
28971,72135,72136,1,W
28972,72144,72144,0,W
28973,72145,72146,1,E
28975,72153,72154,1,W
28977,72156,72156,0,E
28978,72162,72162,0,W
28980,72167,72168,1,E
28981,72171,72172,1,W
28982,72178,72178,0,E
28968,72131,72180,49,N
28969,72133,72180,47,S
28976,72155,72182,27,N
28974,72149,72182,33,S
28983,72179,72184,5,N
28979,72165,72184,19,S
28985,72181,72186,5,S
28988,72197,72198,1,S
28991,72203,72204,1,N
28994,72213,72214,1,S
28998,72227,72228,1,N
28999,72229,72230,1,S
28986,72189,72240,51,E
28984,72180,72240,60,W
28990,72200,72240,40,E
28987,72189,72240,51,W
28993,72211,72240,29,E
28989,72198,72240,42,W
28996,72222,72242,20,E
28992,72207,72242,35,W
29000,72233,72242,9,E
28995,72216,72242,26,W
28997,72225,72242,17,W
29003,72244,72244,0,E
29001,72234,72244,10,W
29002,72243,72244,1,W
29006,72252,72252,0,W
29007,72255,72256,1,E
29009,72261,72262,1,W
29010,72266,72266,0,E
29011,72270,72270,0,W
29014,72277,72278,1,E
29015,72279,72280,1,W
29016,72288,72288,0,E
29017,72288,72288,0,W
29019,72297,72298,1,W
29005,72251,72300,49,N
29004,72245,72300,55,S
29012,72275,72302,27,N
29008,72261,72302,41,S
29020,72299,72304,5,N
29013,72277,72304,27,S
29018,72293,72306,13,S
29023,72309,72310,1,S
29027,72323,72324,1,N
29029,72325,72326,1,S
29032,72341,72342,1,S
29035,72347,72348,1,N
29038,72357,72358,1,S
29021,72299,72360,61,E
29022,72306,72360,54,W
29024,72310,72360,50,E
29025,72315,72360,45,W
29026,72321,72360,39,E
29028,72324,72360,36,W
29030,72332,72362,30,E
29031,72333,72362,29,W
29034,72343,72362,19,E
29033,72342,72362,20,W
29037,72354,72362,8,E
29036,72351,72362,11,W
29039,72360,72364,4,W
29040,72365,72366,1,E
29041,72369,72370,1,W
29044,72376,72376,0,E
29045,72378,72378,0,W
29046,72387,72388,1,E
29047,72387,72388,1,W
29050,72396,72396,0,W
29051,72398,72398,0,E
29053,72405,72406,1,W
29054,72409,72410,1,E
29055,72414,72414,0,W
29042,72371,72420,49,N
29043,72373,72420,47,S
29049,72395,72422,27,N
29048,72389,72422,33,S
29056,72419,72424,5,N
29052,72405,72424,19,S
29058,72421,72426,5,S
29062,72437,72438,1,S
29065,72443,72444,1,N
29067,72453,72454,1,S
29071,72467,72468,1,N
29073,72469,72470,1,S
29057,72420,72480,60,E
29059,72423,72480,57,W
29060,72431,72480,49,E
29061,72432,72480,48,W
29064,72442,72480,38,E
29063,72441,72480,39,W
29068,72453,72482,29,E
29066,72450,72482,32,W
29070,72464,72482,18,E
29069,72459,72482,23,W
29074,72475,72482,7,E
29072,72468,72482,14,W
29075,72477,72484,7,W
29077,72486,72486,0,E
29078,72486,72486,0,W
29080,72495,72496,1,W
29081,72497,72498,1,E
29083,72504,72504,0,W
29084,72508,72508,0,E
29085,72513,72514,1,W
29088,72519,72520,1,E
29089,72522,72522,0,W
29090,72530,72530,0,E
29091,72531,72532,1,W
29079,72491,72540,49,N
29076,72485,72540,55,S
29086,72515,72542,27,N
29082,72501,72542,41,S
29093,72539,72544,5,N
29087,72517,72544,27,S
29092,72533,72546,13,S
29096,72549,72550,1,S
29100,72563,72564,1,N
29102,72565,72566,1,S
29106,72581,72582,1,S
29109,72587,72588,1,N
29112,72597,72598,1,S
29095,72541,72600,59,E
29094,72540,72600,60,W
29098,72552,72600,48,E
29097,72549,72600,51,W
29101,72563,72600,37,E
29099,72558,72600,42,W
29104,72574,72602,28,E
29103,72567,72602,35,W
29107,72585,72602,17,E
29105,72576,72602,26,W
29111,72596,72602,6,E
29108,72585,72602,17,W
29110,72594,72604,10,W
29113,72603,72604,1,W
29114,72607,72608,1,E
29116,72612,72612,0,W
29118,72618,72618,0,E
29119,72621,72622,1,W
29121,72629,72630,1,E
29122,72630,72630,0,W
29125,72640,72640,0,E
29124,72639,72640,1,W
29127,72648,72648,0,W
29128,72651,72652,1,E
29129,72657,72658,1,W
29115,72611,72660,49,N
29117,72613,72660,47,S
29123,72635,72662,27,N
29120,72629,72662,33,S
29130,72659,72664,5,N
29126,72645,72664,19,S
29131,72661,72666,5,S
29136,72677,72678,1,S
29137,72683,72684,1,N
29140,72693,72694,1,S
29145,72707,72708,1,N
29146,72709,72710,1,S
29132,72662,72720,58,E
29133,72666,72720,54,W
29134,72673,72720,47,E
29135,72675,72720,45,W
29138,72684,72720,36,E
29139,72684,72720,36,W
29142,72695,72722,27,E
29141,72693,72722,29,W
29144,72706,72722,16,E
29143,72702,72722,20,W
29148,72717,72722,5,E
29147,72711,72722,11,W
29149,72720,72724,4,W
29151,72728,72728,0,E
29152,72729,72730,1,W
29154,72738,72738,0,W
29155,72739,72740,1,E
29157,72747,72748,1,W
29158,72750,72750,0,E
29160,72756,72756,0,W
29162,72761,72762,1,E
29163,72765,72766,1,W
29164,72772,72772,0,E
29166,72774,72774,0,W
29153,72731,72780,49,N
29150,72725,72780,55,S
29159,72755,72782,27,N
29156,72741,72782,41,S
29167,72779,72784,5,N
29161,72757,72784,27,S
29165,72773,72786,13,S
29170,72789,72790,1,S
29174,72803,72804,1,N
29175,72805,72806,1,S
29180,72821,72822,1,S
29181,72827,72828,1,N
29184,72837,72838,1,S
29168,72783,72840,57,E
29169,72783,72840,57,W
29172,72794,72840,46,E
29171,72792,72840,48,W
29176,72805,72840,35,E
29173,72801,72840,39,W
29178,72816,72842,26,E
29177,72810,72842,32,W
29182,72827,72842,15,E
29179,72819,72842,23,W
29186,72838,72842,4,E
29183,72828,72842,14,W
29185,72837,72844,7,W
29187,72846,72846,0,W
29188,72849,72850,1,E
29191,72855,72856,1,W
29192,72860,72860,0,E
29193,72864,72864,0,W
29195,72871,72872,1,E
29196,72873,72874,1,W
29198,72882,72882,0,E
29199,72882,72882,0,W
29201,72891,72892,1,W
29202,72893,72894,1,E
29189,72851,72900,49,N
29190,72853,72900,47,S
29197,72875,72902,27,N
29194,72869,72902,33,S
29203,72899,72904,5,N
29200,72885,72904,19,S
29205,72901,72906,5,S
29209,72917,72918,1,S
29211,72923,72924,1,N
29214,72933,72934,1,S
29218,72947,72948,1,N
29220,72949,72950,1,S
29206,72904,72960,56,E
29204,72900,72960,60,W
29208,72915,72960,45,E
29207,72909,72960,51,W
29212,72926,72960,34,E
29210,72918,72960,42,W
29216,72937,72962,25,E
29213,72927,72962,35,W
29219,72948,72962,14,E
29215,72936,72962,26,W
29222,72959,72962,3,E
29217,72945,72962,17,W
29221,72954,72964,10,W
29223,72963,72964,1,W
29225,72970,72970,0,E
29227,72972,72972,0,W
29229,72981,72982,1,E
29230,72981,72982,1,W
29231,72990,72990,0,W
29232,72992,72992,0,E
29235,72999,73000,1,W
29236,73003,73004,1,E
29237,73008,73008,0,W
29239,73014,73014,0,E
29240,73017,73018,1,W
29226,72971,73020,49,N
29224,72965,73020,55,S
29233,72995,73022,27,N
29228,72981,73022,41,S
29241,73019,73024,5,N
29234,72997,73024,27,S
29238,73013,73026,13,S
29244,73029,73030,1,S
29247,73043,73044,1,N
29249,73045,73046,1,S
29253,73061,73062,1,S
29255,73067,73068,1,N
29258,73077,73078,1,S
29242,73025,73080,55,E
29243,73026,73080,54,W
29246,73036,73080,44,E
29245,73035,73080,45,W
29250,73047,73080,33,E
29248,73044,73080,36,W
29252,73058,73082,24,E
29251,73053,73082,29,W
29256,73069,73082,13,E
29254,73062,73082,20,W
29259,73080,73082,2,E
29257,73071,73082,11,W
29260,73080,73084,4,W
29261,73089,73090,1,W
29263,73091,73092,1,E
29265,73098,73098,0,W
29266,73102,73102,0,E
29267,73107,73108,1,W
29269,73113,73114,1,E
29271,73116,73116,0,W
29272,73124,73124,0,E
29274,73125,73126,1,W
29275,73134,73134,0,W
29276,73135,73136,1,E
29262,73091,73140,49,N
29264,73093,73140,47,S
29270,73115,73142,27,N
29268,73109,73142,33,S
29277,73139,73144,5,N
29273,73125,73144,19,S
29278,73141,73146,5,S
29282,73157,73158,1,S
29285,73163,73164,1,N
29288,73173,73174,1,S
29291,73187,73188,1,N
29293,73189,73190,1,S
29280,73146,73200,54,E
29279,73143,73200,57,W
29283,73157,73200,43,E
29281,73152,73200,48,W
29286,73168,73200,32,E
29284,73161,73200,39,W
29289,73179,73202,23,E
29287,73170,73202,32,W
29294,73190,73202,12,E
29290,73179,73202,23,W
29296,73201,73202,1,E
29292,73188,73202,14,W
29295,73197,73204,7,W
29298,73206,73206,0,W
29300,73212,73212,0,E
29301,73215,73216,1,W
29303,73223,73224,1,E
29304,73224,73224,0,W
29306,73234,73234,0,E
29305,73233,73234,1,W
29309,73242,73242,0,W
29310,73245,73246,1,E
29311,73251,73252,1,W
29313,73256,73256,0,E
29299,73211,73260,49,N
29297,73205,73260,55,S
29307,73235,73262,27,N
29302,73221,73262,41,S
29314,73259,73264,5,N
29308,73237,73264,27,S
29312,73253,73266,13,S
29317,73269,73270,1,S
29321,73283,73284,1,N
29322,73285,73286,1,S
29327,73301,73302,1,S
29329,73307,73308,1,N
29332,73317,73318,1,S
29316,73267,73320,53,E
29315,73260,73320,60,W
29319,73278,73320,42,E
29318,73269,73320,51,W
29324,73289,73320,31,E
29320,73278,73320,42,W
29326,73300,73322,22,E
29323,73287,73322,35,W
29330,73311,73322,11,E
29325,73296,73322,26,W
29333,73322,73322,0,E
29328,73305,73322,17,W
29331,73314,73324,10,W
29334,73323,73324,1,W
29336,73332,73332,0,W
29338,73333,73334,1,E
29339,73341,73342,1,W
29340,73344,73344,0,E
29342,73350,73350,0,W
29344,73355,73356,1,E
29345,73359,73360,1,W
29347,73366,73366,0,E
29348,73368,73368,0,W
29349,73377,73378,1,E
29350,73377,73378,1,W
29335,73331,73380,49,N
29337,73333,73380,47,S
29343,73355,73382,27,N
29341,73349,73382,33,S
29351,73379,73384,5,N
29346,73365,73384,19,S
29352,73381,73386,5,S
29356,73397,73398,1,S
29358,73403,73404,1,N
29361,73413,73414,1,S
29365,73427,73428,1,N
29366,73429,73430,1,S
29354,73388,73440,52,E
29353,73386,73440,54,W
29357,73399,73440,41,E
29355,73395,73440,45,W
29360,73410,73440,30,E
29359,73404,73440,36,W
29363,73421,73442,21,E
29362,73413,73442,29,W
29368,73432,73442,10,E
29364,73422,73442,20,W
29367,73431,73442,11,W
29370,73443,73444,1,E
29369,73440,73444,4,W
29372,73449,73450,1,W
29374,73454,73454,0,E
29375,73458,73458,0,W
29377,73465,73466,1,E
29378,73467,73468,1,W
29380,73476,73476,0,E
29381,73476,73476,0,W
29383,73485,73486,1,W
29384,73487,73488,1,E
29386,73494,73494,0,W
29387,73498,73498,0,E
29373,73451,73500,49,N
29371,73445,73500,55,S
29379,73475,73502,27,N
29376,73461,73502,41,S
29388,73499,73504,5,N
29382,73477,73504,27,S
29385,73493,73506,13,S
29390,73509,73510,1,S
29395,73523,73524,1,N
29396,73525,73526,1,S
29400,73541,73542,1,S
29402,73547,73548,1,N
29405,73557,73558,1,S
29391,73509,73560,51,E
29389,73503,73560,57,W
29393,73520,73560,40,E
29392,73512,73560,48,W
29398,73531,73560,29,E
29394,73521,73560,39,W
29401,73542,73562,20,E
29397,73530,73562,32,W
29404,73553,73562,9,E
29399,73539,73562,23,W
29403,73548,73562,14,W
29407,73564,73564,0,E
29406,73557,73564,7,W
29408,73566,73566,0,W
29411,73575,73576,1,E
29412,73575,73576,1,W
29413,73584,73584,0,W
29414,73586,73586,0,E
29416,73593,73594,1,W
29418,73597,73598,1,E
29419,73602,73602,0,W
29421,73608,73608,0,E
29422,73611,73612,1,W
29409,73571,73620,49,N
29410,73573,73620,47,S
29417,73595,73622,27,N
29415,73589,73622,33,S
29423,73619,73624,5,N
29420,73605,73624,19,S
29426,73621,73626,5,S
29429,73637,73638,1,S
29432,73643,73644,1,N
29435,73653,73654,1,S
29439,73667,73668,1,N
29440,73669,73670,1,S
29424,73619,73680,61,E
29425,73620,73680,60,W
29428,73630,73680,50,E
29427,73629,73680,51,W
29431,73641,73680,39,E
29430,73638,73680,42,W
29434,73652,73682,30,E
29433,73647,73682,35,W
29437,73663,73682,19,E
29436,73656,73682,26,W
29441,73674,73682,8,E
29438,73665,73682,17,W
29442,73674,73684,10,W
29443,73683,73684,1,W
29445,73685,73686,1,E
29447,73692,73692,0,W
29448,73696,73696,0,E
29450,73701,73702,1,W
29451,73707,73708,1,E
29452,73710,73710,0,W
29455,73718,73718,0,E
29456,73719,73720,1,W
29457,73728,73728,0,W
29458,73729,73730,1,E
29460,73737,73738,1,W
29446,73691,73740,49,N
29444,73685,73740,55,S
29453,73715,73742,27,N
29449,73701,73742,41,S
29461,73739,73744,5,N
29454,73717,73744,27,S
29459,73733,73746,13,S
29464,73749,73750,1,S
29468,73763,73764,1,N
29470,73765,73766,1,S
29473,73781,73782,1,S
29476,73787,73788,1,N
29479,73797,73798,1,S
29462,73740,73800,60,E
29463,73746,73800,54,W
29465,73751,73800,49,E
29466,73755,73800,45,W
29467,73762,73800,38,E
29469,73764,73800,36,W
29471,73773,73802,29,E
29472,73773,73802,29,W
29475,73784,73802,18,E
29474,73782,73802,20,W
29478,73795,73802,7,E
29477,73791,73802,11,W
29480,73800,73804,4,W
29481,73806,73806,0,E
29482,73809,73810,1,W
29485,73817,73818,1,E
29486,73818,73818,0,W
29488,73828,73828,0,E
29487,73827,73828,1,W
29491,73836,73836,0,W
29492,73839,73840,1,E
29494,73845,73846,1,W
29495,73850,73850,0,E
29496,73854,73854,0,W
29483,73811,73860,49,N
29484,73813,73860,47,S
29490,73835,73862,27,N
29489,73829,73862,33,S
29497,73859,73864,5,N
29493,73845,73864,19,S
29498,73861,73866,5,S
29503,73877,73878,1,S
29505,73883,73884,1,N
29508,73893,73894,1,S
29512,73907,73908,1,N
29514,73909,73910,1,S
29499,73861,73920,59,E
29500,73863,73920,57,W
29501,73872,73920,48,E
29502,73872,73920,48,W
29506,73883,73920,37,E
29504,73881,73920,39,W
29509,73894,73922,28,E
29507,73890,73922,32,W
29511,73905,73922,17,E
29510,73899,73922,23,W
29515,73916,73922,6,E
29513,73908,73922,14,W
29516,73917,73924,7,W
29518,73926,73926,0,W
29519,73927,73928,1,E
29521,73935,73936,1,W
29522,73938,73938,0,E
29524,73944,73944,0,W
29525,73949,73950,1,E
29526,73953,73954,1,W
29529,73960,73960,0,E
29530,73962,73962,0,W
29531,73971,73972,1,E
29532,73971,73972,1,W
29520,73931,73980,49,N
29517,73925,73980,55,S
29527,73955,73982,27,N
29523,73941,73982,41,S
29534,73979,73984,5,N
29528,73957,73984,27,S
29533,73973,73986,13,S
29537,73989,73990,1,S
29541,74003,74004,1,N
29543,74005,74006,1,S
29547,74021,74022,1,S
29550,74027,74028,1,N
29552,74037,74038,1,S
29536,73982,74040,58,E
29535,73980,74040,60,W
29539,73993,74040,47,E
29538,73989,74040,51,W
29542,74004,74040,36,E
29540,73998,74040,42,W
29545,74015,74042,27,E
29544,74007,74042,35,W
29549,74026,74042,16,E
29546,74016,74042,26,W
29553,74037,74042,5,E
29548,74025,74042,17,W
29551,74034,74044,10,W
29554,74043,74044,1,W
29555,74048,74048,0,E
29557,74052,74052,0,W
29559,74059,74060,1,E
29560,74061,74062,1,W
29562,74070,74070,0,E
29563,74070,74070,0,W
29565,74079,74080,1,W
29566,74081,74082,1,E
29568,74088,74088,0,W
29569,74092,74092,0,E
29570,74097,74098,1,W
29556,74051,74100,49,N
29558,74053,74100,47,S
29564,74075,74102,27,N
29561,74069,74102,33,S
29571,74099,74104,5,N
29567,74085,74104,19,S
29572,74101,74106,5,S
29577,74117,74118,1,S
29578,74123,74124,1,N
29581,74133,74134,1,S
29585,74147,74148,1,N
29587,74149,74150,1,S
29573,74103,74160,57,E
29574,74106,74160,54,W
29575,74114,74160,46,E
29576,74115,74160,45,W
29580,74125,74160,35,E
29579,74124,74160,36,W
29583,74136,74162,26,E
29582,74133,74162,29,W
29586,74147,74162,15,E
29584,74142,74162,20,W
29589,74158,74162,4,E
29588,74151,74162,11,W
29590,74160,74164,4,W
29592,74169,74170,1,E
29593,74169,74170,1,W
29595,74178,74178,0,W
29596,74180,74180,0,E
29598,74187,74188,1,W
29599,74191,74192,1,E
29601,74196,74196,0,W
29603,74202,74202,0,E
29604,74205,74206,1,W
29606,74213,74214,1,E
29607,74214,74214,0,W
29594,74171,74220,49,N
29591,74165,74220,55,S
29600,74195,74222,27,N
29597,74181,74222,41,S
29608,74219,74224,5,N
29602,74197,74224,27,S
29605,74213,74226,13,S
29611,74229,74230,1,S
29615,74243,74244,1,N
29616,74245,74246,1,S
29621,74261,74262,1,S
29622,74267,74268,1,N
29625,74277,74278,1,S
29610,74224,74280,56,E
29609,74223,74280,57,W
29613,74235,74280,45,E
29612,74232,74280,48,W
29617,74246,74280,34,E
29614,74241,74280,39,W
29619,74257,74282,25,E
29618,74250,74282,32,W
29623,74268,74282,14,E
29620,74259,74282,23,W
29627,74279,74282,3,E
29624,74268,74282,14,W
29626,74277,74284,7,W
29628,74286,74286,0,W
29629,74290,74290,0,E
29632,74295,74296,1,W
29633,74301,74302,1,E
29634,74304,74304,0,W
29636,74312,74312,0,E
29637,74313,74314,1,W
29639,74322,74322,0,W
29640,74323,74324,1,E
29642,74331,74332,1,W
29643,74334,74334,0,E
29630,74291,74340,49,N
29631,74293,74340,47,S
29638,74315,74342,27,N
29635,74309,74342,33,S
29644,74339,74344,5,N
29641,74325,74344,19,S
29646,74341,74346,5,S
29650,74357,74358,1,S
29652,74363,74364,1,N
29655,74373,74374,1,S
29659,74387,74388,1,N
29660,74389,74390,1,S
29647,74345,74400,55,E
29645,74340,74400,60,W
29649,74356,74400,44,E
29648,74349,74400,51,W
29653,74367,74400,33,E
29651,74358,74400,42,W
29657,74378,74402,24,E
29654,74367,74402,35,W
29661,74389,74402,13,E
29656,74376,74402,26,W
29663,74400,74402,2,E
29658,74385,74402,17,W
29662,74394,74404,10,W
29664,74403,74404,1,W
29667,74411,74412,1,E
29668,74412,74412,0,W
29671,74422,74422,0,E
29670,74421,74422,1,W
29672,74430,74430,0,W
29673,74433,74434,1,E
29676,74439,74440,1,W
29677,74444,74444,0,E
29678,74448,74448,0,W
29680,74455,74456,1,E
29681,74457,74458,1,W
29666,74411,74460,49,N
29665,74405,74460,55,S
29674,74435,74462,27,N
29669,74421,74462,41,S
29682,74459,74464,5,N
29675,74437,74464,27,S
29679,74453,74466,13,S
29685,74469,74470,1,S
29688,74483,74484,1,N
29690,74485,74486,1,S
29694,74501,74502,1,S
29696,74507,74508,1,N
29699,74517,74518,1,S
29683,74466,74520,54,E
29684,74466,74520,54,W
29687,74477,74520,43,E
29686,74475,74520,45,W
29691,74488,74520,32,E
29689,74484,74520,36,W
29693,74499,74522,23,E
29692,74493,74522,29,W
29697,74510,74522,12,E
29695,74502,74522,20,W
29701,74521,74522,1,E
29698,74511,74522,11,W
29700,74520,74524,4,W
29702,74529,74530,1,W
29704,74532,74532,0,E
29706,74538,74538,0,W
29707,74543,74544,1,E
29708,74547,74548,1,W
29710,74554,74554,0,E
29712,74556,74556,0,W
29714,74565,74566,1,E
29715,74565,74566,1,W
29716,74574,74574,0,W
29717,74576,74576,0,E
29703,74531,74580,49,N
29705,74533,74580,47,S
29711,74555,74582,27,N
29709,74549,74582,33,S
29718,74579,74584,5,N
29713,74565,74584,19,S
29719,74581,74586,5,S
29723,74597,74598,1,S
29726,74603,74604,1,N
29729,74613,74614,1,S
29732,74627,74628,1,N
29734,74629,74630,1,S
29721,74587,74640,53,E
29720,74583,74640,57,W
29724,74598,74640,42,E
29722,74592,74640,48,W
29727,74609,74640,31,E
29725,74601,74640,39,W
29731,74620,74642,22,E
29728,74610,74642,32,W
29735,74631,74642,11,E
29730,74619,74642,23,W
29737,74642,74642,0,E
29733,74628,74642,14,W
29736,74637,74644,7,W
29739,74646,74646,0,W
29741,74653,74654,1,E
29742,74655,74656,1,W
29744,74664,74664,0,E
29745,74664,74664,0,W
29746,74673,74674,1,W
29748,74675,74676,1,E
29750,74682,74682,0,W
29751,74686,74686,0,E
29752,74691,74692,1,W
29754,74697,74698,1,E
29740,74651,74700,49,N
29738,74645,74700,55,S
29747,74675,74702,27,N
29743,74661,74702,41,S
29755,74699,74704,5,N
29749,74677,74704,27,S
29753,74693,74706,13,S
29758,74709,74710,1,S
29762,74723,74724,1,N
29763,74725,74726,1,S
29767,74741,74742,1,S
29770,74747,74748,1,N
29773,74757,74758,1,S
29757,74708,74760,52,E
29756,74700,74760,60,W
29761,74719,74760,41,E
29759,74709,74760,51,W
29765,74730,74760,30,E
29760,74718,74760,42,W
29768,74741,74762,21,E
29764,74727,74762,35,W
29771,74752,74762,10,E
29766,74736,74762,26,W
29769,74745,74762,17,W
29774,74763,74764,1,E
29772,74754,74764,10,W
29775,74763,74764,1,W
29777,74772,74772,0,W
29779,74774,74774,0,E
29780,74781,74782,1,W
29781,74785,74786,1,E
29783,74790,74790,0,W
29785,74796,74796,0,E
29786,74799,74800,1,W
29788,74807,74808,1,E
29789,74808,74808,0,W
29791,74818,74818,0,E
29790,74817,74818,1,W
29776,74771,74820,49,N
29778,74773,74820,47,S
29784,74795,74822,27,N
29782,74789,74822,33,S
29792,74819,74824,5,N
29787,74805,74824,19,S
29793,74821,74826,5,S
29797,74837,74838,1,S
29799,74843,74844,1,N
29802,74853,74854,1,S
29806,74867,74868,1,N
29807,74869,74870,1,S
29795,74829,74880,51,E
29794,74826,74880,54,W
29798,74840,74880,40,E
29796,74835,74880,45,W
29801,74851,74880,29,E
29800,74844,74880,36,W
29804,74862,74882,20,E
29803,74853,74882,29,W
29809,74873,74882,9,E
29805,74862,74882,20,W
29808,74871,74882,11,W
29811,74884,74884,0,E
29810,74880,74884,4,W
29813,74889,74890,1,W
29815,74895,74896,1,E
29816,74898,74898,0,W
29818,74906,74906,0,E
29819,74907,74908,1,W
29821,74916,74916,0,W
29823,74917,74918,1,E
29824,74925,74926,1,W
29825,74928,74928,0,E
29827,74934,74934,0,W
29814,74891,74940,49,N
29812,74885,74940,55,S
29820,74915,74942,27,N
29817,74901,74942,41,S
29828,74939,74944,5,N
29822,74917,74944,27,S
29826,74933,74946,13,S
29831,74949,74950,1,S
29836,74963,74964,1,N
29837,74965,74966,1,S
29841,74981,74982,1,S
29843,74987,74988,1,N
29846,74997,74998,1,S
29829,74939,75000,61,E
29830,74943,75000,57,W
29832,74950,75000,50,E
29833,74952,75000,48,W
29834,74961,75000,39,E
29835,74961,75000,39,W
29839,74972,75002,30,E
29838,74970,75002,32,W
29842,74983,75002,19,E
29840,74979,75002,23,W
29845,74994,75002,8,E
29844,74988,75002,14,W
29847,74997,75004,7,W
29848,75005,75006,1,E
29849,75006,75006,0,W
29853,75016,75016,0,E
29852,75015,75016,1,W
29854,75024,75024,0,W
29855,75027,75028,1,E
29857,75033,75034,1,W
29859,75038,75038,0,E
29860,75042,75042,0,W
29862,75049,75050,1,E
29863,75051,75052,1,W
29850,75011,75060,49,N
29851,75013,75060,47,S
29858,75035,75062,27,N
29856,75029,75062,33,S
29864,75059,75064,5,N
29861,75045,75064,19,S
29867,75061,75066,5,S
29870,75077,75078,1,S
29873,75083,75084,1,N
29875,75093,75094,1,S
29880,75107,75108,1,N
29881,75109,75110,1,S
29865,75060,75120,60,E
29866,75060,75120,60,W
29869,75071,75120,49,E
29868,75069,75120,51,W
29872,75082,75120,38,E
29871,75078,75120,42,W
29876,75093,75122,29,E
29874,75087,75122,35,W
29878,75104,75122,18,E
29877,75096,75122,26,W
29883,75115,75122,7,E
29879,75105,75122,17,W
29882,75114,75124,10,W
29884,75123,75124,1,W
29886,75126,75126,0,E
29888,75132,75132,0,W
29889,75137,75138,1,E
29891,75141,75142,1,W
29892,75148,75148,0,E
29893,75150,75150,0,W
29896,75159,75160,1,E
29897,75159,75160,1,W
29898,75168,75168,0,W
29899,75170,75170,0,E
29901,75177,75178,1,W
29887,75131,75180,49,N
29885,75125,75180,55,S
29894,75155,75182,27,N
29890,75141,75182,41,S
29902,75179,75184,5,N
29895,75157,75184,27,S
29900,75173,75186,13,S
29905,75189,75190,1,S
29908,75203,75204,1,N
29911,75205,75206,1,S
29914,75221,75222,1,S
29917,75227,75228,1,N
29920,75237,75238,1,S
29903,75181,75240,59,E
29904,75186,75240,54,W
29906,75192,75240,48,E
29907,75195,75240,45,W
29909,75203,75240,37,E
29910,75204,75240,36,W
29913,75214,75242,28,E
29912,75213,75242,29,W
29916,75225,75242,17,E
29915,75222,75242,20,W
29919,75236,75242,6,E
29918,75231,75242,11,W
29921,75240,75244,4,W
29922,75247,75248,1,E
29923,75249,75250,1,W
29926,75258,75258,0,E
29927,75258,75258,0,W
29928,75267,75268,1,W
29930,75269,75270,1,E
29932,75276,75276,0,W
29933,75280,75280,0,E
29935,75285,75286,1,W
29936,75291,75292,1,E
29937,75294,75294,0,W
29924,75251,75300,49,N
29925,75253,75300,47,S
29931,75275,75302,27,N
29929,75269,75302,33,S
29938,75299,75304,5,N
29934,75285,75304,19,S
29939,75301,75306,5,S
29944,75317,75318,1,S
29946,75323,75324,1,N
29949,75333,75334,1,S
29953,75347,75348,1,N
29955,75349,75350,1,S
29940,75302,75360,58,E
29941,75303,75360,57,W
29943,75313,75360,47,E
29942,75312,75360,48,W
29947,75324,75360,36,E
29945,75321,75360,39,W
29950,75335,75362,27,E
29948,75330,75362,32,W
29952,75346,75362,16,E
29951,75339,75362,23,W
29956,75357,75362,5,E
29954,75348,75362,14,W
29957,75357,75364,7,W
29959,75366,75366,0,W
29960,75368,75368,0,E
29962,75375,75376,1,W
29963,75379,75380,1,E
29965,75384,75384,0,W
29966,75390,75390,0,E
29967,75393,75394,1,W
29970,75401,75402,1,E
29971,75402,75402,0,W
29973,75412,75412,0,E
29972,75411,75412,1,W
29961,75371,75420,49,N
29958,75365,75420,55,S
29968,75395,75422,27,N
29964,75381,75422,41,S
29975,75419,75424,5,N
29969,75397,75424,27,S
29974,75413,75426,13,S
29978,75429,75430,1,S
29982,75443,75444,1,N
29983,75445,75446,1,S
29988,75461,75462,1,S
29990,75467,75468,1,N
29993,75477,75478,1,S
29977,75423,75480,57,E
29976,75420,75480,60,W
29980,75434,75480,46,E
29979,75429,75480,51,W
29984,75445,75480,35,E
29981,75438,75480,42,W
29986,75456,75482,26,E
29985,75447,75482,35,W
29991,75467,75482,15,E
29987,75456,75482,26,W
29994,75478,75482,4,E
29989,75465,75482,17,W
29992,75474,75484,10,W
29995,75483,75484,1,W
29996,75489,75490,1,E
29998,75492,75492,0,W
30000,75500,75500,0,E
30001,75501,75502,1,W
30003,75510,75510,0,W
30004,75511,75512,1,E
30006,75519,75520,1,W
30007,75522,75522,0,E
30009,75528,75528,0,W
30010,75533,75534,1,E
30011,75537,75538,1,W
29997,75491,75540,49,N
29999,75493,75540,47,S
30005,75515,75542,27,N
30002,75509,75542,33,S
30012,75539,75544,5,N
30008,75525,75544,19,S
30013,75541,75546,5,S
30018,75557,75558,1,S
30019,75563,75564,1,N
30022,75573,75574,1,S
30026,75587,75588,1,N
30028,75589,75590,1,S
30014,75544,75600,56,E
30015,75546,75600,54,W
30016,75555,75600,45,E
30017,75555,75600,45,W
30021,75566,75600,34,E
30020,75564,75600,36,W
30024,75577,75602,25,E
30023,75573,75602,29,W
30027,75588,75602,14,E
30025,75582,75602,20,W
30030,75599,75602,3,E
30029,75591,75602,11,W
30031,75600,75604,4,W
30033,75610,75610,0,E
30035,75611,75612,1,W
30036,75622,75622,0,W
30038,75624,75624,0,E
30039,75633,75634,1,W
30040,75638,75638,0,E
30043,75644,75644,0,W
30044,75652,75652,0,E
30045,75655,75656,1,W
30034,75611,75660,49,N
30032,75605,75660,55,S
30041,75640,75662,22,N
30037,75624,75662,38,S
30042,75643,75664,21,S
30046,75662,75666,4,S
30049,75669,75670,1,N
30052,75681,75682,1,S
30055,75698,75698,0,N
30057,75700,75700,0,S
30047,75666,75720,54,E
30048,75666,75720,54,W
30051,75680,75720,40,E
30050,75677,75720,43,W
30054,75694,75720,26,E
30053,75688,75720,32,W
30058,75708,75722,14,E
30056,75699,75722,23,W
30062,75722,75722,0,E
30059,75710,75722,12,W
30061,75721,75722,1,W
30064,75732,75732,0,W
30065,75736,75736,0,E
30067,75743,75744,1,W
30068,75750,75750,0,E
30069,75754,75754,0,W
30072,75764,75764,0,E
30073,75765,75766,1,W
30075,75776,75776,0,W
30076,75778,75778,0,E
30063,75727,75780,53,N
30060,75719,75780,61,S
30070,75756,75782,26,N
30066,75738,75782,44,S
30071,75757,75784,27,S
30077,75785,75786,1,N
30074,75776,75786,10,S
30080,75795,75796,1,S
30084,75814,75814,0,N
30085,75814,75814,0,S
30089,75833,75834,1,S
30079,75792,75840,48,E
30078,75787,75840,53,W
30082,75806,75840,34,E
30081,75798,75840,42,W
30086,75820,75840,20,E
30083,75809,75840,31,W
30090,75834,75842,8,E
30087,75820,75842,22,W
30088,75831,75842,11,W
30091,75842,75842,0,W
30093,75848,75848,0,E
30095,75853,75854,1,W
30096,75862,75862,0,E
30097,75864,75864,0,W
30101,75876,75876,0,E
30100,75875,75876,1,W
30102,75886,75886,0,W
30104,75890,75890,0,E
30105,75897,75898,1,W
30092,75843,75900,57,N
30094,75852,75900,48,S
30099,75872,75902,30,N
30098,75871,75902,31,S
30106,75901,75904,3,N
30103,75890,75904,14,S
30109,75909,75910,1,S
30112,75928,75928,0,S
30113,75930,75930,0,N
30118,75947,75948,1,S
30107,75904,75960,56,E
30108,75908,75960,52,W
30110,75918,75960,42,E
30111,75919,75960,41,W
30115,75932,75960,28,E
30114,75930,75960,30,W
30117,75946,75962,16,E
30116,75941,75962,21,W
30121,75960,75962,2,E
30119,75952,75962,10,W
30122,75963,75964,1,W
30124,75974,75974,0,E
30125,75974,75974,0,W
30127,75985,75986,1,W
30129,75988,75988,0,E
30130,75996,75996,0,W
30131,76002,76002,0,E
30133,76007,76008,1,W
30134,76016,76016,0,E
30136,76018,76018,0,W
30120,75959,76020,61,N
30123,75966,76020,54,S
30128,75988,76022,34,N
30126,75985,76022,37,S
30135,76017,76024,7,N
30132,76004,76024,20,S
30137,76023,76026,3,S
30141,76042,76042,0,S
30143,76046,76046,0,N
30146,76061,76062,1,S
30150,76075,76076,1,N
30139,76030,76080,50,E
30138,76029,76080,51,W
30142,76044,76080,36,E
30140,76040,76080,40,W
30145,76058,76080,22,E
30144,76051,76080,29,W
30148,76072,76082,10,E
30147,76062,76082,20,W
30149,76073,76082,9,W
30152,76084,76084,0,W
30153,76086,76086,0,E
30154,76095,76096,1,W
30156,76100,76100,0,E
30158,76106,76106,0,W
30159,76114,76114,0,E
30160,76117,76118,1,W
30162,76128,76128,0,E
30163,76128,76128,0,W
30157,76104,76140,36,N
30151,76080,76140,60,S
30164,76133,76142,9,N
30155,76099,76142,43,S
30161,76118,76144,26,S
30165,76137,76146,9,S
30169,76156,76156,0,S
30172,76162,76162,0,N
30175,76175,76176,1,S
30178,76191,76192,1,N
30179,76194,76194,0,S
30167,76142,76200,58,E
30166,76139,76200,61,W
30170,76156,76200,44,E
30168,76150,76200,50,W
30173,76170,76200,30,E
30171,76161,76200,39,W
30177,76184,76202,18,E
30174,76172,76202,30,W
30181,76198,76202,4,E
30176,76183,76202,19,W
30180,76194,76202,8,W
30182,76205,76206,1,W
30183,76212,76212,0,E
30185,76216,76216,0,W
30187,76226,76226,0,E
30188,76227,76228,1,W
30190,76238,76238,0,W
30191,76240,76240,0,E
30193,76249,76250,1,W
30195,76254,76254,0,E
30186,76220,76260,40,N
30184,76213,76260,47,S
30192,76249,76262,13,N
30189,76232,76262,30,S
30194,76251,76264,13,S
30198,76270,76270,0,S
30200,76278,76278,0,N
30203,76289,76290,1,S
30207,76307,76308,1,N
30208,76308,76308,0,S
30197,76268,76320,52,E
30196,76260,76320,60,W
30201,76282,76320,38,E
30199,76271,76320,49,W
30205,76296,76320,24,E
30202,76282,76320,38,W
30209,76310,76322,12,E
30204,76293,76322,29,W
30206,76304,76322,18,W
30210,76315,76322,7,W
30211,76324,76324,0,E
30212,76326,76326,0,W
30216,76338,76338,0,E
30215,76337,76338,1,W
30218,76348,76348,0,W
30219,76352,76352,0,E
30220,76359,76360,1,W
30223,76366,76366,0,E
30224,76370,76370,0,W
30214,76336,76380,44,N
30213,76327,76380,53,S
30221,76365,76382,17,N
30217,76346,76382,36,S
30222,76365,76384,19,S
30227,76384,76386,2,S
30229,76394,76394,0,N
30231,76403,76404,1,S
30235,76422,76422,0,S
30237,76423,76424,1,N
30225,76380,76440,60,E
30226,76381,76440,59,W
30230,76394,76440,46,E
30228,76392,76440,48,W
30233,76408,76440,32,E
30232,76403,76440,37,W
30236,76422,76442,20,E
30234,76414,76442,28,W
30239,76436,76442,6,E
30238,76425,76442,17,W
30240,76436,76442,6,W
30242,76447,76448,1,W
30243,76450,76450,0,E
30245,76458,76458,0,W
30247,76464,76464,0,E
30248,76469,76470,1,W
30249,76478,76478,0,E
30251,76480,76480,0,W
30254,76492,76492,0,E
30253,76491,76492,1,W
30244,76452,76500,48,N
30241,76441,76500,59,S
30252,76481,76502,21,N
30246,76460,76502,42,S
30250,76479,76504,25,S
30255,76498,76506,8,S
30258,76510,76510,0,N
30260,76517,76518,1,S
30265,76536,76536,0,S
30266,76539,76540,1,N
30269,76555,76556,1,S
30257,76506,76560,54,E
30256,76502,76560,58,W
30261,76520,76560,40,E
30259,76513,76560,47,W
30263,76534,76560,26,E
30262,76524,76560,36,W
30268,76548,76562,14,E
30264,76535,76562,27,W
30271,76562,76562,0,E
30267,76546,76562,16,W
30270,76557,76562,5,W
30273,76568,76568,0,W
30275,76576,76576,0,E
30276,76579,76580,1,W
30277,76590,76590,0,E
30278,76590,76590,0,W
30281,76601,76602,1,W
30282,76604,76604,0,E
30284,76612,76612,0,W
30285,76618,76618,0,E
30272,76568,76620,52,N
30274,76574,76620,46,S
30280,76597,76622,25,N
30279,76593,76622,29,S
30283,76612,76624,12,S
30287,76626,76626,0,N
30288,76631,76632,1,S
30293,76650,76650,0,S
30294,76655,76656,1,N
30298,76669,76670,1,S
30289,76632,76680,48,E
30286,76623,76680,57,W
30292,76646,76680,34,E
30290,76634,76680,46,W
30296,76660,76680,20,E
30291,76645,76680,35,W
30299,76674,76682,8,E
30295,76656,76682,26,W
30297,76667,76682,15,W
30300,76678,76682,4,W
30303,76688,76688,0,E
30304,76689,76690,1,W
30305,76700,76700,0,W
30306,76702,76702,0,E
30308,76711,76712,1,W
30310,76716,76716,0,E
30311,76722,76722,0,W
30313,76730,76730,0,E
30314,76733,76734,1,W
30301,76684,76740,56,N
30302,76688,76740,52,S
30309,76713,76742,29,N
30307,76707,76742,35,S
30315,76742,76744,2,N
30312,76726,76744,18,S
30318,76745,76746,1,S
30321,76764,76764,0,S
30323,76771,76772,1,N
30326,76783,76784,1,S
30316,76744,76800,56,E
30317,76744,76800,56,W
30320,76758,76800,42,E
30319,76755,76800,45,W
30324,76772,76800,28,E
30322,76766,76800,34,W
30327,76786,76802,16,E
30325,76777,76802,25,W
30331,76800,76802,2,E
30328,76788,76802,14,W
30329,76799,76802,3,W
30333,76810,76810,0,W
30334,76814,76814,0,E
30336,76821,76822,1,W
30337,76828,76828,0,E
30339,76832,76832,0,W
30341,76842,76842,0,E
30342,76843,76844,1,W
30343,76854,76854,0,W
30344,76856,76856,0,E
30330,76800,76860,60,N
30332,76802,76860,58,S
30338,76829,76862,33,N
30335,76821,76862,41,S
30345,76858,76864,6,N
30340,76840,76864,24,S
30346,76859,76866,7,S
30350,76878,76878,0,S
30352,76887,76888,1,N
30354,76897,76898,1,S
30359,76916,76916,0,N
30360,76916,76916,0,S
30348,76870,76920,50,E
30347,76865,76920,55,W
30351,76884,76920,36,E
30349,76876,76920,44,W
30355,76898,76920,22,E
30353,76887,76920,33,W
30358,76912,76922,10,E
30356,76898,76922,24,W
30357,76909,76922,13,W
30361,76920,76922,2,W
30362,76926,76926,0,E
30363,76931,76932,1,W
30365,76940,76940,0,E
30366,76942,76942,0,W
30370,76954,76954,0,E
30368,76953,76954,1,W
30371,76964,76964,0,W
30372,76968,76968,0,E
30375,76975,76976,1,W
30367,76945,76980,35,N
30364,76935,76980,45,S
30374,76974,76982,8,N
30369,76954,76982,28,S
30373,76973,76984,11,S
30378,76992,76992,0,S
30381,77003,77004,1,N
30384,77011,77012,1,S
30387,77030,77030,0,S
30389,77032,77032,0,N
30376,76982,77040,58,E
30377,76986,77040,54,W
30379,76996,77040,44,E
30380,76997,77040,43,W
30383,77010,77040,30,E
30382,77008,77040,32,W
30386,77024,77042,18,E
30385,77019,77042,23,W
30390,77038,77042,4,E
30388,77030,77042,12,W
30391,77041,77042,1,W
30393,77052,77052,0,E
30394,77052,77052,0,W
30396,77063,77064,1,W
30397,77066,77066,0,E
30399,77074,77074,0,W
30400,77080,77080,0,E
30401,77085,77086,1,W
30404,77094,77094,0,E
30405,77096,77096,0,W
30395,77061,77100,39,N
30392,77049,77100,51,S
30403,77090,77102,12,N
30398,77068,77102,34,S
30402,77087,77104,17,S
30406,77106,77106,0,S
30410,77119,77120,1,N
30412,77125,77126,1,S
30416,77144,77144,0,S
30417,77148,77148,0,N
30408,77108,77160,52,E
30407,77107,77160,53,W
30411,77122,77160,38,E
30409,77118,77160,42,W
30414,77136,77160,24,E
30413,77129,77160,31,W
30418,77150,77162,12,E
30415,77140,77162,22,W
30419,77151,77162,11,W
30420,77162,77162,0,W
30422,77164,77164,0,E
30423,77173,77174,1,W
30425,77178,77178,0,E
30427,77184,77184,0,W
30428,77192,77192,0,E
30429,77195,77196,1,W
30432,77206,77206,0,E
30433,77206,77206,0,W
30434,77217,77218,1,W
30424,77177,77220,43,N
30421,77163,77220,57,S
30431,77206,77222,16,N
30426,77182,77222,40,S
30430,77201,77224,23,S
30435,77220,77226,6,S
30439,77235,77236,1,N
30440,77239,77240,1,S
30444,77258,77258,0,S
30447,77264,77264,0,N
30450,77277,77278,1,S
30436,77220,77280,60,E
30437,77228,77280,52,W
30438,77234,77280,46,E
30441,77239,77280,41,W
30442,77248,77280,32,E
30443,77250,77280,30,W
30446,77262,77282,20,E
30445,77261,77282,21,W
30449,77276,77282,6,E
30448,77272,77282,10,W
30451,77283,77284,1,W
30452,77290,77290,0,E
30454,77294,77294,0,W
30456,77304,77304,0,E
30457,77305,77306,1,W
30459,77316,77316,0,W
30460,77318,77318,0,E
30462,77327,77328,1,W
30463,77332,77332,0,E
30465,77338,77338,0,W
30453,77293,77340,47,N
30455,77296,77340,44,S
30461,77322,77342,20,N
30458,77315,77342,27,S
30464,77334,77344,10,S
30468,77351,77352,1,N
30469,77353,77354,1,S
30473,77372,77372,0,S
30475,77380,77380,0,N
30478,77391,77392,1,S
30466,77346,77400,54,E
30467,77349,77400,51,W
30470,77360,77400,40,E
30471,77360,77400,40,W
30474,77374,77400,26,E
30472,77371,77400,29,W
30477,77388,77402,14,E
30476,77382,77402,20,W
30480,77402,77402,0,E
30479,77393,77402,9,W
30481,77404,77404,0,W
30485,77416,77416,0,E
30484,77415,77416,1,W
30486,77426,77426,0,W
30488,77430,77430,0,E
30489,77437,77438,1,W
30491,77444,77444,0,E
30493,77448,77448,0,W
30494,77458,77458,0,E
30482,77409,77460,51,N
30483,77410,77460,50,S
30490,77438,77462,24,N
30487,77429,77462,33,S
30492,77448,77464,16,S
30496,77467,77468,1,N
30497,77467,77468,1,S
30501,77486,77486,0,S
30504,77496,77496,0,N
30507,77505,77506,1,S
30499,77472,77520,48,E
30495,77459,77520,61,W
30502,77486,77520,34,E
30498,77470,77520,50,W
30505,77500,77520,20,E
30500,77481,77520,39,W
30508,77514,77522,8,E
30503,77492,77522,30,W
30506,77503,77522,19,W
30509,77514,77522,8,W
30512,77525,77526,1,W
30513,77528,77528,0,E
30514,77536,77536,0,W
30515,77542,77542,0,E
30517,77547,77548,1,W
30519,77556,77556,0,E
30520,77558,77558,0,W
30523,77570,77570,0,E
30522,77569,77570,1,W
30511,77525,77580,55,N
30510,77524,77580,56,S
30518,77554,77582,28,N
30516,77543,77582,39,S
30526,77583,77584,1,N
30521,77562,77584,22,S
30525,77581,77586,5,S
30530,77600,77600,0,S
30532,77612,77612,0,N
30535,77619,77620,1,S
30539,77638,77638,0,S
30527,77584,77640,56,E
30524,77580,77640,60,W
30529,77598,77640,42,E
30528,77591,77640,49,W
30533,77612,77640,28,E
30531,77602,77640,38,W
30537,77626,77642,16,E
30534,77613,77642,29,W
30540,77640,77642,2,E
30536,77624,77642,18,W
30538,77635,77642,7,W
30542,77646,77646,0,W
30543,77654,77654,0,E
30545,77657,77658,1,W
30546,77668,77668,0,E
30547,77668,77668,0,W
30550,77679,77680,1,W
30551,77682,77682,0,E
30552,77690,77690,0,W
30554,77696,77696,0,E
30541,77641,77700,59,N
30544,77657,77700,43,S
30548,77670,77702,32,N
30549,77676,77702,26,S
30555,77699,77704,5,N
30553,77695,77704,9,S
30559,77714,77714,0,S
30562,77728,77728,0,N
30563,77733,77734,1,S
30567,77752,77752,0,S
30570,77757,77758,1,N
30557,77710,77760,50,E
30556,77701,77760,59,W
30561,77724,77760,36,E
30558,77712,77760,48,W
30565,77738,77760,22,E
30560,77723,77760,37,W
30568,77752,77762,10,E
30564,77734,77762,28,W
30566,77745,77762,17,W
30569,77756,77762,6,W
30571,77766,77766,0,E
30572,77767,77768,1,W
30574,77778,77778,0,W
30575,77780,77780,0,E
30577,77789,77790,1,W
30579,77794,77794,0,E
30580,77800,77800,0,W
30581,77808,77808,0,E
30583,77811,77812,1,W
30576,77786,77820,34,N
30573,77771,77820,49,S
30584,77815,77822,7,N
30578,77790,77822,32,S
30582,77809,77824,15,S
30587,77828,77828,0,S
30590,77844,77844,0,N
30592,77847,77848,1,S
30596,77866,77866,0,S
30598,77873,77874,1,N
30585,77822,77880,58,E
30586,77822,77880,58,W
30589,77836,77880,44,E
30588,77833,77880,47,W
30593,77850,77880,30,E
30591,77844,77880,36,W
30595,77864,77882,18,E
30594,77855,77882,27,W
30600,77878,77882,4,E
30597,77866,77882,16,W
30599,77877,77882,5,W
30602,77888,77888,0,W
30603,77892,77892,0,E
30604,77899,77900,1,W
30607,77906,77906,0,E
30608,77910,77910,0,W
30609,77920,77920,0,E
30610,77921,77922,1,W
30613,77932,77932,0,W
30614,77934,77934,0,E
30605,77902,77940,38,N
30601,77885,77940,55,S
30612,77931,77942,11,N
30606,77904,77942,38,S
30611,77923,77944,21,S
30615,77942,77946,4,S
30619,77960,77960,0,N
30620,77961,77962,1,S
30625,77980,77980,0,S
30627,77989,77990,1,N
30617,77948,78000,52,E
30616,77943,78000,57,W
30621,77962,78000,38,E
30618,77954,78000,46,W
30623,77976,78000,24,E
30622,77965,78000,35,W
30628,77990,78002,12,E
30624,77976,78002,26,W
30626,77987,78002,15,W
30629,77998,78002,4,W
30631,78004,78004,0,E
30632,78009,78010,1,W
30635,78018,78018,0,E
30636,78020,78020,0,W
30638,78032,78032,0,E
30637,78031,78032,1,W
30640,78042,78042,0,W
30641,78046,78046,0,E
30643,78053,78054,1,W
30633,78018,78060,42,N
30630,77999,78060,61,S
30642,78047,78062,15,N
30634,78018,78062,44,S
30639,78037,78064,27,S
30644,78056,78066,10,S
30650,78076,78076,0,N
30648,78075,78076,1,S
30653,78094,78094,0,S
30656,78105,78106,1,N
30658,78113,78114,1,S
30645,78060,78120,60,E
30646,78064,78120,56,W
30647,78074,78120,46,E
30649,78075,78120,45,W
30652,78088,78120,32,E
30651,78086,78120,34,W
30655,78102,78122,20,E
30654,78097,78122,25,W
30659,78116,78122,6,E
30657,78108,78122,14,W
30660,78119,78122,3,W
30661,78130,78130,0,E
30662,78130,78130,0,W
30665,78141,78142,1,W
30666,78144,78144,0,E
30668,78152,78152,0,W
30669,78158,78158,0,E
30671,78163,78164,1,W
30673,78172,78172,0,E
30674,78174,78174,0,W
30664,78134,78180,46,N
30663,78132,78180,48,S
30670,78163,78182,19,N
30667,78151,78182,31,S
30672,78170,78184,14,S
30677,78189,78190,1,S
30678,78192,78192,0,N
30682,78208,78208,0,S
30685,78221,78222,1,N
30686,78227,78228,1,S
30676,78186,78240,54,E
30675,78185,78240,55,W
30680,78200,78240,40,E
30679,78196,78240,44,W
30683,78214,78240,26,E
30681,78207,78240,33,W
30687,78228,78242,14,E
30684,78218,78242,24,W
30690,78242,78242,0,E
30688,78229,78242,13,W
30689,78240,78242,2,W
30693,78251,78252,1,W
30694,78256,78256,0,E
30695,78262,78262,0,W
30697,78270,78270,0,E
30698,78273,78274,1,W
30701,78284,78284,0,E
30702,78284,78284,0,W
30703,78295,78296,1,W
30704,78298,78298,0,E
30692,78250,78300,50,N
30691,78246,78300,54,S
30699,78279,78302,23,N
30696,78265,78302,37,S
30700,78284,78304,20,S
30705,78303,78306,3,S
30707,78308,78308,0,N
30710,78322,78322,0,S
30713,78337,78338,1,N
30716,78341,78342,1,S
30708,78312,78360,48,E
30706,78306,78360,54,W
30711,78326,78360,34,E
30709,78317,78360,43,W
30715,78340,78360,20,E
30712,78328,78360,32,W
30718,78354,78362,8,E
30714,78339,78362,23,W
30717,78350,78362,12,W
30720,78361,78362,1,W
30722,78368,78368,0,E
30723,78372,78372,0,W
30725,78382,78382,0,E
30726,78383,78384,1,W
30727,78394,78394,0,W
30729,78396,78396,0,E
30731,78405,78406,1,W
30732,78410,78410,0,E
30733,78416,78416,0,W
30721,78366,78420,54,N
30719,78360,78420,60,S
30728,78395,78422,27,N
30724,78379,78422,43,S
30735,78424,78424,0,N
30730,78398,78424,26,S
30734,78417,78426,9,S
30738,78436,78436,0,S
30743,78453,78454,1,N
30744,78455,78456,1,S
30748,78474,78474,0,S
30736,78424,78480,56,E
30737,78427,78480,53,W
30739,78438,78480,42,E
30740,78438,78480,42,W
30742,78452,78480,28,E
30741,78449,78480,31,W
30746,78466,78482,16,E
30745,78460,78482,22,W
30749,78480,78482,2,E
30747,78471,78482,11,W
30751,78482,78482,0,W
30754,78494,78494,0,E
30753,78493,78494,1,W
30755,78504,78504,0,W
30756,78508,78508,0,E
30759,78515,78516,1,W
30760,78522,78522,0,E
30761,78526,78526,0,W
30763,78536,78536,0,E
30764,78537,78538,1,W
30750,78482,78540,58,N
30752,78493,78540,47,S
30757,78511,78542,31,N
30758,78512,78542,30,S
30765,78540,78544,4,N
30762,78531,78544,13,S
30767,78550,78550,0,S
30771,78569,78570,1,N
30772,78569,78570,1,S
30776,78588,78588,0,S
30779,78598,78598,0,N
30768,78550,78600,50,E
30766,78548,78600,52,W
30770,78564,78600,36,E
30769,78559,78600,41,W
30774,78578,78600,22,E
30773,78570,78600,30,W
30777,78592,78602,10,E
30775,78581,78602,21,W
30778,78592,78602,10,W
30780,78603,78604,1,W
30781,78606,78606,0,E
30783,78614,78614,0,W
30784,78620,78620,0,E
30785,78625,78626,1,W
30788,78634,78634,0,E
30789,78636,78636,0,W
30792,78648,78648,0,E
30791,78647,78648,1,W
30794,78658,78658,0,W
30787,78627,78660,33,N
30782,78607,78660,53,S
30793,78656,78662,6,N
30786,78626,78662,36,S
30790,78645,78664,19,S
30796,78664,78666,2,S
30800,78683,78684,1,S
30801,78685,78686,1,N
30804,78702,78702,0,S
30808,78714,78714,0,N
30795,78662,78720,58,E
30797,78669,78720,51,W
30798,78676,78720,44,E
30799,78680,78720,40,W
30802,78690,78720,30,E
30803,78691,78720,29,W
30806,78704,78722,18,E
30805,78702,78722,20,W
30809,78718,78722,4,E
30807,78713,78722,9,W
30811,78724,78724,0,W
30812,78732,78732,0,E
30813,78735,78736,1,W
30816,78746,78746,0,E
30817,78746,78746,0,W
30818,78757,78758,1,W
30820,78760,78760,0,E
30821,78768,78768,0,W
30823,78774,78774,0,E
30815,78743,78780,37,N
30810,78721,78780,59,S
30822,78772,78782,10,N
30814,78740,78782,42,S
30819,78759,78784,25,S
30824,78778,78786,8,S
30828,78797,78798,1,S
30829,78801,78802,1,N
30833,78816,78816,0,S
30836,78830,78830,0,N
30839,78835,78836,1,S
30826,78788,78840,52,E
30825,78779,78840,61,W
30831,78802,78840,38,E
30827,78790,78840,50,W
30834,78816,78840,24,E
30830,78801,78840,39,W
30837,78830,78842,12,E
30832,78812,78842,30,W
30835,78823,78842,19,W
30838,78834,78842,8,W
30840,78844,78844,0,E
30841,78845,78846,1,W
30843,78856,78856,0,W
30844,78858,78858,0,E
30846,78867,78868,1,W
30847,78872,78872,0,E
30849,78878,78878,0,W
30850,78886,78886,0,E
30852,78889,78890,1,W
30845,78859,78900,41,N
30842,78854,78900,46,S
30851,78888,78902,14,N
30848,78873,78902,29,S
30853,78892,78904,12,S
30856,78911,78912,1,S
30859,78917,78918,1,N
30862,78930,78930,0,S
30866,78946,78946,0,N
30867,78949,78950,1,S
30854,78900,78960,60,E
30855,78900,78960,60,W
30858,78914,78960,46,E
30857,78911,78960,49,W
30861,78928,78960,32,E
30860,78922,78960,38,W
30864,78942,78962,20,E
30863,78933,78962,29,W
30869,78956,78962,6,E
30865,78944,78962,18,W
30868,78955,78962,7,W
30870,78966,78966,0,W
30872,78970,78970,0,E
30874,78977,78978,1,W
30875,78984,78984,0,E
30877,78988,78988,0,W
30878,78998,78998,0,E
30879,78999,79000,1,W
30882,79010,79010,0,W
30883,79012,79012,0,E
30873,78975,79020,45,N
30871,78968,79020,52,S
30880,79004,79022,18,N
30876,78987,79022,35,S
30881,79006,79024,18,S
30885,79025,79026,1,S
30888,79033,79034,1,N
30891,79044,79044,0,S
30894,79062,79062,0,N
30895,79063,79064,1,S
30886,79026,79080,54,E
30884,79021,79080,59,W
30889,79040,79080,40,E
30887,79032,79080,48,W
30892,79054,79080,26,E
30890,79043,79080,37,W
30897,79068,79082,14,E
30893,79054,79082,28,W
30900,79082,79082,0,E
30896,79065,79082,17,W
30898,79076,79082,6,W
30901,79087,79088,1,W
30903,79096,79096,0,E
30904,79098,79098,0,W
30907,79110,79110,0,E
30906,79109,79110,1,W
30910,79120,79120,0,W
30911,79124,79124,0,E
30912,79131,79132,1,W
30913,79138,79138,0,E
30902,79091,79140,49,N
30899,79082,79140,58,S
30908,79120,79142,22,N
30905,79101,79142,41,S
30909,79120,79144,24,S
30914,79139,79146,7,S
30916,79149,79150,1,N
30919,79158,79158,0,S
30924,79178,79178,0,N
30923,79177,79178,1,S
30928,79196,79196,0,S
30917,79152,79200,48,E
30915,79142,79200,58,W
30921,79166,79200,34,E
30918,79153,79200,47,W
30925,79180,79200,20,E
30920,79164,79200,36,W
30927,79194,79202,8,E
30922,79175,79202,27,W
30926,79186,79202,16,W
30929,79197,79202,5,W
30931,79208,79208,0,E
30932,79208,79208,0,W
30934,79223,79224,1,W
30935,79227,79228,1,E
30936,79238,79238,0,W
30938,79246,79246,0,E
30940,79253,79254,1,W
30930,79207,79260,53,N
30933,79215,79260,45,S
30939,79247,79262,15,N
30937,79241,79262,21,S
30942,79267,79268,1,S
30946,79287,79288,1,N
30947,79293,79294,1,S
30941,79265,79320,55,E
30943,79268,79320,52,W
30945,79284,79320,36,E
30944,79283,79320,37,W
30949,79303,79320,17,E
30948,79298,79320,22,W
30952,79322,79322,0,E
30950,79313,79322,9,W
30954,79328,79328,0,W
30955,79341,79342,1,E
30956,79343,79344,1,W
30958,79358,79358,0,W
30959,79360,79360,0,E
30962,79373,79374,1,W
30953,79327,79380,53,N
30951,79319,79380,61,S
30960,79367,79382,15,N
30957,79345,79382,37,S
30961,79371,79384,13,S
30965,79397,79398,1,S
30968,79407,79408,1,N
30971,79423,79424,1,S
30963,79379,79440,61,E
30964,79388,79440,52,W
30966,79398,79440,42,E
30967,79403,79440,37,W
30969,79417,79440,23,E
30970,79418,79440,22,W
30973,79436,79442,6,E
30972,79433,79442,9,W
30975,79448,79448,0,W
30977,79455,79456,1,E
30978,79463,79464,1,W
30979,79474,79474,0,E
30981,79478,79478,0,W
30983,79493,79494,1,E
30984,79493,79494,1,W
30974,79447,79500,53,N
30976,79449,79500,51,S
30982,79487,79502,15,N
30980,79475,79502,27,S
30985,79501,79504,3,S
30989,79527,79528,1,N
30990,79527,79528,1,S
30994,79553,79554,1,S
30987,79512,79560,48,E
30986,79508,79560,52,W
30991,79531,79560,29,E
30988,79523,79560,37,W
30993,79550,79560,10,E
30992,79538,79560,22,W
30995,79553,79562,9,W
30997,79568,79568,0,W
30998,79569,79570,1,E
31000,79583,79584,1,W
31001,79588,79588,0,E
31002,79598,79598,0,W
31005,79607,79608,1,E
31006,79613,79614,1,W
30996,79567,79620,53,N
30999,79579,79620,41,S
31004,79607,79622,15,N
31003,79605,79622,17,S
31009,79631,79632,1,S
31012,79647,79648,1,N
31013,79657,79658,1,S
31007,79626,79680,54,E
31008,79628,79680,52,W
31011,79645,79680,35,E
31010,79643,79680,37,W
31015,79664,79680,16,E
31014,79658,79680,22,W
31016,79673,79682,9,W
31018,79683,79684,1,E
31020,79688,79688,0,W
31021,79702,79702,0,E
31022,79703,79704,1,W
31024,79718,79718,0,W
31025,79721,79722,1,E
31027,79733,79734,1,W
31019,79687,79740,53,N
31017,79683,79740,57,S
31026,79727,79742,15,N
31023,79709,79742,33,S
31028,79735,79744,9,S
31032,79761,79762,1,S
31034,79767,79768,1,N
31037,79787,79788,1,S
31029,79740,79800,60,E
31030,79748,79800,52,W
31031,79759,79800,41,E
31033,79763,79800,37,W
31035,79778,79800,22,E
31036,79778,79800,22,W
31039,79797,79802,5,E
31038,79793,79802,9,W
31041,79808,79808,0,W
31043,79816,79816,0,E
31044,79823,79824,1,W
31045,79835,79836,1,E
31046,79838,79838,0,W
31050,79854,79854,0,E
31049,79853,79854,1,W
31040,79807,79860,53,N
31042,79813,79860,47,S
31048,79847,79862,15,N
31047,79839,79862,23,S
31051,79865,79866,1,S
31055,79887,79888,1,N
31056,79891,79892,1,S
31061,79917,79918,1,S
31053,79873,79920,47,E
31052,79868,79920,52,W
31057,79892,79920,28,E
31054,79883,79920,37,W
31059,79911,79920,9,E
31058,79898,79920,22,W
31060,79913,79922,9,W
31063,79928,79928,0,W
31064,79930,79930,0,E
31066,79943,79944,1,W
31067,79949,79950,1,E
31068,79958,79958,0,W
31070,79968,79968,0,E
31072,79973,79974,1,W
31062,79927,79980,53,N
31065,79943,79980,37,S
31069,79967,79982,15,N
31071,79969,79982,13,S
31075,79995,79996,1,S
31078,80007,80008,1,N
31080,80021,80022,1,S
31073,79987,80040,53,E
31074,79988,80040,52,W
31077,80006,80040,34,E
31076,80003,80040,37,W
31081,80025,80040,15,E
31079,80018,80040,22,W
31082,80033,80042,9,W
31083,80044,80044,0,E
31086,80048,80048,0,W
31087,80063,80064,1,E
31088,80063,80064,1,W
31090,80078,80078,0,W
31091,80082,80082,0,E
31093,80093,80094,1,W
31084,80047,80100,53,N
31085,80047,80100,53,S
31092,80087,80102,15,N
31089,80073,80102,29,S
31094,80099,80104,5,S
31099,80125,80126,1,S
31100,80127,80128,1,N
31103,80151,80152,1,S
31095,80101,80160,59,E
31096,80108,80160,52,W
31097,80120,80160,40,E
31098,80123,80160,37,W
31102,80139,80160,21,E
31101,80138,80160,22,W
31105,80158,80162,4,E
31104,80153,80162,9,W
31107,80168,80168,0,W
31109,80177,80178,1,E
31110,80183,80184,1,W
31111,80196,80196,0,E
31112,80198,80198,0,W
31115,80213,80214,1,W
31116,80215,80216,1,E
31106,80167,80220,53,N
31108,80177,80220,43,S
31114,80207,80222,15,N
31113,80203,80222,19,S
31118,80229,80230,1,S
31121,80247,80248,1,N
31123,80255,80256,1,S
31119,80234,80280,46,E
31117,80228,80280,52,W
31122,80253,80280,27,E
31120,80243,80280,37,W
31125,80272,80280,8,E
31124,80258,80280,22,W
31126,80273,80282,9,W
31129,80288,80288,0,W
31130,80291,80292,1,E
31131,80303,80304,1,W
31133,80310,80310,0,E
31134,80318,80318,0,W
31136,80329,80330,1,E
31138,80333,80334,1,W
31128,80287,80340,53,N
31127,80281,80340,59,S
31135,80327,80342,15,N
31132,80307,80342,35,S
31137,80333,80344,11,S
31141,80359,80360,1,S
31143,80367,80368,1,N
31146,80385,80386,1,S
31139,80348,80400,52,E
31140,80348,80400,52,W
31144,80367,80400,33,E
31142,80363,80400,37,W
31147,80386,80400,14,E
31145,80378,80400,22,W
31148,80393,80402,9,W
31149,80405,80406,1,E
31151,80408,80408,0,W
31154,80424,80424,0,E
31153,80423,80424,1,W
31156,80438,80438,0,W
31157,80443,80444,1,E
31159,80453,80454,1,W
31150,80407,80460,53,N
31152,80411,80460,49,S
31158,80447,80462,15,N
31155,80437,80462,25,S
31161,80463,80464,1,S
31165,80487,80488,1,N
31166,80489,80490,1,S
31170,80515,80516,1,S
31160,80462,80520,58,E
31162,80468,80520,52,W
31163,80481,80520,39,E
31164,80483,80520,37,W
31168,80500,80520,20,E
31167,80498,80520,22,W
31171,80519,80522,3,E
31169,80513,80522,9,W
31173,80528,80528,0,W
31174,80538,80538,0,E
31176,80543,80544,1,W
31177,80557,80558,1,E
31178,80558,80558,0,W
31181,80573,80574,1,W
31182,80576,80576,0,E
31172,80527,80580,53,N
31175,80541,80580,39,S
31179,80567,80582,15,N
31180,80567,80582,15,S
31184,80593,80594,1,S
31187,80607,80608,1,N
31190,80619,80620,1,S
31185,80595,80640,45,E
31183,80588,80640,52,W
31188,80614,80640,26,E
31186,80603,80640,37,W
31191,80633,80640,7,E
31189,80618,80640,22,W
31192,80633,80642,9,W
31195,80648,80648,0,W
31196,80652,80652,0,E
31197,80663,80664,1,W
31199,80671,80672,1,E
31200,80678,80678,0,W
31202,80690,80690,0,E
31203,80693,80694,1,W
31194,80647,80700,53,N
31193,80645,80700,55,S
31201,80687,80702,15,N
31198,80671,80702,31,S
31204,80697,80704,7,S
31207,80723,80724,1,S
31209,80727,80728,1,N
31213,80749,80750,1,S
31206,80709,80760,51,E
31205,80708,80760,52,W
31210,80728,80760,32,E
31208,80723,80760,37,W
31212,80747,80760,13,E
31211,80738,80760,22,W
31214,80753,80762,9,W
31215,80766,80766,0,E
31217,80768,80768,0,W
31219,80783,80784,1,W
31220,80785,80786,1,E
31221,80798,80798,0,W
31223,80804,80804,0,E
31225,80813,80814,1,W
31216,80767,80820,53,N
31218,80775,80820,45,S
31224,80807,80822,15,N
31222,80801,80822,21,S
31227,80827,80828,1,S
31231,80847,80848,1,N
31232,80853,80854,1,S
31226,80823,80880,57,E
31228,80828,80880,52,W
31229,80842,80880,38,E
31230,80843,80880,37,W
31234,80861,80880,19,E
31233,80858,80880,22,W
31237,80880,80882,2,E
31235,80873,80882,9,W
31239,80888,80888,0,W
31240,80899,80900,1,E
31241,80903,80904,1,W
31243,80918,80918,0,E
31244,80918,80918,0,W
31247,80933,80934,1,W
31248,80937,80938,1,E
31238,80887,80940,53,N
31236,80879,80940,61,S
31245,80927,80942,15,N
31242,80905,80942,37,S
31246,80931,80944,13,S
31251,80957,80958,1,S
31253,80967,80968,1,N
31256,80983,80984,1,S
31250,80956,81000,44,E
31249,80948,81000,52,W
31254,80975,81000,25,E
31252,80963,81000,37,W
31258,80994,81000,6,E
31255,80978,81000,22,W
31257,80993,81002,9,W
31260,81008,81008,0,W
31262,81013,81014,1,E
31263,81023,81024,1,W
31264,81032,81032,0,E
31266,81038,81038,0,W
31268,81051,81052,1,E
31269,81053,81054,1,W
31259,81007,81060,53,N
31261,81009,81060,51,S
31267,81047,81062,15,N
31265,81035,81062,27,S
31270,81061,81064,3,S
31274,81087,81088,1,N
31275,81087,81088,1,S
31279,81113,81114,1,S
31272,81070,81120,50,E
31271,81068,81120,52,W
31276,81089,81120,31,E
31273,81083,81120,37,W
31278,81108,81120,12,E
31277,81098,81120,22,W
31280,81113,81122,9,W
31282,81127,81128,1,E
31283,81128,81128,0,W
31285,81143,81144,1,W
31286,81146,81146,0,E
31287,81158,81158,0,W
31289,81165,81166,1,E
31291,81173,81174,1,W
31281,81127,81180,53,N
31284,81139,81180,41,S
31290,81167,81182,15,N
31288,81165,81182,17,S
31294,81191,81192,1,S
31297,81207,81208,1,N
31298,81217,81218,1,S
31292,81184,81240,56,E
31293,81188,81240,52,W
31295,81203,81240,37,E
31296,81203,81240,37,W
31300,81222,81240,18,E
31299,81218,81240,22,W
31302,81241,81242,1,E
31301,81233,81242,9,W
31305,81248,81248,0,W
31306,81260,81260,0,E
31307,81263,81264,1,W
31309,81278,81278,0,W
31310,81279,81280,1,E
31312,81293,81294,1,W
31314,81298,81298,0,E
31304,81247,81300,53,N
31303,81243,81300,57,S
31311,81287,81302,15,N
31308,81269,81302,33,S
31313,81295,81304,9,S
31317,81321,81322,1,S
31319,81327,81328,1,N
31322,81347,81348,1,S
31316,81317,81360,43,E
31315,81308,81360,52,W
31320,81336,81360,24,E
31318,81323,81360,37,W
31324,81355,81360,5,E
31321,81338,81360,22,W
31323,81353,81362,9,W
31326,81368,81368,0,W
31328,81374,81374,0,E
31329,81383,81384,1,W
31330,81393,81394,1,E
31331,81398,81398,0,W
31334,81412,81412,0,E
31335,81413,81414,1,W
31325,81367,81420,53,N
31327,81373,81420,47,S
31333,81407,81422,15,N
31332,81399,81422,23,S
31336,81425,81426,1,S
31340,81447,81448,1,N
31342,81451,81452,1,S
31346,81477,81478,1,S
31338,81431,81480,49,E
31337,81428,81480,52,W
31341,81450,81480,30,E
31339,81443,81480,37,W
31344,81469,81480,11,E
31343,81458,81480,22,W
31345,81473,81482,9,W
31348,81488,81488,0,E
31349,81488,81488,0,W
31351,81503,81504,1,W
31352,81507,81508,1,E
31353,81518,81518,0,W
31354,81526,81526,0,E
31357,81533,81534,1,W
31347,81487,81540,53,N
31350,81503,81540,37,S
31355,81527,81542,15,N
31356,81529,81542,13,S
31360,81555,81556,1,S
31363,81567,81568,1,N
31365,81581,81582,1,S
31358,81545,81600,55,E
31359,81548,81600,52,W
31362,81564,81600,36,E
31361,81563,81600,37,W
31366,81583,81600,17,E
31364,81578,81600,22,W
31368,81602,81602,0,E
31367,81593,81602,9,W
31371,81608,81608,0,W
31372,81621,81622,1,E
31373,81623,81624,1,W
31375,81638,81638,0,W
31376,81640,81640,0,E
31378,81653,81654,1,W
31369,81607,81660,53,N
31370,81607,81660,53,S
31377,81647,81662,15,N
31374,81633,81662,29,S
31379,81659,81664,5,S
31384,81685,81686,1,S
31385,81687,81688,1,N
31388,81711,81712,1,S
31380,81659,81720,61,E
31381,81668,81720,52,W
31382,81678,81720,42,E
31383,81683,81720,37,W
31386,81697,81720,23,E
31387,81698,81720,22,W
31390,81716,81722,6,E
31389,81713,81722,9,W
31392,81728,81728,0,W
31393,81735,81736,1,E
31395,81743,81744,1,W
31396,81754,81754,0,E
31397,81758,81758,0,W
31400,81773,81774,1,E
31401,81773,81774,1,W
31391,81727,81780,53,N
31394,81737,81780,43,S
31399,81767,81782,15,N
31398,81763,81782,19,S
31403,81789,81790,1,S
31406,81807,81808,1,N
31408,81815,81816,1,S
31404,81792,81840,48,E
31402,81788,81840,52,W
31407,81811,81840,29,E
31405,81803,81840,37,W
31410,81830,81840,10,E
31409,81818,81840,22,W
31411,81833,81842,9,W
31414,81848,81848,0,W
31415,81849,81850,1,E
31416,81863,81864,1,W
31418,81868,81868,0,E
31419,81878,81878,0,W
31421,81887,81888,1,E
31423,81893,81894,1,W
31413,81847,81900,53,N
31412,81841,81900,59,S
31420,81887,81902,15,N
31417,81867,81902,35,S
31422,81893,81904,11,S
31426,81919,81920,1,S
31429,81927,81928,1,N
31432,81945,81946,1,S
31424,81906,81960,54,E
31425,81908,81960,52,W
31428,81925,81960,35,E
31427,81923,81960,37,W
31431,81944,81960,16,E
31430,81938,81960,22,W
31433,81953,81962,9,W
31434,81963,81964,1,E
31436,81968,81968,0,W
31438,81982,81982,0,E
31439,81983,81984,1,W
31441,81998,81998,0,W
31442,82001,82002,1,E
31444,82013,82014,1,W
31435,81967,82020,53,N
31437,81971,82020,49,S
31443,82007,82022,15,N
31440,81997,82022,25,S
31446,82023,82024,1,S
31450,82047,82048,1,N
31451,82049,82050,1,S
31455,82075,82076,1,S
31445,82020,82080,60,E
31447,82028,82080,52,W
31448,82039,82080,41,E
31449,82043,82080,37,W
31452,82058,82080,22,E
31453,82058,82080,22,W
31456,82077,82082,5,E
31454,82073,82082,9,W
31458,82088,82088,0,W
31459,82096,82096,0,E
31461,82103,82104,1,W
31462,82115,82116,1,E
31463,82118,82118,0,W
31467,82134,82134,0,E
31466,82133,82134,1,W
31457,82087,82140,53,N
31460,82101,82140,39,S
31464,82127,82142,15,N
31465,82127,82142,15,S
31469,82153,82154,1,S
31472,82167,82168,1,N
31475,82179,82180,1,S
31470,82153,82200,47,E
31468,82148,82200,52,W
31473,82172,82200,28,E
31471,82163,82200,37,W
31476,82191,82200,9,E
31474,82178,82200,22,W
31477,82193,82202,9,W
31480,82208,82208,0,W
31481,82210,82210,0,E
31482,82223,82224,1,W
31483,82229,82230,1,E
31485,82238,82238,0,W
31487,82248,82248,0,E
31488,82253,82254,1,W
31479,82207,82260,53,N
31478,82205,82260,55,S
31486,82247,82262,15,N
31484,82231,82262,31,S
31489,82257,82264,7,S
31492,82283,82284,1,S
31495,82287,82288,1,N
31498,82309,82310,1,S
31490,82267,82320,53,E
31491,82268,82320,52,W
31494,82286,82320,34,E
31493,82283,82320,37,W
31497,82305,82320,15,E
31496,82298,82320,22,W
31499,82313,82322,9,W
31500,82324,82324,0,E
31502,82328,82328,0,W
31504,82343,82344,1,E
31505,82343,82344,1,W
31506,82358,82358,0,W
31508,82362,82362,0,E
31510,82373,82374,1,W
31501,82327,82380,53,N
31503,82335,82380,45,S
31509,82367,82382,15,N
31507,82361,82382,21,S
31512,82387,82388,1,S
31516,82407,82408,1,N
31517,82413,82414,1,S
31511,82381,82440,59,E
31513,82388,82440,52,W
31514,82400,82440,40,E
31515,82403,82440,37,W
31519,82419,82440,21,E
31518,82418,82440,22,W
31521,82438,82442,4,E
31520,82433,82442,9,W
31524,82448,82448,0,W
31525,82457,82458,1,E
31526,82463,82464,1,W
31528,82476,82476,0,E
31529,82478,82478,0,W
31532,82493,82494,1,W
31533,82495,82496,1,E
31523,82447,82500,53,N
31522,82439,82500,61,S
31530,82487,82502,15,N
31527,82465,82502,37,S
31531,82491,82504,13,S
31536,82517,82518,1,S
31538,82527,82528,1,N
31541,82543,82544,1,S
31535,82514,82560,46,E
31534,82508,82560,52,W
31539,82533,82560,27,E
31537,82523,82560,37,W
31542,82552,82560,8,E
31540,82538,82560,22,W
31543,82553,82562,9,W
31545,82568,82568,0,W
31547,82571,82572,1,E
31548,82583,82584,1,W
31549,82590,82590,0,E
31551,82598,82598,0,W
31553,82609,82610,1,E
31554,82613,82614,1,W
31544,82567,82620,53,N
31546,82569,82620,51,S
31552,82607,82622,15,N
31550,82595,82622,27,S
31555,82621,82624,3,S
31559,82647,82648,1,N
31560,82647,82648,1,S
31564,82673,82674,1,S
31556,82628,82680,52,E
31557,82628,82680,52,W
31561,82647,82680,33,E
31558,82643,82680,37,W
31563,82666,82680,14,E
31562,82658,82680,22,W
31565,82673,82682,9,W
31566,82685,82686,1,E
31568,82688,82688,0,W
31571,82704,82704,0,E
31570,82703,82704,1,W
31572,82718,82718,0,W
31573,82723,82724,1,E
31576,82733,82734,1,W
31567,82687,82740,53,N
31569,82699,82740,41,S
31575,82727,82742,15,N
31574,82725,82742,17,S
31579,82751,82752,1,S
31582,82767,82768,1,N
31583,82777,82778,1,S
31577,82742,82800,58,E
31578,82748,82800,52,W
31580,82761,82800,39,E
31581,82763,82800,37,W
31585,82780,82800,20,E
31584,82778,82800,22,W
31587,82799,82802,3,E
31586,82793,82802,9,W
31590,82808,82808,0,W
31591,82818,82818,0,E
31592,82831,82832,1,W
31594,82846,82846,0,E
31595,82854,82854,0,W
31589,82807,82860,53,N
31588,82803,82860,57,S
31593,82842,82862,20,S
31596,82867,82868,1,N
31599,82881,82882,1,S
31597,82874,82920,46,E
31598,82877,82920,43,W
31601,82902,82920,18,E
31600,82900,82920,20,W
31603,82923,82924,1,W
31605,82930,82930,0,E
31606,82946,82946,0,W
31607,82958,82958,0,E
31609,82969,82970,1,W
31604,82927,82980,53,N
31602,82920,82980,60,S
31608,82959,82982,23,S
31611,82987,82988,1,N
31613,82998,82998,0,S
31616,83037,83038,1,S
31610,82986,83040,54,E
31612,82992,83040,48,W
31614,83014,83040,26,E
31615,83015,83040,25,W
31617,83038,83040,2,W
31618,83042,83042,0,E
31620,83061,83062,1,W
31621,83070,83070,0,E
31623,83084,83084,0,W
31624,83098,83098,0,E
31619,83047,83100,53,N
31622,83076,83100,24,S
31625,83107,83108,1,N
31627,83115,83116,1,S
31631,83154,83154,0,S
31628,83126,83160,34,E
31626,83107,83160,53,W
31632,83154,83160,6,E
31629,83130,83160,30,W
31630,83153,83160,7,W
31634,83176,83176,0,W
31635,83182,83182,0,E
31637,83199,83200,1,W
31638,83210,83210,0,E
31633,83167,83220,53,N
31636,83193,83220,27,S
31640,83227,83228,1,N
31641,83232,83232,0,S
31646,83271,83272,1,S
31642,83238,83280,42,E
31639,83222,83280,58,W
31644,83266,83280,14,E
31643,83245,83280,35,W
31645,83268,83280,12,W
31648,83291,83292,1,W
31649,83294,83294,0,E
31651,83314,83314,0,W
31652,83322,83322,0,E
31653,83337,83338,1,W
31647,83287,83340,53,N
31650,83310,83340,30,S
31654,83347,83348,1,N
31655,83349,83350,1,S
31660,83388,83388,0,S
31656,83350,83400,50,E
31657,83360,83400,40,W
31658,83378,83400,22,E
31659,83383,83400,17,W
31661,83406,83406,0,E
31662,83406,83406,0,W
31665,83429,83430,1,W
31666,83434,83434,0,E
31667,83452,83452,0,W
31663,83407,83460,53,N
31664,83427,83460,33,S
31669,83466,83466,0,S
31670,83467,83468,1,N
31674,83505,83506,1,S
31668,83462,83520,58,E
31671,83475,83520,45,W
31672,83490,83520,30,E
31673,83498,83520,22,W
31675,83518,83520,2,E
31676,83521,83522,1,W
31679,83544,83544,0,W
31680,83546,83546,0,E
31681,83567,83568,1,W
31682,83574,83574,0,E
31677,83527,83580,53,N
31678,83544,83580,36,S
31683,83583,83584,1,S
31684,83587,83588,1,N
31688,83622,83622,0,S
31686,83602,83640,38,E
31685,83590,83640,50,W
31689,83630,83640,10,E
31687,83613,83640,27,W
31690,83636,83640,4,W
31692,83658,83658,0,E
31693,83659,83660,1,W
31695,83682,83682,0,W
31696,83686,83686,0,E
31691,83647,83700,53,N
31694,83661,83700,39,S
31697,83700,83702,2,S
31699,83707,83708,1,N
31702,83739,83740,1,S
31700,83714,83760,46,E
31698,83705,83760,55,W
31703,83742,83760,18,E
31701,83728,83760,32,W
31704,83751,83760,9,W
31706,83770,83770,0,E
31707,83774,83774,0,W
31710,83798,83798,0,E
31709,83797,83798,1,W
31705,83767,83820,53,N
31708,83778,83820,42,S
31711,83817,83822,5,S
31714,83827,83828,1,N
31717,83856,83856,0,S
31713,83826,83880,54,E
31712,83820,83880,60,W
31716,83854,83880,26,E
31715,83843,83880,37,W
31718,83866,83880,14,W
31719,83882,83882,0,E
31721,83889,83890,1,W
31723,83910,83910,0,E
31724,83912,83912,0,W
31726,83935,83936,1,W
31727,83938,83938,0,E
31720,83887,83940,53,N
31722,83895,83940,45,S
31725,83934,83942,8,S
31728,83947,83948,1,N
31731,83973,83974,1,S
31730,83966,84000,34,E
31729,83958,84000,42,W
31733,83994,84000,6,E
31732,83981,84000,19,W
31734,84004,84004,0,W
31737,84022,84022,0,E
31738,84027,84028,1,W
31739,84050,84050,0,E
31740,84050,84050,0,W
31735,84007,84060,53,N
31736,84012,84060,48,S
31741,84051,84062,11,S
31742,84067,84068,1,N
31745,84090,84090,0,S
31744,84078,84120,42,E
31743,84073,84120,47,W
31747,84106,84120,14,E
31746,84096,84120,24,W
31748,84119,84120,1,W
31751,84134,84134,0,E
31752,84142,84142,0,W
31753,84162,84162,0,E
31754,84165,84166,1,W
31749,84127,84180,53,N
31750,84129,84180,51,S
31755,84168,84182,14,S
31756,84187,84188,1,N
31759,84207,84208,1,S
31758,84190,84240,50,E
31757,84188,84240,52,W
31761,84218,84240,22,E
31760,84211,84240,29,W
31762,84234,84240,6,W
31764,84246,84246,0,E
31766,84257,84258,1,W
31767,84274,84274,0,E
31768,84280,84280,0,W
31765,84247,84300,53,N
31763,84246,84300,54,S
31769,84285,84302,17,S
31772,84307,84308,1,N
31773,84324,84324,0,S
31770,84302,84360,58,E
31771,84303,84360,57,W
31775,84330,84360,30,E
31774,84326,84360,34,W
31777,84358,84360,2,E
31776,84349,84360,11,W
31780,84372,84372,0,W
31781,84386,84386,0,E
31782,84395,84396,1,W
31784,84414,84414,0,E
31785,84418,84418,0,W
31779,84367,84420,53,N
31778,84363,84420,57,S
31783,84402,84422,20,S
31786,84427,84428,1,N
31787,84441,84442,1,S
31789,84442,84480,38,E
31788,84441,84480,39,W
31791,84470,84480,10,E
31790,84464,84480,16,W
31794,84487,84488,1,W
31795,84498,84498,0,E
31796,84510,84510,0,W
31798,84526,84526,0,E
31799,84533,84534,1,W
31793,84487,84540,53,N
31792,84480,84540,60,S
31797,84519,84542,23,S
31800,84547,84548,1,N
31803,84558,84558,0,S
31806,84597,84598,1,S
31801,84554,84600,46,E
31802,84556,84600,44,W
31805,84582,84600,18,E
31804,84579,84600,21,W
31807,84602,84602,0,W
31809,84610,84610,0,E
31810,84625,84626,1,W
31812,84638,84638,0,E
31813,84648,84648,0,W
31808,84607,84660,53,N
31811,84636,84660,24,S
31815,84667,84668,1,N
31817,84675,84676,1,S
31820,84714,84714,0,S
31814,84666,84720,54,E
31816,84671,84720,49,W
31818,84694,84720,26,E
31819,84694,84720,26,W
31821,84717,84720,3,W
31822,84722,84722,0,E
31824,84740,84740,0,W
31825,84750,84750,0,E
31827,84763,84764,1,W
31828,84778,84778,0,E
31823,84727,84780,53,N
31826,84753,84780,27,S
31830,84787,84788,1,N
31831,84792,84792,0,S
31834,84831,84832,1,S
31832,84806,84840,34,E
31829,84786,84840,54,W
31836,84834,84840,6,E
31833,84809,84840,31,W
31835,84832,84840,8,W
31838,84855,84856,1,W
31839,84862,84862,0,E
31841,84878,84878,0,W
31842,84890,84890,0,E
31837,84847,84900,53,N
31840,84870,84900,30,S
31844,84907,84908,1,N
31845,84909,84910,1,S
31850,84948,84948,0,S
31846,84918,84960,42,E
31843,84901,84960,59,W
31848,84946,84960,14,E
31847,84924,84960,36,W
31849,84947,84960,13,W
31852,84970,84970,0,W
31853,84974,84974,0,E
31855,84993,84994,1,W
31856,85002,85002,0,E
31857,85016,85016,0,W
31851,84967,85020,53,N
31854,84987,85020,33,S
31858,85026,85026,0,S
31859,85027,85028,1,N
31864,85065,85066,1,S
31860,85030,85080,50,E
31861,85039,85080,41,W
31862,85058,85080,22,E
31863,85062,85080,18,W
31866,85086,85086,0,E
31865,85085,85086,1,W
31869,85108,85108,0,W
31870,85114,85114,0,E
31871,85131,85132,1,W
31867,85087,85140,53,N
31868,85104,85140,36,S
31873,85143,85144,1,S
31874,85147,85148,1,N
31878,85182,85182,0,S
31872,85142,85200,58,E
31875,85154,85200,46,W
31876,85170,85200,30,E
31877,85177,85200,23,W
31879,85198,85200,2,E
31880,85200,85200,0,W
31883,85223,85224,1,W
31884,85226,85226,0,E
31885,85246,85246,0,W
31886,85254,85254,0,E
31881,85207,85260,53,N
31882,85221,85260,39,S
31887,85260,85262,2,S
31888,85267,85268,1,N
31892,85299,85300,1,S
31890,85282,85320,38,E
31889,85269,85320,51,W
31893,85310,85320,10,E
31891,85292,85320,28,W
31894,85315,85320,5,W
31897,85338,85338,0,E
31898,85338,85338,0,W
31899,85361,85362,1,W
31900,85366,85366,0,E
31895,85327,85380,53,N
31896,85338,85380,42,S
31901,85377,85382,5,S
31903,85387,85388,1,N
31906,85416,85416,0,S
31904,85394,85440,46,E
31902,85384,85440,56,W
31907,85422,85440,18,E
31905,85407,85440,33,W
31908,85430,85440,10,W
31910,85450,85450,0,E
31911,85453,85454,1,W
31913,85476,85476,0,W
31914,85478,85478,0,E
31909,85447,85500,53,N
31912,85455,85500,45,S
31915,85494,85502,8,S
31918,85507,85508,1,N
31920,85533,85534,1,S
31917,85506,85560,54,E
31916,85499,85560,61,W
31921,85534,85560,26,E
31919,85522,85560,38,W
31922,85545,85560,15,W
31923,85562,85562,0,E
31925,85568,85568,0,W
31927,85590,85590,0,E
31928,85591,85592,1,W
31930,85614,85614,0,W
31931,85618,85618,0,E
31924,85567,85620,53,N
31926,85572,85620,48,S
31929,85611,85622,11,S
31932,85627,85628,1,N
31935,85650,85650,0,S
31934,85646,85680,34,E
31933,85637,85680,43,W
31937,85674,85680,6,E
31936,85660,85680,20,W
31938,85683,85684,1,W
31941,85702,85702,0,E
31942,85706,85706,0,W
31945,85730,85730,0,E
31944,85729,85730,1,W
31939,85687,85740,53,N
31940,85689,85740,51,S
31943,85728,85742,14,S
31946,85747,85748,1,N
31949,85767,85768,1,S
31948,85758,85800,42,E
31947,85752,85800,48,W
31951,85786,85800,14,E
31950,85775,85800,25,W
31952,85798,85800,2,W
31955,85814,85814,0,E
31956,85821,85822,1,W
31957,85842,85842,0,E
31958,85844,85844,0,W
31954,85807,85860,53,N
31953,85806,85860,54,S
31959,85845,85862,17,S
31960,85867,85868,1,N
31963,85884,85884,0,S
31962,85870,85920,50,E
31961,85867,85920,53,W
31965,85898,85920,22,E
31964,85890,85920,30,W
31966,85913,85920,7,W
31968,85926,85926,0,E
31970,85936,85936,0,W
31971,85954,85954,0,E
31972,85959,85960,1,W
31969,85927,85980,53,N
31967,85923,85980,57,S
31973,85962,85982,20,S
31976,85987,85988,1,N
31977,86001,86002,1,S
31974,85982,86040,58,E
31975,85982,86040,58,W
31979,86010,86040,30,E
31978,86005,86040,35,W
31981,86038,86040,2,E
31980,86028,86040,12,W
31984,86051,86052,1,W
31985,86066,86066,0,E
31986,86074,86074,0,W
31988,86094,86094,0,E
31989,86097,86098,1,W
31983,86047,86100,53,N
31982,86040,86100,60,S
31987,86079,86102,23,S
31990,86107,86108,1,N
31991,86118,86118,0,S
31996,86157,86158,1,S
31993,86122,86160,38,E
31992,86120,86160,40,W
31995,86150,86160,10,E
31994,86143,86160,17,W
31997,86166,86166,0,W
31999,86178,86178,0,E
32000,86189,86190,1,W
32002,86206,86206,0,E
32003,86212,86212,0,W
31998,86167,86220,53,N
32001,86196,86220,24,S
32004,86227,86228,1,N
32006,86235,86236,1,S
32010,86274,86274,0,S
32005,86234,86280,46,E
32007,86235,86280,45,W
32009,86262,86280,18,E
32008,86258,86280,22,W
32011,86281,86282,1,W
32013,86290,86290,0,E
32014,86304,86304,0,W
32016,86318,86318,0,E
32017,86327,86328,1,W
32012,86287,86340,53,N
32015,86313,86340,27,S
32019,86347,86348,1,N
32021,86352,86352,0,S
32024,86391,86392,1,S
